x	xu	dxu	xd	dxd
2.500000E-03	8.957845E-04	1.200839E-04	-7.152479E-04	9.646548E-05
7.500000E-03	4.630108E-03	3.599760E-04	-3.258581E-03	2.558557E-04
1.250000E-02	9.684352E-03	5.317920E-04	-6.318516E-03	3.514544E-04
1.750000E-02	1.555154E-02	6.464408E-04	-9.625395E-03	4.062286E-04
2.250000E-02	2.198389E-02	7.181554E-04	-1.309576E-02	4.349689E-04
2.750000E-02	2.882867E-02	7.584401E-04	-1.669733E-02	4.466563E-04
3.250000E-02	3.598295E-02	7.763828E-04	-2.041670E-02	4.470073E-04
3.750000E-02	4.337165E-02	7.791885E-04	-2.424718E-02	4.398254E-04
4.250000E-02	5.093824E-02	7.726824E-04	-2.818321E-02	4.277466E-04
4.750000E-02	5.863350E-02	7.615540E-04	-3.221392E-02	4.126307E-04
5.250000E-02	6.642243E-02	7.497081E-04	-3.633383E-02	3.959906E-04
5.750000E-02	7.426850E-02	7.401634E-04	-4.052698E-02	3.789350E-04
6.250000E-02	8.214735E-02	7.352530E-04	-4.478557E-02	3.624751E-04
6.750000E-02	9.002760E-02	7.364258E-04	-4.908744E-02	3.473512E-04
7.250000E-02	9.789142E-02	7.444647E-04	-5.342479E-02	3.342937E-04
7.750000E-02	1.057145E-01	7.593926E-04	-5.777520E-02	3.237933E-04
8.250000E-02	1.134743E-01	7.807011E-04	-6.211957E-02	3.162256E-04
8.750000E-02	1.211580E-01	8.075806E-04	-6.644953E-02	3.118556E-04
9.250000E-02	1.287433E-01	8.389750E-04	-7.073841E-02	3.106860E-04
9.750000E-02	1.362137E-01	8.738277E-04	-7.497127E-02	3.126236E-04
1.025000E-01	1.435522E-01	9.111387E-04	-7.913024E-02	3.174346E-04
1.075000E-01	1.507525E-01	9.500854E-04	-8.321263E-02	3.248613E-04
1.125000E-01	1.577859E-01	9.898371E-04	-8.717973E-02	3.344634E-04
1.175000E-01	1.646461E-01	1.029834E-03	-9.102979E-02	3.459433E-04
1.225000E-01	1.713203E-01	1.069596E-03	-9.474810E-02	3.589725E-04
1.275000E-01	1.777994E-01	1.108767E-03	-9.832155E-02	3.732632E-04
1.325000E-01	1.840787E-01	1.147108E-03	-1.017512E-01	3.886193E-04
1.375000E-01	1.901390E-01	1.184355E-03	-1.050219E-01	4.048196E-04
1.425000E-01	1.959624E-01	1.220306E-03	-1.081031E-01	4.216116E-04
1.475000E-01	2.015505E-01	1.254926E-03	-1.110046E-01	4.389225E-04
1.525000E-01	2.068923E-01	1.288130E-03	-1.137167E-01	4.566189E-04
1.575000E-01	2.119808E-01	1.319877E-03	-1.162328E-01	4.745915E-04
1.625000E-01	2.168103E-01	1.350154E-03	-1.185501E-01	4.927497E-04
1.675000E-01	2.213736E-01	1.378945E-03	-1.206623E-01	5.109923E-04
1.725000E-01	2.256671E-01	1.406261E-03	-1.225686E-01	5.292384E-04
1.775000E-01	2.296856E-01	1.432105E-03	-1.242665E-01	5.473989E-04
1.825000E-01	2.334266E-01	1.456497E-03	-1.257564E-01	5.653943E-04
1.875000E-01	2.368871E-01	1.479448E-03	-1.270382E-01	5.831402E-04
1.925000E-01	2.400628E-01	1.500961E-03	-1.281103E-01	6.005427E-04
1.975000E-01	2.429550E-01	1.521066E-03	-1.289776E-01	6.175360E-04
2.025000E-01	2.455613E-01	1.539769E-03	-1.296405E-01	6.340333E-04
2.075000E-01	2.478828E-01	1.557092E-03	-1.301032E-01	6.499661E-04
2.125000E-01	2.499201E-01	1.573053E-03	-1.303700E-01	6.652686E-04
2.175000E-01	2.516722E-01	1.587656E-03	-1.304429E-01	6.798653E-04
2.225000E-01	2.531444E-01	1.600943E-03	-1.303294E-01	6.937134E-04
2.275000E-01	2.543378E-01	1.612932E-03	-1.300345E-01	7.067605E-04
2.325000E-01	2.552530E-01	1.623637E-03	-1.295617E-01	7.189518E-04
2.375000E-01	2.558977E-01	1.633118E-03	-1.289200E-01	7.302688E-04
2.425000E-01	2.562742E-01	1.641405E-03	-1.281154E-01	7.406820E-04
2.475000E-01	2.563849E-01	1.648534E-03	-1.271526E-01	7.501602E-04
2.525000E-01	2.562378E-01	1.654576E-03	-1.260403E-01	7.587025E-04
2.575000E-01	2.558377E-01	1.659593E-03	-1.247867E-01	7.663121E-04
2.625000E-01	2.551902E-01	1.663653E-03	-1.233975E-01	7.729817E-04
2.675000E-01	2.542987E-01	1.666816E-03	-1.218798E-01	7.787213E-04
2.725000E-01	2.531748E-01	1.669204E-03	-1.202439E-01	7.835645E-04
2.775000E-01	2.518235E-01	1.670898E-03	-1.184961E-01	7.875260E-04
2.825000E-01	2.502492E-01	1.671979E-03	-1.166426E-01	7.906251E-04
2.875000E-01	2.484623E-01	1.672576E-03	-1.146923E-01	7.929023E-04
2.925000E-01	2.464711E-01	1.672803E-03	-1.126545E-01	7.944051E-04
2.975000E-01	2.442830E-01	1.672774E-03	-1.105345E-01	7.951577E-04
3.025000E-01	2.419023E-01	1.672579E-03	-1.083399E-01	7.952023E-04
3.075000E-01	2.393416E-01	1.672364E-03	-1.060789E-01	7.945864E-04
3.125000E-01	2.366092E-01	1.672246E-03	-1.037601E-01	7.933653E-04
3.175000E-01	2.337131E-01	1.672333E-03	-1.013882E-01	7.915639E-04
3.225000E-01	2.306588E-01	1.672711E-03	-9.897092E-02	7.892298E-04
3.275000E-01	2.274576E-01	1.673497E-03	-9.651524E-02	7.864062E-04
3.325000E-01	2.241198E-01	1.674793E-03	-9.402876E-02	7.831408E-04
3.375000E-01	2.206529E-01	1.676670E-03	-9.151707E-02	7.794641E-04
3.425000E-01	2.170642E-01	1.679181E-03	-8.898484E-02	7.753971E-04
3.475000E-01	2.133613E-01	1.682369E-03	-8.644015E-02	7.709889E-04
3.525000E-01	2.095565E-01	1.686299E-03	-8.388731E-02	7.662543E-04
3.575000E-01	2.056582E-01	1.690989E-03	-8.133399E-02	7.612371E-04
3.625000E-01	2.016734E-01	1.696430E-03	-7.878199E-02	7.559254E-04
3.675000E-01	1.976095E-01	1.702597E-03	-7.623829E-02	7.503535E-04
3.725000E-01	1.934754E-01	1.709463E-03	-7.370813E-02	7.445395E-04
3.775000E-01	1.892816E-01	1.717001E-03	-7.119470E-02	7.384795E-04
3.825000E-01	1.850361E-01	1.725149E-03	-6.870419E-02	7.321998E-04
3.875000E-01	1.807446E-01	1.733811E-03	-6.623692E-02	7.256648E-04
3.925000E-01	1.764147E-01	1.742893E-03	-6.379903E-02	7.188999E-04
3.975000E-01	1.720543E-01	1.752298E-03	-6.139466E-02	7.119110E-04
4.025000E-01	1.676721E-01	1.761929E-03	-5.902479E-02	7.046689E-04
4.075000E-01	1.632764E-01	1.771680E-03	-5.669480E-02	6.971968E-04
4.125000E-01	1.588719E-01	1.781406E-03	-5.440462E-02	6.894540E-04
4.175000E-01	1.544649E-01	1.790971E-03	-5.215732E-02	6.814396E-04
4.225000E-01	1.500631E-01	1.800260E-03	-4.995805E-02	6.731847E-04
4.275000E-01	1.456722E-01	1.809134E-03	-4.780564E-02	6.646402E-04
4.325000E-01	1.412998E-01	1.817483E-03	-4.570280E-02	6.558116E-04
4.375000E-01	1.369523E-01	1.825192E-03	-4.365203E-02	6.467066E-04
4.425000E-01	1.326319E-01	1.832090E-03	-4.165160E-02	6.372747E-04
4.475000E-01	1.283454E-01	1.838079E-03	-3.970517E-02	6.275487E-04
4.525000E-01	1.240989E-01	1.843060E-03	-3.781515E-02	6.175510E-04
4.575000E-01	1.198955E-01	1.846904E-03	-3.597913E-02	6.072311E-04
4.625000E-01	1.157418E-01	1.849540E-03	-3.419895E-02	5.966102E-04
4.675000E-01	1.116428E-01	1.850895E-03	-3.247566E-02	5.857037E-04
4.725000E-01	1.075988E-01	1.850821E-03	-3.080702E-02	5.744718E-04
4.775000E-01	1.036154E-01	1.849276E-03	-2.919509E-02	5.629570E-04
4.825000E-01	9.969797E-02	1.846231E-03	-2.764159E-02	5.512045E-04
4.875000E-01	9.584704E-02	1.841578E-03	-2.614360E-02	5.391738E-04
4.925000E-01	9.206689E-02	1.835295E-03	-2.470109E-02	5.268831E-04
4.975000E-01	8.836230E-02	1.827388E-03	-2.331465E-02	5.143700E-04
5.025000E-01	8.473259E-02	1.817765E-03	-2.198227E-02	5.016196E-04
5.075000E-01	8.117972E-02	1.806400E-03	-2.070338E-02	4.886513E-04
5.125000E-01	7.770859E-02	1.793346E-03	-1.947890E-02	4.755243E-04
5.175000E-01	7.432090E-02	1.778602E-03	-1.830788E-02	4.622601E-04
5.225000E-01	7.101552E-02	1.762115E-03	-1.718753E-02	4.488352E-04
5.275000E-01	6.779558E-02	1.743943E-03	-1.611773E-02	4.352944E-04
5.325000E-01	6.466356E-02	1.724146E-03	-1.509833E-02	4.216875E-04
5.375000E-01	6.161678E-02	1.702663E-03	-1.412911E-02	4.080688E-04
5.425000E-01	5.865664E-02	1.679548E-03	-1.320640E-02	3.943945E-04
5.475000E-01	5.578617E-02	1.654917E-03	-1.232605E-02	3.805982E-04
5.525000E-01	5.300553E-02	1.628821E-03	-1.149031E-02	3.668070E-04
5.575000E-01	5.031296E-02	1.601262E-03	-1.070111E-02	3.531535E-04
5.625000E-01	4.770929E-02	1.572332E-03	-9.953369E-03	3.395449E-04
5.675000E-01	4.519439E-02	1.542102E-03	-9.246237E-03	3.260225E-04
5.725000E-01	4.276772E-02	1.510641E-03	-8.578462E-03	3.126152E-04
5.775000E-01	4.042888E-02	1.478032E-03	-7.948731E-03	2.993496E-04
5.825000E-01	3.817708E-02	1.444353E-03	-7.355546E-03	2.862451E-04
5.875000E-01	3.601146E-02	1.409688E-03	-6.797579E-03	2.733267E-04
5.925000E-01	3.393104E-02	1.374124E-03	-6.273403E-03	2.606143E-04
5.975000E-01	3.193473E-02	1.337751E-03	-5.781612E-03	2.481273E-04
6.025000E-01	3.002130E-02	1.300659E-03	-5.320880E-03	2.358870E-04
6.075000E-01	2.818933E-02	1.262938E-03	-4.889771E-03	2.239079E-04
6.125000E-01	2.643745E-02	1.224682E-03	-4.486991E-03	2.122085E-04
6.175000E-01	2.476438E-02	1.185997E-03	-4.111260E-03	2.008062E-04
6.225000E-01	2.316832E-02	1.146969E-03	-3.761199E-03	1.897111E-04
6.275000E-01	2.164755E-02	1.107689E-03	-3.435580E-03	1.789377E-04
6.325000E-01	2.020028E-02	1.068249E-03	-3.133128E-03	1.684956E-04
6.375000E-01	1.882473E-02	1.028743E-03	-2.852603E-03	1.583928E-04
6.425000E-01	1.751904E-02	9.892634E-04	-2.592876E-03	1.486404E-04
6.475000E-01	1.628121E-02	9.498932E-04	-2.352761E-03	1.392431E-04
6.525000E-01	1.510931E-02	9.107214E-04	-2.131122E-03	1.302049E-04
6.575000E-01	1.400138E-02	8.718350E-04	-1.926914E-03	1.215314E-04
6.625000E-01	1.295525E-02	8.333072E-04	-1.739053E-03	1.132229E-04
6.675000E-01	1.196890E-02	7.952179E-04	-1.566533E-03	1.052800E-04
6.725000E-01	1.104033E-02	7.576463E-04	-1.408406E-03	9.770401E-05
6.775000E-01	1.016729E-02	7.206539E-04	-1.263712E-03	9.049139E-05
6.825000E-01	9.347747E-03	6.843102E-04	-1.131559E-03	8.363926E-05
6.875000E-01	8.579665E-03	6.486833E-04	-1.011104E-03	7.714460E-05
6.925000E-01	7.860829E-03	6.138226E-04	-9.015134E-04	7.100109E-05
6.975000E-01	7.189208E-03	5.797859E-04	-8.020049E-04	6.520230E-05
7.025000E-01	6.562803E-03	5.466285E-04	-7.118534E-04	5.974248E-05
7.075000E-01	5.979477E-03	5.143882E-04	-6.303454E-04	5.461298E-05
7.125000E-01	5.437236E-03	4.831078E-04	-5.568004E-04	4.980389E-05
7.175000E-01	4.934121E-03	4.528262E-04	-4.906125E-04	4.530799E-05
7.225000E-01	4.468130E-03	4.235710E-04	-4.311757E-04	4.111437E-05
7.275000E-01	4.037344E-03	3.953690E-04	-3.779113E-04	3.721069E-05
7.325000E-01	3.639892E-03	3.682433E-04	-3.303270E-04	3.358926E-05
7.375000E-01	3.273961E-03	3.422139E-04	-2.879054E-04	3.023640E-05
7.425000E-01	2.937705E-03	3.172886E-04	-2.501780E-04	2.713962E-05
7.475000E-01	2.629388E-03	2.934764E-04	-2.167451E-04	2.429040E-05
7.525000E-01	2.347377E-03	2.707881E-04	-1.871754E-04	2.167340E-05
7.575000E-01	2.089957E-03	2.492154E-04	-1.611060E-04	1.927751E-05
7.625000E-01	1.855554E-03	2.287555E-04	-1.381978E-04	1.709135E-05
7.675000E-01	1.642678E-03	2.094052E-04	-1.181243E-04	1.510191E-05
7.725000E-01	1.449820E-03	1.911481E-04	-1.005965E-04	1.329786E-05
7.775000E-01	1.275557E-03	1.739676E-04	-8.533279E-05	1.166589E-05
7.825000E-01	1.118552E-03	1.578476E-04	-7.210638E-05	1.019725E-05
7.875000E-01	9.775220E-04	1.427678E-04	-6.066966E-05	8.877733E-06
7.925000E-01	8.511923E-04	1.286981E-04	-5.082207E-05	7.697084E-06
7.975000E-01	7.384002E-04	1.156126E-04	-4.238703E-05	6.646337E-06
8.025000E-01	6.380369E-04	1.034825E-04	-3.517790E-05	5.712650E-06
8.075000E-01	5.490286E-04	9.227291E-05	-2.904775E-05	4.887110E-06
8.125000E-01	4.704542E-04	8.196289E-05	-2.386950E-05	4.162180E-06
8.175000E-01	4.012834E-04	7.250154E-05	-1.951648E-05	3.528544E-06
8.225000E-01	3.405062E-04	6.382734E-05	-1.584308E-05	2.971274E-06
8.275000E-01	2.875382E-04	5.594581E-05	-1.279352E-05	2.490061E-06
8.325000E-01	2.415041E-04	4.879867E-05	-1.026455E-05	2.074436E-06
8.375000E-01	2.016867E-04	4.234588E-05	-8.180288E-06	1.717556E-06
8.425000E-01	1.674186E-04	3.654654E-05	-6.473096E-06	1.412854E-06
8.475000E-01	1.380827E-04	3.135957E-05	-5.083774E-06	1.154240E-06
8.525000E-01	1.131094E-04	2.674364E-05	-3.960982E-06	9.361443E-07
8.575000E-01	9.197607E-05	2.265771E-05	-3.060031E-06	7.534006E-07
8.625000E-01	7.420719E-05	1.906176E-05	-2.342744E-06	6.013731E-07
8.675000E-01	5.937216E-05	1.591709E-05	-1.776526E-06	4.758822E-07
8.725000E-01	4.707424E-05	1.318411E-05	-1.333295E-06	3.730678E-07
8.775000E-01	3.696154E-05	1.082595E-05	-9.897288E-07	2.895840E-07
8.825000E-01	2.871689E-05	8.806588E-06	-7.260451E-07	2.223956E-07
8.875000E-01	2.205696E-05	7.091291E-06	-5.258824E-07	1.688544E-07
8.925000E-01	1.673128E-05	5.647154E-06	-3.756664E-07	1.266193E-07
8.975000E-01	1.251934E-05	4.443026E-06	-2.644046E-07	9.369529E-08
9.025000E-01	9.227933E-06	3.449438E-06	-1.830843E-07	6.832853E-08
9.075000E-01	6.690088E-06	2.639114E-06	-1.245524E-07	4.905038E-08
9.125000E-01	4.761485E-06	1.986492E-06	-8.307932E-08	3.459864E-08
9.175000E-01	3.319929E-06	1.468404E-06	-5.424303E-08	2.394643E-08
9.225000E-01	2.261821E-06	1.063510E-06	-3.457359E-08	1.622436E-08
9.275000E-01	1.501109E-06	7.527061E-07	-2.145408E-08	1.073552E-08
9.325000E-01	9.668238E-07	5.188716E-07	-1.291140E-08	6.914276E-09
9.375000E-01	6.015943E-07	3.470072E-07	-7.508631E-09	4.321332E-09
9.425000E-01	3.595383E-07	2.239980E-07	-4.195405E-09	2.607693E-09
9.475000E-01	2.048973E-07	1.386910E-07	-2.236325E-09	1.510053E-09
9.525000E-01	1.102946E-07	8.168833E-08	-1.127779E-09	8.331768E-10
9.575000E-01	5.535587E-08	4.525400E-08	-5.315087E-10	4.333840E-10
9.625000E-01	2.546521E-08	2.323318E-08	-2.302791E-10	2.095303E-10
9.675000E-01	1.046688E-08	1.081053E-08	-8.935284E-11	9.203027E-11
9.725000E-01	3.705073E-09	4.416164E-09	-3.006621E-11	3.573392E-11
9.775000E-01	1.063279E-09	1.502942E-09	-8.256208E-12	1.163565E-11
9.825000E-01	2.210956E-10	3.863062E-10	-1.641968E-12	2.860185E-12
9.875000E-01	2.702413E-11	6.263628E-11	-1.947002E-13	4.498690E-13
9.925000E-01	1.140445E-12	4.061186E-12	-8.093258E-15	2.872989E-14
9.975000E-01	3.895018E-15	3.536991E-14	-4.994815E-17	4.522387E-16
