x	xu	dxu	xd	dxd
2.500000E-03	8.957845E-04	1.441642E-04	-7.152479E-04	1.153420E-04
7.500000E-03	4.630108E-03	4.496436E-04	-3.258581E-03	3.175001E-04
1.250000E-02	9.684352E-03	6.793616E-04	-6.318516E-03	4.451263E-04
1.750000E-02	1.555154E-02	8.400069E-04	-9.625395E-03	5.224301E-04
2.250000E-02	2.198389E-02	9.463101E-04	-1.309576E-02	5.665573E-04
2.750000E-02	2.882867E-02	1.011029E-03	-1.669733E-02	5.883051E-04
3.250000E-02	3.598295E-02	1.044558E-03	-2.041670E-02	5.947220E-04
3.750000E-02	4.337165E-02	1.055267E-03	-2.424718E-02	5.906003E-04
4.250000E-02	5.093824E-02	1.049996E-03	-2.818321E-02	5.793318E-04
4.750000E-02	5.863350E-02	1.034310E-03	-3.221392E-02	5.633595E-04
5.250000E-02	6.642243E-02	1.012967E-03	-3.633383E-02	5.447213E-04
5.750000E-02	7.426850E-02	9.898361E-04	-4.052698E-02	5.249478E-04
6.250000E-02	8.214735E-02	9.682304E-04	-4.478557E-02	5.054684E-04
6.750000E-02	9.002760E-02	9.506775E-04	-4.908744E-02	4.873586E-04
7.250000E-02	9.789142E-02	9.391720E-04	-5.342479E-02	4.716933E-04
7.750000E-02	1.057145E-01	9.349252E-04	-5.777520E-02	4.592149E-04
8.250000E-02	1.134743E-01	9.384835E-04	-6.211957E-02	4.504987E-04
8.750000E-02	1.211580E-01	9.498442E-04	-6.644953E-02	4.459512E-04
9.250000E-02	1.287433E-01	9.684240E-04	-7.073841E-02	4.455896E-04
9.750000E-02	1.362137E-01	9.933367E-04	-7.497127E-02	4.492747E-04
1.025000E-01	1.435522E-01	1.023504E-03	-7.913024E-02	4.566477E-04
1.075000E-01	1.507525E-01	1.057868E-03	-8.321263E-02	4.672998E-04
1.125000E-01	1.577859E-01	1.095255E-03	-8.717973E-02	4.805482E-04
1.175000E-01	1.646461E-01	1.134752E-03	-9.102979E-02	4.959079E-04
1.225000E-01	1.713203E-01	1.175525E-03	-9.474810E-02	5.128483E-04
1.275000E-01	1.777994E-01	1.216904E-03	-9.832155E-02	5.308994E-04
1.325000E-01	1.840787E-01	1.258370E-03	-1.017512E-01	5.497300E-04
1.375000E-01	1.901390E-01	1.299421E-03	-1.050219E-01	5.689832E-04
1.425000E-01	1.959624E-01	1.339657E-03	-1.081031E-01	5.882743E-04
1.475000E-01	2.015505E-01	1.378891E-03	-1.110046E-01	6.074867E-04
1.525000E-01	2.068923E-01	1.416909E-03	-1.137167E-01	6.264350E-04
1.575000E-01	2.119808E-01	1.453575E-03	-1.162328E-01	6.449831E-04
1.625000E-01	2.168103E-01	1.488797E-03	-1.185501E-01	6.630351E-04
1.675000E-01	2.213736E-01	1.522497E-03	-1.206623E-01	6.804939E-04
1.725000E-01	2.256671E-01	1.554641E-03	-1.225686E-01	6.973006E-04
1.775000E-01	2.296856E-01	1.585191E-03	-1.242665E-01	7.133931E-04
1.825000E-01	2.334266E-01	1.614135E-03	-1.257564E-01	7.287281E-04
1.875000E-01	2.368871E-01	1.641455E-03	-1.270382E-01	7.432587E-04
1.925000E-01	2.400628E-01	1.667123E-03	-1.281103E-01	7.569276E-04
1.975000E-01	2.429550E-01	1.691144E-03	-1.289776E-01	7.697121E-04
2.025000E-01	2.455613E-01	1.713493E-03	-1.296405E-01	7.815610E-04
2.075000E-01	2.478828E-01	1.734160E-03	-1.301032E-01	7.924423E-04
2.125000E-01	2.499201E-01	1.753124E-03	-1.303700E-01	8.023228E-04
2.175000E-01	2.516722E-01	1.770349E-03	-1.304429E-01	8.111529E-04
2.225000E-01	2.531444E-01	1.785836E-03	-1.303294E-01	8.189176E-04
2.275000E-01	2.543378E-01	1.799551E-03	-1.300345E-01	8.255849E-04
2.325000E-01	2.552530E-01	1.811454E-03	-1.295617E-01	8.311158E-04
2.375000E-01	2.558977E-01	1.821553E-03	-1.289200E-01	8.355092E-04
2.425000E-01	2.562742E-01	1.829817E-03	-1.281154E-01	8.387472E-04
2.475000E-01	2.563849E-01	1.836218E-03	-1.271526E-01	8.408074E-04
2.525000E-01	2.562378E-01	1.840768E-03	-1.260403E-01	8.416993E-04
2.575000E-01	2.558377E-01	1.843463E-03	-1.247867E-01	8.414346E-04
2.625000E-01	2.551902E-01	1.844308E-03	-1.233975E-01	8.400128E-04
2.675000E-01	2.542987E-01	1.843300E-03	-1.218798E-01	8.374523E-04
2.725000E-01	2.531748E-01	1.840504E-03	-1.202439E-01	8.337972E-04
2.775000E-01	2.518235E-01	1.835944E-03	-1.184961E-01	8.290720E-04
2.825000E-01	2.502492E-01	1.829648E-03	-1.166426E-01	8.233082E-04
2.875000E-01	2.484623E-01	1.821703E-03	-1.146923E-01	8.165616E-04
2.925000E-01	2.464711E-01	1.812187E-03	-1.126545E-01	8.088974E-04
2.975000E-01	2.442830E-01	1.801185E-03	-1.105345E-01	8.003597E-04
3.025000E-01	2.419023E-01	1.788768E-03	-1.083399E-01	7.910143E-04
3.075000E-01	2.393416E-01	1.775082E-03	-1.060789E-01	7.809357E-04
3.125000E-01	2.366092E-01	1.760250E-03	-1.037601E-01	7.702089E-04
3.175000E-01	2.337131E-01	1.744405E-03	-1.013882E-01	7.588925E-04
3.225000E-01	2.306588E-01	1.727670E-03	-9.897092E-02	7.470709E-04
3.275000E-01	2.274576E-01	1.710218E-03	-9.651524E-02	7.348266E-04
3.325000E-01	2.241198E-01	1.692227E-03	-9.402876E-02	7.222490E-04
3.375000E-01	2.206529E-01	1.673857E-03	-9.151707E-02	7.094137E-04
3.425000E-01	2.170642E-01	1.655272E-03	-8.898484E-02	6.963893E-04
3.475000E-01	2.133613E-01	1.636638E-03	-8.644015E-02	6.832707E-04
3.525000E-01	2.095565E-01	1.618164E-03	-8.388731E-02	6.701226E-04
3.575000E-01	2.056582E-01	1.600022E-03	-8.133399E-02	6.570341E-04
3.625000E-01	2.016734E-01	1.582372E-03	-7.878199E-02	6.440448E-04
3.675000E-01	1.976095E-01	1.565367E-03	-7.623829E-02	6.312323E-04
3.725000E-01	1.934754E-01	1.549164E-03	-7.370813E-02	6.186565E-04
3.775000E-01	1.892816E-01	1.533921E-03	-7.119470E-02	6.063549E-04
3.825000E-01	1.850361E-01	1.519762E-03	-6.870419E-02	5.943856E-04
3.875000E-01	1.807446E-01	1.506772E-03	-6.623692E-02	5.827503E-04
3.925000E-01	1.764147E-01	1.495034E-03	-6.379903E-02	5.714948E-04
3.975000E-01	1.720543E-01	1.484609E-03	-6.139466E-02	5.606419E-04
4.025000E-01	1.676721E-01	1.475545E-03	-5.902479E-02	5.501800E-04
4.075000E-01	1.632764E-01	1.467865E-03	-5.669480E-02	5.401320E-04
4.125000E-01	1.588719E-01	1.461533E-03	-5.440462E-02	5.304638E-04
4.175000E-01	1.544649E-01	1.456506E-03	-5.215732E-02	5.211661E-04
4.225000E-01	1.500631E-01	1.452730E-03	-4.995805E-02	5.122473E-04
4.275000E-01	1.456722E-01	1.450117E-03	-4.780564E-02	5.036488E-04
4.325000E-01	1.412998E-01	1.448576E-03	-4.570280E-02	4.953488E-04
4.375000E-01	1.369523E-01	1.447994E-03	-4.365203E-02	4.873224E-04
4.425000E-01	1.326319E-01	1.448198E-03	-4.165160E-02	4.794976E-04
4.475000E-01	1.283454E-01	1.449056E-03	-3.970517E-02	4.718622E-04
4.525000E-01	1.240989E-01	1.450425E-03	-3.781515E-02	4.643942E-04
4.575000E-01	1.198955E-01	1.452125E-03	-3.597913E-02	4.570154E-04
4.625000E-01	1.157418E-01	1.454014E-03	-3.419895E-02	4.497015E-04
4.675000E-01	1.116428E-01	1.455944E-03	-3.247566E-02	4.424236E-04
4.725000E-01	1.075988E-01	1.457703E-03	-3.080702E-02	4.351121E-04
4.775000E-01	1.036154E-01	1.459161E-03	-2.919509E-02	4.277607E-04
4.825000E-01	9.969797E-02	1.460196E-03	-2.764159E-02	4.203673E-04
4.875000E-01	9.584704E-02	1.460626E-03	-2.614360E-02	4.128664E-04
4.925000E-01	9.206689E-02	1.460338E-03	-2.470109E-02	4.052394E-04
4.975000E-01	8.836230E-02	1.459245E-03	-2.331465E-02	3.974851E-04
5.025000E-01	8.473259E-02	1.457186E-03	-2.198227E-02	3.895643E-04
5.075000E-01	8.117972E-02	1.454053E-03	-2.070338E-02	3.814669E-04
5.125000E-01	7.770859E-02	1.449808E-03	-1.947890E-02	3.732164E-04
5.175000E-01	7.432090E-02	1.444379E-03	-1.830788E-02	3.648099E-04
5.225000E-01	7.101552E-02	1.437648E-03	-1.718753E-02	3.562113E-04
5.275000E-01	6.779558E-02	1.429599E-03	-1.611773E-02	3.474405E-04
5.325000E-01	6.466356E-02	1.420220E-03	-1.509833E-02	3.385243E-04
5.375000E-01	6.161678E-02	1.409404E-03	-1.412911E-02	3.294957E-04
5.425000E-01	5.865664E-02	1.397145E-03	-1.320640E-02	3.203106E-04
5.475000E-01	5.578617E-02	1.383492E-03	-1.232605E-02	3.109072E-04
5.525000E-01	5.300553E-02	1.368447E-03	-1.149031E-02	3.013826E-04
5.575000E-01	5.031296E-02	1.351972E-03	-1.070111E-02	2.918419E-04
5.625000E-01	4.770929E-02	1.334111E-03	-9.953369E-03	2.822068E-04
5.675000E-01	4.519439E-02	1.314895E-03	-9.246237E-03	2.725099E-04
5.725000E-01	4.276772E-02	1.294354E-03	-8.578462E-03	2.627750E-04
5.775000E-01	4.042888E-02	1.272538E-03	-7.948731E-03	2.530253E-04
5.825000E-01	3.817708E-02	1.249493E-03	-7.355546E-03	2.432788E-04
5.875000E-01	3.601146E-02	1.225276E-03	-6.797579E-03	2.335590E-04
5.925000E-01	3.393104E-02	1.199946E-03	-6.273403E-03	2.238863E-04
5.975000E-01	3.193473E-02	1.173572E-03	-5.781612E-03	2.142809E-04
6.025000E-01	3.002130E-02	1.146223E-03	-5.320880E-03	2.047654E-04
6.075000E-01	2.818933E-02	1.117972E-03	-4.889771E-03	1.953570E-04
6.125000E-01	2.643745E-02	1.088896E-03	-4.486991E-03	1.860770E-04
6.175000E-01	2.476438E-02	1.059088E-03	-4.111260E-03	1.769458E-04
6.225000E-01	2.316832E-02	1.028623E-03	-3.761199E-03	1.679778E-04
6.275000E-01	2.164755E-02	9.975840E-04	-3.435580E-03	1.591917E-04
6.325000E-01	2.020028E-02	9.660553E-04	-3.133128E-03	1.506016E-04
6.375000E-01	1.882473E-02	9.341258E-04	-2.852603E-03	1.422207E-04
6.425000E-01	1.751904E-02	9.018836E-04	-2.592876E-03	1.340648E-04
6.475000E-01	1.628121E-02	8.694111E-04	-2.352761E-03	1.261441E-04
6.525000E-01	1.510931E-02	8.367966E-04	-2.131122E-03	1.184679E-04
6.575000E-01	1.400138E-02	8.041281E-04	-1.926914E-03	1.110475E-04
6.625000E-01	1.295525E-02	7.714818E-04	-1.739053E-03	1.038885E-04
6.675000E-01	1.196890E-02	7.389411E-04	-1.566533E-03	9.699737E-05
6.725000E-01	1.104033E-02	7.065901E-04	-1.408406E-03	9.038060E-05
6.775000E-01	1.016729E-02	6.744967E-04	-1.263712E-03	8.404035E-05
6.825000E-01	9.347747E-03	6.427371E-04	-1.131559E-03	7.797909E-05
6.875000E-01	8.579665E-03	6.113872E-04	-1.011104E-03	7.219905E-05
6.925000E-01	7.860829E-03	5.805054E-04	-9.015134E-04	6.669913E-05
6.975000E-01	7.189208E-03	5.501587E-04	-8.020049E-04	6.147794E-05
7.025000E-01	6.562803E-03	5.204119E-04	-7.118534E-04	5.653454E-05
7.075000E-01	5.979477E-03	4.913137E-04	-6.303454E-04	5.186498E-05
7.125000E-01	5.437236E-03	4.629177E-04	-5.568004E-04	4.746394E-05
7.175000E-01	4.934121E-03	4.352741E-04	-4.906125E-04	4.332840E-05
7.225000E-01	4.468130E-03	4.084219E-04	-4.311757E-04	3.945162E-05
7.275000E-01	4.037344E-03	3.823999E-04	-3.779113E-04	3.582521E-05
7.325000E-01	3.639892E-03	3.572428E-04	-3.303270E-04	3.244508E-05
7.375000E-01	3.273961E-03	3.329828E-04	-2.879054E-04	2.930109E-05
7.425000E-01	2.937705E-03	3.096395E-04	-2.501780E-04	2.638407E-05
7.475000E-01	2.629388E-03	2.872339E-04	-2.167451E-04	2.368843E-05
7.525000E-01	2.347377E-03	2.657886E-04	-1.871754E-04	2.120178E-05
7.575000E-01	2.089957E-03	2.453069E-04	-1.611060E-04	1.891562E-05
7.625000E-01	1.855554E-03	2.257974E-04	-1.381978E-04	1.682100E-05
7.675000E-01	1.642678E-03	2.072680E-04	-1.181243E-04	1.490717E-05
7.725000E-01	1.449820E-03	1.897133E-04	-1.005965E-04	1.316483E-05
7.775000E-01	1.275557E-03	1.731270E-04	-8.533279E-05	1.158257E-05
7.825000E-01	1.118552E-03	1.575031E-04	-7.210638E-05	1.015330E-05
7.875000E-01	9.775220E-04	1.428313E-04	-6.066966E-05	8.864358E-06
7.925000E-01	8.511923E-04	1.290903E-04	-5.082207E-05	7.706858E-06
7.975000E-01	7.384002E-04	1.162633E-04	-4.238703E-05	6.673053E-06
8.025000E-01	6.380369E-04	1.043298E-04	-3.517790E-05	5.751173E-06
8.075000E-01	5.490286E-04	9.326268E-05	-2.904775E-05	4.933256E-06
8.125000E-01	4.704542E-04	8.304843E-05	-2.386950E-05	4.212613E-06
8.175000E-01	4.012834E-04	7.364285E-05	-1.951648E-05	3.580653E-06
8.225000E-01	3.405062E-04	6.499026E-05	-1.584308E-05	3.022961E-06
8.275000E-01	2.875382E-04	5.710269E-05	-1.279352E-05	2.539864E-06
8.325000E-01	2.415041E-04	4.992681E-05	-1.026455E-05	2.121285E-06
8.375000E-01	2.016867E-04	4.342735E-05	-8.180288E-06	1.760745E-06
8.425000E-01	1.674186E-04	3.756769E-05	-6.473096E-06	1.451970E-06
8.475000E-01	1.380827E-04	3.231053E-05	-5.083774E-06	1.189104E-06
8.525000E-01	1.131094E-04	2.761786E-05	-3.960982E-06	9.667584E-07
8.575000E-01	9.197607E-05	2.345151E-05	-3.060031E-06	7.799044E-07
8.625000E-01	7.420719E-05	1.977392E-05	-2.342744E-06	6.240051E-07
8.675000E-01	5.937216E-05	1.654847E-05	-1.776526E-06	4.949494E-07
8.725000E-01	4.707424E-05	1.373720E-05	-1.333295E-06	3.889149E-07
8.775000E-01	3.696154E-05	1.130461E-05	-9.897288E-07	3.025762E-07
8.825000E-01	2.871689E-05	9.215681E-06	-7.260451E-07	2.328988E-07
8.875000E-01	2.205696E-05	7.436400E-06	-5.258824E-07	1.772234E-07
8.925000E-01	1.673128E-05	5.934323E-06	-3.756664E-07	1.331873E-07
8.975000E-01	1.251934E-05	4.678536E-06	-2.644046E-07	9.876871E-08
9.025000E-01	9.227933E-06	3.639594E-06	-1.830843E-07	7.218160E-08
9.075000E-01	6.690088E-06	2.790091E-06	-1.245524E-07	5.192442E-08
9.125000E-01	4.761485E-06	2.104179E-06	-8.307932E-08	3.670061E-08
9.175000E-01	3.319929E-06	1.558310E-06	-5.424303E-08	2.545174E-08
9.225000E-01	2.261821E-06	1.130670E-06	-3.457359E-08	1.727750E-08
9.275000E-01	1.501109E-06	8.016320E-07	-2.145408E-08	1.145363E-08
9.325000E-01	9.668238E-07	5.535134E-07	-1.291140E-08	7.389892E-09
9.375000E-01	6.015943E-07	3.707506E-07	-7.508631E-09	4.626350E-09
9.425000E-01	3.595383E-07	2.396677E-07	-4.195405E-09	2.796121E-09
9.475000E-01	2.048973E-07	1.485837E-07	-2.236325E-09	1.621469E-09
9.525000E-01	1.102946E-07	8.761133E-08	-1.127779E-09	8.957646E-10
9.575000E-01	5.535587E-08	4.857735E-08	-5.315087E-10	4.664165E-10
9.625000E-01	2.546521E-08	2.495364E-08	-2.302791E-10	2.256681E-10
9.675000E-01	1.046688E-08	1.161330E-08	-8.935284E-11	9.915623E-11
9.725000E-01	3.705073E-09	4.742676E-09	-3.006621E-11	3.849764E-11
9.775000E-01	1.063279E-09	1.612557E-09	-8.256208E-12	1.252710E-11
9.825000E-01	2.210956E-10	4.137743E-10	-1.641968E-12	3.075056E-12
9.875000E-01	2.702413E-11	6.693093E-11	-1.947002E-13	4.827299E-13
9.925000E-01	1.140445E-12	4.335504E-12	-8.093258E-15	3.082046E-14
9.975000E-01	3.895018E-15	3.892013E-14	-4.994815E-17	5.008797E-16
