x	xu	dxu	xd	dxd
2.500000E-03	8.957845E-04	1.389816E-04	-7.152479E-04	1.106109E-04
7.500000E-03	4.630108E-03	4.324213E-04	-3.258581E-03	3.025045E-04
1.250000E-02	9.684352E-03	6.547439E-04	-6.318516E-03	4.233302E-04
1.750000E-02	1.555154E-02	8.132948E-04	-9.625395E-03	4.970416E-04
2.250000E-02	2.198389E-02	9.223134E-04	-1.309576E-02	5.401737E-04
2.750000E-02	2.882867E-02	9.938824E-04	-1.669733E-02	5.630524E-04
3.250000E-02	3.598295E-02	1.037705E-03	-2.041670E-02	5.723951E-04
3.750000E-02	4.337165E-02	1.061476E-03	-2.424718E-02	5.727644E-04
4.250000E-02	5.093824E-02	1.071362E-03	-2.818321E-02	5.673891E-04
4.750000E-02	5.863350E-02	1.072232E-03	-3.221392E-02	5.585853E-04
5.250000E-02	6.642243E-02	1.068120E-03	-3.633383E-02	5.482687E-04
5.750000E-02	7.426850E-02	1.062127E-03	-4.052698E-02	5.378313E-04
6.250000E-02	8.214735E-02	1.056786E-03	-4.478557E-02	5.285259E-04
6.750000E-02	9.002760E-02	1.053870E-03	-4.908744E-02	5.211920E-04
7.250000E-02	9.789142E-02	1.054730E-03	-5.342479E-02	5.166175E-04
7.750000E-02	1.057145E-01	1.060109E-03	-5.777520E-02	5.152039E-04
8.250000E-02	1.134743E-01	1.070326E-03	-6.211957E-02	5.171723E-04
8.750000E-02	1.211580E-01	1.085415E-03	-6.644953E-02	5.226180E-04
9.250000E-02	1.287433E-01	1.105047E-03	-7.073841E-02	5.313004E-04
9.750000E-02	1.362137E-01	1.128750E-03	-7.497127E-02	5.429354E-04
1.025000E-01	1.435522E-01	1.155941E-03	-7.913024E-02	5.571208E-04
1.075000E-01	1.507525E-01	1.186068E-03	-8.321263E-02	5.735094E-04
1.125000E-01	1.577859E-01	1.218411E-03	-8.717973E-02	5.914903E-04
1.175000E-01	1.646461E-01	1.252452E-03	-9.102979E-02	6.107229E-04
1.225000E-01	1.713203E-01	1.287678E-03	-9.474810E-02	6.308055E-04
1.275000E-01	1.777994E-01	1.323658E-03	-9.832155E-02	6.513842E-04
1.325000E-01	1.840787E-01	1.360054E-03	-1.017512E-01	6.722384E-04
1.375000E-01	1.901390E-01	1.396473E-03	-1.050219E-01	6.930775E-04
1.425000E-01	1.959624E-01	1.432584E-03	-1.081031E-01	7.135426E-04
1.475000E-01	2.015505E-01	1.468238E-03	-1.110046E-01	7.335716E-04
1.525000E-01	2.068923E-01	1.503228E-03	-1.137167E-01	7.529941E-04
1.575000E-01	2.119808E-01	1.537400E-03	-1.162328E-01	7.716824E-04
1.625000E-01	2.168103E-01	1.570631E-03	-1.185501E-01	7.895438E-04
1.675000E-01	2.213736E-01	1.602800E-03	-1.206623E-01	8.064772E-04
1.725000E-01	2.256671E-01	1.633822E-03	-1.225686E-01	8.224224E-04
1.775000E-01	2.296856E-01	1.663607E-03	-1.242665E-01	8.373144E-04
1.825000E-01	2.334266E-01	1.692085E-03	-1.257564E-01	8.511113E-04
1.875000E-01	2.368871E-01	1.719184E-03	-1.270382E-01	8.637694E-04
1.925000E-01	2.400628E-01	1.744826E-03	-1.281103E-01	8.752367E-04
1.975000E-01	2.429550E-01	1.768967E-03	-1.289776E-01	8.855050E-04
2.025000E-01	2.455613E-01	1.791540E-03	-1.296405E-01	8.945378E-04
2.075000E-01	2.478828E-01	1.812498E-03	-1.301032E-01	9.023247E-04
2.125000E-01	2.499201E-01	1.831793E-03	-1.303700E-01	9.088576E-04
2.175000E-01	2.516722E-01	1.849365E-03	-1.304429E-01	9.141134E-04
2.225000E-01	2.531444E-01	1.865201E-03	-1.303294E-01	9.181107E-04
2.275000E-01	2.543378E-01	1.879259E-03	-1.300345E-01	9.208512E-04
2.325000E-01	2.552530E-01	1.891498E-03	-1.295617E-01	9.223303E-04
2.375000E-01	2.558977E-01	1.901933E-03	-1.289200E-01	9.225871E-04
2.425000E-01	2.562742E-01	1.910545E-03	-1.281154E-01	9.216415E-04
2.475000E-01	2.563849E-01	1.917323E-03	-1.271526E-01	9.195090E-04
2.525000E-01	2.562378E-01	1.922304E-03	-1.260403E-01	9.162390E-04
2.575000E-01	2.558377E-01	1.925512E-03	-1.247867E-01	9.118822E-04
2.625000E-01	2.551902E-01	1.926983E-03	-1.233975E-01	9.064747E-04
2.675000E-01	2.542987E-01	1.926748E-03	-1.218798E-01	9.000708E-04
2.725000E-01	2.531748E-01	1.924911E-03	-1.202439E-01	8.927501E-04
2.775000E-01	2.518235E-01	1.921535E-03	-1.184961E-01	8.845690E-04
2.825000E-01	2.502492E-01	1.916689E-03	-1.166426E-01	8.755880E-04
2.875000E-01	2.484623E-01	1.910498E-03	-1.146923E-01	8.658911E-04
2.925000E-01	2.464711E-01	1.903081E-03	-1.126545E-01	8.555685E-04
2.975000E-01	2.442830E-01	1.894563E-03	-1.105345E-01	8.446849E-04
3.025000E-01	2.419023E-01	1.885047E-03	-1.083399E-01	8.333240E-04
3.075000E-01	2.393416E-01	1.874712E-03	-1.060789E-01	8.215750E-04
3.125000E-01	2.366092E-01	1.863711E-03	-1.037601E-01	8.095341E-04
3.175000E-01	2.337131E-01	1.852199E-03	-1.013882E-01	7.972658E-04
3.225000E-01	2.306588E-01	1.840313E-03	-9.897092E-02	7.848571E-04
3.275000E-01	2.274576E-01	1.828238E-03	-9.651524E-02	7.723890E-04
3.325000E-01	2.241198E-01	1.816155E-03	-9.402876E-02	7.599450E-04
3.375000E-01	2.206529E-01	1.804214E-03	-9.151707E-02	7.475898E-04
3.425000E-01	2.170642E-01	1.792563E-03	-8.898484E-02	7.353761E-04
3.475000E-01	2.133613E-01	1.781341E-03	-8.644015E-02	7.233804E-04
3.525000E-01	2.095565E-01	1.770720E-03	-8.388731E-02	7.116425E-04
3.575000E-01	2.056582E-01	1.760827E-03	-8.133399E-02	7.002251E-04
3.625000E-01	2.016734E-01	1.751762E-03	-7.878199E-02	6.891341E-04
3.675000E-01	1.976095E-01	1.743611E-03	-7.623829E-02	6.784134E-04
3.725000E-01	1.934754E-01	1.736456E-03	-7.370813E-02	6.680854E-04
3.775000E-01	1.892816E-01	1.730374E-03	-7.119470E-02	6.581475E-04
3.825000E-01	1.850361E-01	1.725401E-03	-6.870419E-02	6.486181E-04
3.875000E-01	1.807446E-01	1.721529E-03	-6.623692E-02	6.394548E-04
3.925000E-01	1.764147E-01	1.718746E-03	-6.379903E-02	6.306642E-04
3.975000E-01	1.720543E-01	1.717023E-03	-6.139466E-02	6.222299E-04
4.025000E-01	1.676721E-01	1.716320E-03	-5.902479E-02	6.141004E-04
4.075000E-01	1.632764E-01	1.716578E-03	-5.669480E-02	6.062660E-04
4.125000E-01	1.588719E-01	1.717681E-03	-5.440462E-02	5.986580E-04
4.175000E-01	1.544649E-01	1.719518E-03	-5.215732E-02	5.912394E-04
4.225000E-01	1.500631E-01	1.721980E-03	-4.995805E-02	5.839994E-04
4.275000E-01	1.456722E-01	1.724928E-03	-4.780564E-02	5.768559E-04
4.325000E-01	1.412998E-01	1.728241E-03	-4.570280E-02	5.697741E-04
4.375000E-01	1.369523E-01	1.731781E-03	-4.365203E-02	5.627206E-04
4.425000E-01	1.326319E-01	1.735354E-03	-4.165160E-02	5.556125E-04
4.475000E-01	1.283454E-01	1.738826E-03	-3.970517E-02	5.484402E-04
4.525000E-01	1.240989E-01	1.742061E-03	-3.781515E-02	5.411868E-04
4.575000E-01	1.198955E-01	1.744885E-03	-3.597913E-02	5.337734E-04
4.625000E-01	1.157418E-01	1.747184E-03	-3.419895E-02	5.261861E-04
4.675000E-01	1.116428E-01	1.748833E-03	-3.247566E-02	5.184081E-04
4.725000E-01	1.075988E-01	1.749640E-03	-3.080702E-02	5.103761E-04
4.775000E-01	1.036154E-01	1.749512E-03	-2.919509E-02	5.021024E-04
4.825000E-01	9.969797E-02	1.748368E-03	-2.764159E-02	4.936044E-04
4.875000E-01	9.584704E-02	1.746056E-03	-2.614360E-02	4.848256E-04
4.925000E-01	9.206689E-02	1.742503E-03	-2.470109E-02	4.757639E-04
4.975000E-01	8.836230E-02	1.737668E-03	-2.331465E-02	4.664374E-04
5.025000E-01	8.473259E-02	1.731417E-03	-2.198227E-02	4.568187E-04
5.075000E-01	8.117972E-02	1.723681E-03	-2.070338E-02	4.469138E-04
5.125000E-01	7.770859E-02	1.714468E-03	-1.947890E-02	4.367669E-04
5.175000E-01	7.432090E-02	1.703742E-03	-1.830788E-02	4.263899E-04
5.225000E-01	7.101552E-02	1.691413E-03	-1.718753E-02	4.157547E-04
5.275000E-01	6.779558E-02	1.677504E-03	-1.611773E-02	4.048978E-04
5.325000E-01	6.466356E-02	1.662041E-03	-1.509833E-02	3.938618E-04
5.375000E-01	6.161678E-02	1.644937E-03	-1.412911E-02	3.826957E-04
5.425000E-01	5.865664E-02	1.626217E-03	-1.320640E-02	3.713572E-04
5.475000E-01	5.578617E-02	1.605968E-03	-1.232605E-02	3.597829E-04
5.525000E-01	5.300553E-02	1.584219E-03	-1.149031E-02	3.480928E-04
5.575000E-01	5.031296E-02	1.560953E-03	-1.070111E-02	3.364142E-04
5.625000E-01	4.770929E-02	1.536239E-03	-9.953369E-03	3.246612E-04
5.675000E-01	4.519439E-02	1.510132E-03	-9.246237E-03	3.128759E-04
5.725000E-01	4.276772E-02	1.482684E-03	-8.578462E-03	3.010887E-04
5.775000E-01	4.042888E-02	1.453965E-03	-7.948731E-03	2.893287E-04
5.825000E-01	3.817708E-02	1.424041E-03	-7.355546E-03	2.776185E-04
5.875000E-01	3.601146E-02	1.392984E-03	-6.797579E-03	2.659861E-04
5.925000E-01	3.393104E-02	1.360873E-03	-6.273403E-03	2.544555E-04
5.975000E-01	3.193473E-02	1.327790E-03	-5.781612E-03	2.430498E-04
6.025000E-01	3.002130E-02	1.293819E-03	-5.320880E-03	2.317944E-04
6.075000E-01	2.818933E-02	1.259044E-03	-4.889771E-03	2.207081E-04
6.125000E-01	2.643745E-02	1.223556E-03	-4.486991E-03	2.098140E-04
6.175000E-01	2.476438E-02	1.187458E-03	-4.111260E-03	1.991340E-04
6.225000E-01	2.316832E-02	1.150836E-03	-3.761199E-03	1.886827E-04
6.275000E-01	2.164755E-02	1.113780E-03	-3.435580E-03	1.784792E-04
6.325000E-01	2.020028E-02	1.076382E-03	-3.133128E-03	1.685378E-04
6.375000E-01	1.882473E-02	1.038739E-03	-2.852603E-03	1.588709E-04
6.425000E-01	1.751904E-02	1.000944E-03	-2.592876E-03	1.494943E-04
6.475000E-01	1.628121E-02	9.630839E-04	-2.352761E-03	1.404168E-04
6.525000E-01	1.510931E-02	9.252520E-04	-2.131122E-03	1.316470E-04
6.575000E-01	1.400138E-02	8.875399E-04	-1.926914E-03	1.231946E-04
6.625000E-01	1.295525E-02	8.500255E-04	-1.739053E-03	1.150639E-04
6.675000E-01	1.196890E-02	8.127945E-04	-1.566533E-03	1.072595E-04
6.725000E-01	1.104033E-02	7.759324E-04	-1.408406E-03	9.978636E-05
6.775000E-01	1.016729E-02	7.395068E-04	-1.263712E-03	9.264464E-05
6.825000E-01	9.347747E-03	7.035943E-04	-1.131559E-03	8.583482E-05
6.875000E-01	8.579665E-03	6.682702E-04	-1.011104E-03	7.935718E-05
6.925000E-01	7.860829E-03	6.335912E-04	-9.015134E-04	7.320841E-05
6.975000E-01	7.189208E-03	5.996226E-04	-8.020049E-04	6.738498E-05
7.025000E-01	6.562803E-03	5.664276E-04	-7.118534E-04	6.188388E-05
7.075000E-01	5.979477E-03	5.340516E-04	-6.303454E-04	5.669894E-05
7.125000E-01	5.437236E-03	5.025453E-04	-5.568004E-04	5.182256E-05
7.175000E-01	4.934121E-03	4.719555E-04	-4.906125E-04	4.724976E-05
7.225000E-01	4.468130E-03	4.423174E-04	-4.311757E-04	4.297156E-05
7.275000E-01	4.037344E-03	4.136656E-04	-3.779113E-04	3.897736E-05
7.325000E-01	3.639892E-03	3.860307E-04	-3.303270E-04	3.526125E-05
7.375000E-01	3.273961E-03	3.594403E-04	-2.879054E-04	3.181093E-05
7.425000E-01	2.937705E-03	3.339092E-04	-2.501780E-04	2.861518E-05
7.475000E-01	2.629388E-03	3.094533E-04	-2.167451E-04	2.566682E-05
7.525000E-01	2.347377E-03	2.860907E-04	-1.871754E-04	2.295136E-05
7.575000E-01	2.089957E-03	2.638191E-04	-1.611060E-04	2.045863E-05
7.625000E-01	1.855554E-03	2.426418E-04	-1.381978E-04	1.817807E-05
7.675000E-01	1.642678E-03	2.225619E-04	-1.181243E-04	1.609724E-05
7.725000E-01	1.449820E-03	2.035684E-04	-1.005965E-04	1.420538E-05
7.775000E-01	1.275557E-03	1.856496E-04	-8.533279E-05	1.248952E-05
7.825000E-01	1.118552E-03	1.687945E-04	-7.210638E-05	1.094141E-05
7.875000E-01	9.775220E-04	1.529876E-04	-6.066966E-05	9.546883E-06
7.925000E-01	8.511923E-04	1.382022E-04	-5.082207E-05	8.295903E-06
7.975000E-01	7.384002E-04	1.244164E-04	-4.238703E-05	7.179721E-06
8.025000E-01	6.380369E-04	1.116050E-04	-3.517790E-05	6.185314E-06
8.075000E-01	5.490286E-04	9.973576E-05	-2.904775E-05	5.303812E-06
8.125000E-01	4.704542E-04	8.879140E-05	-2.386950E-05	4.527757E-06
8.175000E-01	4.012834E-04	7.872208E-05	-1.951648E-05	3.847691E-06
8.225000E-01	3.405062E-04	6.946600E-05	-1.584308E-05	3.247939E-06
8.275000E-01	2.875382E-04	6.103399E-05	-1.279352E-05	2.728700E-06
8.325000E-01	2.415041E-04	5.336731E-05	-1.026455E-05	2.279022E-06
8.375000E-01	2.016867E-04	4.642675E-05	-8.180288E-06	1.891851E-06
8.425000E-01	1.674186E-04	4.017192E-05	-6.473096E-06	1.560371E-06
8.475000E-01	1.380827E-04	3.456189E-05	-5.083774E-06	1.278237E-06
8.525000E-01	1.131094E-04	2.955520E-05	-3.960982E-06	1.039622E-06
8.575000E-01	9.197607E-05	2.511041E-05	-3.060031E-06	8.390987E-07
8.625000E-01	7.420719E-05	2.118690E-05	-2.342744E-06	6.717777E-07
8.675000E-01	5.937216E-05	1.774520E-05	-1.776526E-06	5.332368E-07
8.725000E-01	4.707424E-05	1.474455E-05	-1.333295E-06	4.193694E-07
8.775000E-01	3.696154E-05	1.214693E-05	-9.897288E-07	3.266077E-07
8.825000E-01	2.871689E-05	9.914940E-06	-7.260451E-07	2.516990E-07
8.875000E-01	2.205696E-05	8.012325E-06	-5.258824E-07	1.917956E-07
8.925000E-01	1.673128E-05	6.404576E-06	-3.756664E-07	1.443685E-07
8.975000E-01	1.251934E-05	5.058864E-06	-2.644046E-07	1.072558E-07
9.025000E-01	9.227933E-06	3.943956E-06	-1.830843E-07	7.854718E-08
9.075000E-01	6.690088E-06	3.030818E-06	-1.245524E-07	5.663741E-08
9.125000E-01	4.761485E-06	2.292080E-06	-8.307932E-08	4.013970E-08
9.175000E-01	3.319929E-06	1.702824E-06	-5.424303E-08	2.792215E-08
9.225000E-01	2.261821E-06	1.239961E-06	-3.457359E-08	1.902077E-08
9.275000E-01	1.501109E-06	8.827144E-07	-2.145408E-08	1.265962E-08
9.325000E-01	9.668238E-07	6.123509E-07	-1.291140E-08	8.205349E-09
9.375000E-01	6.015943E-07	4.123640E-07	-7.508631E-09	5.163868E-09
9.425000E-01	3.595383E-07	2.682215E-07	-4.195405E-09	3.139963E-09
9.475000E-01	2.048973E-07	1.674844E-07	-2.236325E-09	1.833742E-09
9.525000E-01	1.102946E-07	9.959022E-08	-1.127779E-09	1.021438E-09
9.575000E-01	5.535587E-08	5.577162E-08	-5.315087E-10	5.370846E-10
9.625000E-01	2.546521E-08	2.899314E-08	-2.302791E-10	2.629286E-10
9.675000E-01	1.046688E-08	1.369088E-08	-8.935284E-11	1.171938E-10
9.725000E-01	3.705073E-09	5.693233E-09	-3.006621E-11	4.631926E-11
9.775000E-01	1.063279E-09	1.981162E-09	-8.256208E-12	1.542057E-11
9.825000E-01	2.210956E-10	5.243288E-10	-1.641968E-12	3.902496E-12
9.875000E-01	2.702413E-11	8.862066E-11	-1.947002E-13	6.396997E-13
9.925000E-01	1.140445E-12	6.152439E-12	-8.093258E-15	4.372408E-14
9.975000E-01	3.895018E-15	6.346525E-14	-4.994815E-17	8.141281E-16
