x	xu	dxu	xd	dxd
2.500000E-03	8.957845E-04	3.081806E-05	-7.152479E-04	7.586097E-05
7.500000E-03	4.630108E-03	1.567285E-04	-3.258581E-03	3.453807E-04
1.250000E-02	9.684352E-03	3.225671E-04	-6.318516E-03	6.692997E-04
1.750000E-02	1.555154E-02	5.097635E-04	-9.625395E-03	1.019034E-03
2.250000E-02	2.198389E-02	7.092775E-04	-1.309576E-02	1.385783E-03
2.750000E-02	2.882867E-02	9.156768E-04	-1.669733E-02	1.766183E-03
3.250000E-02	3.598295E-02	1.125462E-03	-2.041670E-02	2.158881E-03
3.750000E-02	4.337165E-02	1.336257E-03	-2.424718E-02	2.563243E-03
4.250000E-02	5.093824E-02	1.546447E-03	-2.818321E-02	2.978763E-03
4.750000E-02	5.863350E-02	1.754801E-03	-3.221392E-02	3.404382E-03
5.250000E-02	6.642243E-02	1.960647E-03	-3.633383E-02	3.839615E-03
5.750000E-02	7.426850E-02	2.163382E-03	-4.052698E-02	4.282878E-03
6.250000E-02	8.214735E-02	2.362859E-03	-4.478557E-02	4.733455E-03
6.750000E-02	9.002760E-02	2.558821E-03	-4.908744E-02	5.189116E-03
7.250000E-02	9.789142E-02	2.751477E-03	-5.342479E-02	5.649155E-03
7.750000E-02	1.057145E-01	2.940920E-03	-5.777520E-02	6.111321E-03
8.250000E-02	1.134743E-01	3.127362E-03	-6.211957E-02	6.573714E-03
8.750000E-02	1.211580E-01	3.311322E-03	-6.644953E-02	7.035570E-03
9.250000E-02	1.287433E-01	3.493110E-03	-7.073841E-02	7.494187E-03
9.750000E-02	1.362137E-01	3.673216E-03	-7.497127E-02	7.948098E-03
1.025000E-01	1.435522E-01	3.852139E-03	-7.913024E-02	8.395522E-03
1.075000E-01	1.507525E-01	4.030662E-03	-8.321263E-02	8.836283E-03
1.125000E-01	1.577859E-01	4.208968E-03	-8.717973E-02	9.266371E-03
1.175000E-01	1.646461E-01	4.387811E-03	-9.102979E-02	9.685693E-03
1.225000E-01	1.713203E-01	4.567739E-03	-9.474810E-02	1.009277E-02
1.275000E-01	1.777994E-01	4.749354E-03	-9.832155E-02	1.048627E-02
1.325000E-01	1.840787E-01	4.933319E-03	-1.017512E-01	1.086638E-02
1.375000E-01	1.901390E-01	5.119837E-03	-1.050219E-01	1.123154E-02
1.425000E-01	1.959624E-01	5.309065E-03	-1.081031E-01	1.157851E-02
1.475000E-01	2.015505E-01	5.501604E-03	-1.110046E-01	1.190838E-02
1.525000E-01	2.068923E-01	5.697620E-03	-1.137167E-01	1.222009E-02
1.575000E-01	2.119808E-01	5.897285E-03	-1.162328E-01	1.251297E-02
1.625000E-01	2.168103E-01	6.100720E-03	-1.185501E-01	1.278666E-02
1.675000E-01	2.213736E-01	6.307896E-03	-1.206623E-01	1.304049E-02
1.725000E-01	2.256671E-01	6.518785E-03	-1.225686E-01	1.327431E-02
1.775000E-01	2.296856E-01	6.733220E-03	-1.242665E-01	1.348778E-02
1.825000E-01	2.334266E-01	6.951015E-03	-1.257564E-01	1.368089E-02
1.875000E-01	2.368871E-01	7.171877E-03	-1.270382E-01	1.385353E-02
1.925000E-01	2.400628E-01	7.395397E-03	-1.281103E-01	1.400544E-02
1.975000E-01	2.429550E-01	7.621247E-03	-1.289776E-01	1.413702E-02
2.025000E-01	2.455613E-01	7.848919E-03	-1.296405E-01	1.424821E-02
2.075000E-01	2.478828E-01	8.077947E-03	-1.301032E-01	1.433932E-02
2.125000E-01	2.499201E-01	8.307789E-03	-1.303700E-01	1.441068E-02
2.175000E-01	2.516722E-01	8.537798E-03	-1.304429E-01	1.446235E-02
2.225000E-01	2.531444E-01	8.767491E-03	-1.303294E-01	1.449500E-02
2.275000E-01	2.543378E-01	8.996206E-03	-1.300345E-01	1.450899E-02
2.325000E-01	2.552530E-01	9.223222E-03	-1.295617E-01	1.450453E-02
2.375000E-01	2.558977E-01	9.448048E-03	-1.289200E-01	1.448245E-02
2.425000E-01	2.562742E-01	9.669979E-03	-1.281154E-01	1.444321E-02
2.475000E-01	2.563849E-01	9.888291E-03	-1.271526E-01	1.438713E-02
2.525000E-01	2.562378E-01	1.010245E-02	-1.260403E-01	1.431500E-02
2.575000E-01	2.558377E-01	1.031182E-02	-1.247867E-01	1.422752E-02
2.625000E-01	2.551902E-01	1.051577E-02	-1.233975E-01	1.412511E-02
2.675000E-01	2.542987E-01	1.071358E-02	-1.218798E-01	1.400840E-02
2.725000E-01	2.531748E-01	1.090489E-02	-1.202439E-01	1.387833E-02
2.775000E-01	2.518235E-01	1.108906E-02	-1.184961E-01	1.373540E-02
2.825000E-01	2.502492E-01	1.126543E-02	-1.166426E-01	1.358012E-02
2.875000E-01	2.484623E-01	1.143363E-02	-1.146923E-01	1.341332E-02
2.925000E-01	2.464711E-01	1.159321E-02	-1.126545E-01	1.323584E-02
2.975000E-01	2.442830E-01	1.174371E-02	-1.105345E-01	1.304811E-02
3.025000E-01	2.419023E-01	1.188452E-02	-1.083399E-01	1.285083E-02
3.075000E-01	2.393416E-01	1.201546E-02	-1.060789E-01	1.264473E-02
3.125000E-01	2.366092E-01	1.213618E-02	-1.037601E-01	1.243067E-02
3.175000E-01	2.337131E-01	1.224635E-02	-1.013882E-01	1.220901E-02
3.225000E-01	2.306588E-01	1.234552E-02	-9.897092E-02	1.198049E-02
3.275000E-01	2.274576E-01	1.243357E-02	-9.651524E-02	1.174578E-02
3.325000E-01	2.241198E-01	1.251039E-02	-9.402876E-02	1.150563E-02
3.375000E-01	2.206529E-01	1.257572E-02	-9.151707E-02	1.126057E-02
3.425000E-01	2.170642E-01	1.262934E-02	-8.898484E-02	1.101101E-02
3.475000E-01	2.133613E-01	1.267108E-02	-8.644015E-02	1.075780E-02
3.525000E-01	2.095565E-01	1.270107E-02	-8.388731E-02	1.050135E-02
3.575000E-01	2.056582E-01	1.271926E-02	-8.133399E-02	1.024250E-02
3.625000E-01	2.016734E-01	1.272557E-02	-7.878199E-02	9.981343E-03
3.675000E-01	1.976095E-01	1.271993E-02	-7.623829E-02	9.718669E-03
3.725000E-01	1.934754E-01	1.270245E-02	-7.370813E-02	9.455050E-03
3.775000E-01	1.892816E-01	1.267335E-02	-7.119470E-02	9.190807E-03
3.825000E-01	1.850361E-01	1.263276E-02	-6.870419E-02	8.926669E-03
3.875000E-01	1.807446E-01	1.258068E-02	-6.623692E-02	8.662613E-03
3.925000E-01	1.764147E-01	1.251726E-02	-6.379903E-02	8.399387E-03
3.975000E-01	1.720543E-01	1.244273E-02	-6.139466E-02	8.137493E-03
4.025000E-01	1.676721E-01	1.235740E-02	-5.902479E-02	7.877033E-03
4.075000E-01	1.632764E-01	1.226163E-02	-5.669480E-02	7.618703E-03
4.125000E-01	1.588719E-01	1.215550E-02	-5.440462E-02	7.362483E-03
4.175000E-01	1.544649E-01	1.203929E-02	-5.215732E-02	7.108784E-03
4.225000E-01	1.500631E-01	1.191338E-02	-4.995805E-02	6.858320E-03
4.275000E-01	1.456722E-01	1.177807E-02	-4.780564E-02	6.610952E-03
4.325000E-01	1.412998E-01	1.163384E-02	-4.570280E-02	6.367082E-03
4.375000E-01	1.369523E-01	1.148111E-02	-4.365203E-02	6.127097E-03
4.425000E-01	1.326319E-01	1.131997E-02	-4.165160E-02	5.890802E-03
4.475000E-01	1.283454E-01	1.115094E-02	-3.970517E-02	5.658765E-03
4.525000E-01	1.240989E-01	1.097453E-02	-3.781515E-02	5.431397E-03
4.575000E-01	1.198955E-01	1.079099E-02	-3.597913E-02	5.208427E-03
4.625000E-01	1.157418E-01	1.060094E-02	-3.419895E-02	4.990198E-03
4.675000E-01	1.116428E-01	1.040487E-02	-3.247566E-02	4.776951E-03
4.725000E-01	1.075988E-01	1.020288E-02	-3.080702E-02	4.568447E-03
4.775000E-01	1.036154E-01	9.995592E-03	-2.919509E-02	4.365090E-03
4.825000E-01	9.969797E-02	9.783622E-03	-2.764159E-02	4.167246E-03
4.875000E-01	9.584704E-02	9.567150E-03	-2.614360E-02	3.974589E-03
4.925000E-01	9.206689E-02	9.346753E-03	-2.470109E-02	3.787229E-03
4.975000E-01	8.836230E-02	9.123090E-03	-2.331465E-02	3.605377E-03
5.025000E-01	8.473259E-02	8.896282E-03	-2.198227E-02	3.428848E-03
5.075000E-01	8.117972E-02	8.666736E-03	-2.070338E-02	3.257681E-03
5.125000E-01	7.770859E-02	8.435193E-03	-1.947890E-02	3.092151E-03
5.175000E-01	7.432090E-02	8.202086E-03	-1.830788E-02	2.932249E-03
5.225000E-01	7.101552E-02	7.967547E-03	-1.718753E-02	2.777667E-03
5.275000E-01	6.779558E-02	7.732195E-03	-1.611773E-02	2.628523E-03
5.325000E-01	6.466356E-02	7.496598E-03	-1.509833E-02	2.484935E-03
5.375000E-01	6.161678E-02	7.260747E-03	-1.412911E-02	2.347021E-03
5.425000E-01	5.865664E-02	7.025110E-03	-1.320640E-02	2.214318E-03
5.475000E-01	5.578617E-02	6.790366E-03	-1.232605E-02	2.086267E-03
5.525000E-01	5.300553E-02	6.556874E-03	-1.149031E-02	1.963387E-03
5.575000E-01	5.031296E-02	6.324764E-03	-1.070111E-02	1.846158E-03
5.625000E-01	4.770929E-02	6.094488E-03	-9.953369E-03	1.733858E-03
5.675000E-01	4.519439E-02	5.866389E-03	-9.246237E-03	1.626484E-03
5.725000E-01	4.276772E-02	5.640766E-03	-8.578462E-03	1.523960E-03
5.775000E-01	4.042888E-02	5.417941E-03	-7.948731E-03	1.426198E-03
5.825000E-01	3.817708E-02	5.198189E-03	-7.355546E-03	1.333070E-03
5.875000E-01	3.601146E-02	4.981779E-03	-6.797579E-03	1.244477E-03
5.925000E-01	3.393104E-02	4.768966E-03	-6.273403E-03	1.160299E-03
5.975000E-01	3.193473E-02	4.559989E-03	-5.781612E-03	1.080410E-03
6.025000E-01	3.002130E-02	4.355070E-03	-5.320880E-03	1.004699E-03
6.075000E-01	2.818933E-02	4.154403E-03	-4.889771E-03	9.330259E-04
6.125000E-01	2.643745E-02	3.958183E-03	-4.486991E-03	8.652737E-04
6.175000E-01	2.476438E-02	3.766622E-03	-4.111260E-03	8.013226E-04
6.225000E-01	2.316832E-02	3.579849E-03	-3.761199E-03	7.410272E-04
6.275000E-01	2.164755E-02	3.397998E-03	-3.435580E-03	6.842666E-04
6.325000E-01	2.020028E-02	3.221188E-03	-3.133128E-03	6.309039E-04
6.375000E-01	1.882473E-02	3.049533E-03	-2.852603E-03	5.808036E-04
6.425000E-01	1.751904E-02	2.883129E-03	-2.592876E-03	5.338464E-04
6.475000E-01	1.628121E-02	2.722039E-03	-2.352761E-03	4.898955E-04
6.525000E-01	1.510931E-02	2.566329E-03	-2.131122E-03	4.488180E-04
6.575000E-01	1.400138E-02	2.416054E-03	-1.926914E-03	4.104937E-04
6.625000E-01	1.295525E-02	2.271220E-03	-1.739053E-03	3.747885E-04
6.675000E-01	1.196890E-02	2.131850E-03	-1.566533E-03	3.415779E-04
6.725000E-01	1.104033E-02	1.997958E-03	-1.408406E-03	3.107447E-04
6.775000E-01	1.016729E-02	1.869504E-03	-1.263712E-03	2.821626E-04
6.825000E-01	9.347747E-03	1.746472E-03	-1.131559E-03	2.557142E-04
6.875000E-01	8.579665E-03	1.628834E-03	-1.011104E-03	2.312873E-04
6.925000E-01	7.860829E-03	1.516517E-03	-9.015134E-04	2.087661E-04
6.975000E-01	7.189208E-03	1.409468E-03	-8.020049E-04	1.880404E-04
7.025000E-01	6.562803E-03	1.307625E-03	-7.118534E-04	1.690079E-04
7.075000E-01	5.979477E-03	1.210887E-03	-6.303454E-04	1.515637E-04
7.125000E-01	5.437236E-03	1.119165E-03	-5.568004E-04	1.356049E-04
7.175000E-01	4.934121E-03	1.032363E-03	-4.906125E-04	1.210415E-04
7.225000E-01	4.468130E-03	9.503624E-04	-4.311757E-04	1.077787E-04
7.275000E-01	4.037344E-03	8.730443E-04	-3.779113E-04	9.572294E-05
7.325000E-01	3.639892E-03	8.002856E-04	-3.303270E-04	8.479772E-05
7.375000E-01	3.273961E-03	7.319607E-04	-2.879054E-04	7.491571E-05
7.425000E-01	2.937705E-03	6.679206E-04	-2.501780E-04	6.599732E-05
7.475000E-01	2.629388E-03	6.080252E-04	-2.167451E-04	5.797678E-05
7.525000E-01	2.347377E-03	5.521417E-04	-1.871754E-04	5.077589E-05
7.575000E-01	2.089957E-03	5.001036E-04	-1.611060E-04	4.433058E-05
7.625000E-01	1.855554E-03	4.517613E-04	-1.381978E-04	3.857961E-05
7.675000E-01	1.642678E-03	4.069697E-04	-1.181243E-04	3.346158E-05
7.725000E-01	1.449820E-03	3.655640E-04	-1.005965E-04	2.892203E-05
7.775000E-01	1.275557E-03	3.273843E-04	-8.533279E-05	2.490538E-05
7.825000E-01	1.118552E-03	2.922787E-04	-7.210638E-05	2.136872E-05
7.875000E-01	9.775220E-04	2.600931E-04	-6.066966E-05	1.826016E-05
7.925000E-01	8.511923E-04	2.306614E-04	-5.082207E-05	1.553883E-05
7.975000E-01	7.384002E-04	2.038322E-04	-4.238703E-05	1.316866E-05
8.025000E-01	6.380369E-04	1.794549E-04	-3.517790E-05	1.110802E-05
8.075000E-01	5.490286E-04	1.573741E-04	-2.904775E-05	9.325194E-06
8.125000E-01	4.704542E-04	1.374649E-04	-2.386950E-05	7.792814E-06
8.175000E-01	4.012834E-04	1.195572E-04	-1.951648E-05	6.481736E-06
8.225000E-01	3.405062E-04	1.034717E-04	-1.584308E-05	5.354377E-06
8.275000E-01	2.875382E-04	8.914442E-05	-1.279352E-05	4.401366E-06
8.325000E-01	2.415041E-04	7.641239E-05	-1.026455E-05	3.596017E-06
8.375000E-01	2.016867E-04	6.514869E-05	-8.180288E-06	2.919453E-06
8.425000E-01	1.674186E-04	5.523065E-05	-6.473096E-06	2.354355E-06
8.475000E-01	1.380827E-04	4.654083E-05	-5.083774E-06	1.885213E-06
8.525000E-01	1.131094E-04	3.896681E-05	-3.960982E-06	1.498273E-06
8.575000E-01	9.197607E-05	3.240180E-05	-3.060031E-06	1.181246E-06
8.625000E-01	7.420719E-05	2.674549E-05	-2.342744E-06	9.234091E-07
8.675000E-01	5.937216E-05	2.190415E-05	-1.776526E-06	7.153849E-07
8.725000E-01	4.707424E-05	1.778745E-05	-1.333295E-06	5.488535E-07
8.775000E-01	3.696154E-05	1.431317E-05	-9.897288E-07	4.167653E-07
8.825000E-01	2.871689E-05	1.140437E-05	-7.260451E-07	3.129614E-07
8.875000E-01	2.205696E-05	8.989716E-06	-5.258824E-07	2.322205E-07
8.925000E-01	1.673128E-05	7.003979E-06	-3.756664E-07	1.700833E-07
8.975000E-01	1.251934E-05	5.387608E-06	-2.644046E-07	1.228492E-07
9.025000E-01	9.227933E-06	4.086392E-06	-1.830843E-07	8.738440E-08
9.075000E-01	6.690088E-06	3.051804E-06	-1.245524E-07	6.113575E-08
9.125000E-01	4.761485E-06	2.240151E-06	-8.307932E-08	4.198840E-08
9.175000E-01	3.319929E-06	1.613084E-06	-5.424303E-08	2.826629E-08
9.225000E-01	2.261821E-06	1.136675E-06	-3.457359E-08	1.860485E-08
9.275000E-01	1.501109E-06	7.816006E-07	-2.145408E-08	1.194275E-08
9.325000E-01	9.668238E-07	5.225964E-07	-1.291140E-08	7.449770E-09
9.375000E-01	6.015943E-07	3.383389E-07	-7.508631E-09	4.500892E-09
9.425000E-01	3.595383E-07	2.109449E-07	-4.195405E-09	2.619610E-09
9.475000E-01	2.048973E-07	1.258027E-07	-2.236325E-09	1.459105E-09
9.525000E-01	1.102946E-07	7.113159E-08	-1.127779E-09	7.717873E-10
9.575000E-01	5.535587E-08	3.767122E-08	-5.315087E-10	3.832640E-10
9.625000E-01	2.546521E-08	1.839111E-08	-2.302791E-10	1.759709E-10
9.675000E-01	1.046688E-08	8.081153E-09	-8.935284E-11	7.289234E-11
9.725000E-01	3.705073E-09	3.088060E-09	-3.006621E-11	2.644132E-11
9.775000E-01	1.063279E-09	9.698357E-10	-8.256208E-12	7.935087E-12
9.825000E-01	2.210956E-10	2.252661E-10	-1.641968E-12	1.760401E-12
9.875000E-01	2.702413E-11	3.183071E-11	-1.947002E-13	2.409972E-13
9.925000E-01	1.140445E-12	1.665550E-12	-8.093258E-15	1.240507E-14
9.975000E-01	3.895018E-15	8.923309E-15	-4.994815E-17	1.199728E-16
