3.991794E-01	-4.487521E-01	9.740639E-01	2.912663E+00	-5.256589E-03	2.522991E-01
2.323048E-01	-2.583326E-01	9.251942E-01	3.031788E+00	1.154405E+00	2.493204E-01
4.019222E-01	-4.523086E-01	1.015845E+00	3.039480E+00	1.245694E-03	2.484566E-01
2.413673E-01	-2.742534E-01	9.301814E-01	3.053554E+00	1.021691E+00	2.544902E-01
2.088599E-01	-2.376813E-01	8.884988E-01	2.930761E+00	1.425275E+00	2.547626E-01
4.037255E-01	-4.472974E-01	1.009350E+00	3.011856E+00	9.027239E-05	2.480719E-01
2.170372E-01	-2.461302E-01	9.078933E-01	2.979542E+00	1.288697E+00	2.491550E-01
2.263354E-01	-2.517494E-01	9.436996E-01	3.135852E+00	1.214242E+00	2.488409E-01
1.959030E+00	-2.197310E+00	1.278131E+00	1.931486E+00	-1.178930E+00	2.490595E-01
8.524687E-01	-9.463907E-01	1.146205E+00	2.763157E+00	-7.944824E-01	2.603544E-01
2.214136E-01	-2.471974E-01	8.954934E-01	2.981319E+00	1.292475E+00	2.536654E-01
2.710749E-01	-3.060778E-01	9.459369E-01	3.037049E+00	7.355204E-01	2.479687E-01
1.251312E+00	-1.400980E+00	1.228176E+00	2.528825E+00	-1.029597E+00	2.470114E-01
3.978053E-01	-4.496352E-01	9.715614E-01	2.897669E+00	-3.758115E-03	2.466522E-01
3.968549E-01	-4.507830E-01	9.930846E-01	2.970249E+00	-2.215876E-03	2.488587E-01
3.973830E-01	-4.530273E-01	9.758951E-01	2.912545E+00	-2.120543E-05	2.526540E-01
4.006128E-01	-4.530696E-01	1.005711E+00	2.982018E+00	4.228255E-04	2.506318E-01
1.179495E+00	-1.322119E+00	1.192693E+00	2.494163E+00	-1.004049E+00	2.469593E-01
7.332091E-01	-8.225231E-01	1.114497E+00	2.861868E+00	-7.010741E-01	2.519845E-01
4.002060E-01	-4.482859E-01	1.006824E+00	3.054929E+00	-1.890750E-03	2.496851E-01
2.289782E-01	-2.570408E-01	9.176591E-01	3.038273E+00	1.176530E+00	2.498658E-01
2.357357E-01	-2.639849E-01	9.316160E-01	3.064645E+00	1.107482E+00	2.480704E-01
2.113722E-01	-2.386297E-01	8.969493E-01	3.002859E+00	1.385383E+00	2.524666E-01
1.447255E+00	-1.608786E+00	1.211758E+00	2.232154E+00	-1.085800E+00	2.478301E-01
6.934260E-01	-7.848944E-01	1.102393E+00	2.839718E+00	-6.529464E-01	2.515369E-01
4.029012E-01	-4.509879E-01	1.022607E+00	3.115402E+00	7.434447E-04	2.492333E-01
8.179915E-01	-9.086537E-01	1.122748E+00	2.736228E+00	-7.793353E-01	2.502326E-01
1.606258E+00	-1.811100E+00	1.260206E+00	2.217507E+00	-1.123461E+00	2.529745E-01
2.245412E-01	-2.520543E-01	8.665468E-01	2.822435E+00	1.219255E+00	2.518224E-01
3.942255E-01	-4.477566E-01	9.799148E-01	2.949307E+00	-1.624979E-03	2.458209E-01
2.209491E-01	-2.499119E-01	9.091678E-01	2.974613E+00	1.260373E+00	2.518386E-01
3.964525E-01	-4.524673E-01	1.003525E+00	3.035654E+00	-1.918347E-04	2.501575E-01
9.707122E-01	-1.091392E+00	1.163799E+00	2.663637E+00	-8.990472E-01	2.477666E-01
2.353729E-01	-2.656945E-01	9.040080E-01	2.948304E+00	1.076513E+00	2.485906E-01
4.013097E-01	-4.495135E-01	1.002854E+00	3.014097E+00	8.578852E-05	2.490256E-01
2.330815E-01	-2.652199E-01	9.166010E-01	2.995473E+00	1.100592E+00	2.482764E-01
7.726261E-01	-8.683421E-01	1.124510E+00	2.839305E+00	-7.416119E-01	2.526404E-01
2.014388E-01	-2.290026E-01	8.924519E-01	2.954371E+00	1.530586E+00	2.522471E-01
1.190991E+00	-1.330843E+00	1.225263E+00	2.573124E+00	-1.006069E+00	2.477975E-01
3.998829E-01	-4.526668E-01	1.012074E+00	3.053040E+00	1.124560E-03	2.516922E-01
7.003400E-01	-7.840378E-01	1.103258E+00	2.871607E+00	-6.623312E-01	2.461245E-01
3.999395E-01	-4.505270E-01	9.722466E-01	2.908354E+00	-1.391649E-03	2.497779E-01
3.968979E-01	-4.482904E-01	9.677487E-01	2.920345E+00	-1.980255E-03	2.463613E-01
1.003066E+00	-1.124036E+00	1.174485E+00	2.649193E+00	-9.158802E-01	2.492520E-01
4.035211E-01	-4.466354E-01	1.012690E+00	3.032273E+00	1.675720E-04	2.517556E-01
4.022381E-01	-4.459166E-01	1.046080E+00	3.202714E+00	-3.147698E-05	2.473913E-01
1.642243E+00	-1.893596E+00	1.216140E+00	2.030015E+00	-1.135095E+00	2.531575E-01
1.595019E+00	-1.787050E+00	1.253388E+00	2.228444E+00	-1.125691E+00	2.471498E-01
7.908360E-01	-8.946749E-01	1.130720E+00	2.826172E+00	-7.613417E-01	2.491884E-01
3.972372E-01	-4.511802E-01	9.966521E-01	3.025252E+00	-1.275991E-03	2.509435E-01
2.258058E-01	-2.514686E-01	9.174600E-01	2.982783E+00	1.244405E+00	2.526869E-01
4.011825E-01	-4.492104E-01	9.844740E-01	2.948761E+00	-1.198597E-03	2.488412E-01
2.456554E-01	-2.750520E-01	9.297004E-01	3.014945E+00	9.858332E-01	2.463608E-01
3.997189E-01	-4.477712E-01	9.901696E-01	2.945974E+00	-3.799340E-03	2.449791E-01
1.016342E+00	-1.150456E+00	1.202836E+00	2.723043E+00	-9.216845E-01	2.512552E-01
3.958780E-01	-4.478585E-01	9.910215E-01	2.986958E+00	-3.848911E-04	2.471850E-01
3.989025E-01	-4.494901E-01	1.014618E+00	3.024328E+00	-7.310364E-04	2.476510E-01
2.404800E-01	-2.687986E-01	9.044255E-01	2.945136E+00	1.044084E+00	2.499877E-01
2.148556E-01	-2.450039E-01	9.014842E-01	2.916513E+00	1.327772E+00	2.492471E-01
2.314641E-01	-2.616023E-01	9.202039E-01	3.035953E+00	1.139132E+00	2.529714E-01
2.315199E-01	-2.636573E-01	9.048985E-01	2.954296E+00	1.104185E+00	2.477768E-01
9.163947E-01	-1.032427E+00	1.135364E+00	2.603769E+00	-8.564882E-01	2.516657E-01
2.534567E-01	-2.878421E-01	9.141660E-01	2.980909E+00	8.925468E-01	2.512708E-01
1.263782E+00	-1.420848E+00	1.223326E+00	2.497815E+00	-1.032880E+00	2.528682E-01
3.995293E-01	-4.525931E-01	1.004527E+00	3.019363E+00	3.917582E-03	2.536614E-01
7.106279E-01	-8.055119E-01	1.091651E+00	2.768061E+00	-6.797942E-01	2.483781E-01
1.375414E+00	-1.553637E+00	1.240781E+00	2.411527E+00	-1.070219E+00	2.490377E-01
8.731077E-01	-9.915923E-01	1.137083E+00	2.716488E+00	-8.366323E-01	2.502813E-01
4.007333E-01	-4.479118E-01	9.850879E-01	2.933246E+00	-2.379221E-04	2.472242E-01
8.663740E-01	-9.703034E-01	1.152861E+00	2.820323E+00	-8.259742E-01	2.468634E-01
2.175208E-01	-2.425862E-01	9.000353E-01	2.961691E+00	1.318407E+00	2.467968E-01
7.911105E-01	-8.901209E-01	1.171882E+00	2.918756E+00	-7.529517E-01	2.566822E-01
2.503966E-01	-2.830378E-01	9.507486E-01	3.098097E+00	9.641966E-01	2.541122E-01
2.179788E-01	-2.423841E-01	9.076961E-01	2.984690E+00	1.328627E+00	2.477175E-01
2.159803E-01	-2.422525E-01	9.291041E-01	3.087740E+00	1.364501E+00	2.527273E-01
5.233950E-01	-5.862332E-01	1.049894E+00	3.002808E+00	-3.657893E-01	2.509416E-01
1.623009E+00	-1.824187E+00	1.215419E+00	2.052165E+00	-1.125926E+00	2.469649E-01
4.007717E-01	-4.499603E-01	9.778060E-01	2.935930E+00	-8.354515E-05	2.539951E-01
4.033258E-01	-4.541850E-01	1.040847E+00	3.127164E+00	2.512873E-03	2.491698E-01
1.047300E+00	-1.177487E+00	1.199166E+00	2.665357E+00	-9.398498E-01	2.492033E-01
2.360564E-01	-2.626815E-01	9.561292E-01	3.111032E+00	1.124468E+00	2.530593E-01
7.736020E-01	-8.787901E-01	1.134725E+00	2.865854E+00	-7.456320E-01	2.519274E-01
1.584082E+00	-1.790640E+00	1.249680E+00	2.209748E+00	-1.119786E+00	2.516083E-01
3.985710E-01	-4.527588E-01	9.933978E-01	2.982362E+00	1.493141E-04	2.515921E-01
2.084469E-01	-2.318591E-01	9.202589E-01	3.089394E+00	1.471563E+00	2.537323E-01
4.009927E-01	-4.521411E-01	1.032644E+00	3.135914E+00	3.690014E-04	2.488964E-01
2.224430E-01	-2.509795E-01	8.782916E-01	2.889358E+00	1.224953E+00	2.470629E-01
2.500460E-01	-2.802593E-01	9.501390E-01	3.083097E+00	9.258291E-01	2.427477E-01
3.981897E-01	-4.501566E-01	9.586066E-01	2.906358E+00	-5.648445E-03	2.476196E-01
2.260972E-01	-2.517130E-01	9.195127E-01	3.014531E+00	1.213332E+00	2.447839E-01
1.045663E+00	-1.192172E+00	1.195140E+00	2.637995E+00	-9.399415E-01	2.525518E-01
2.306283E-01	-2.614079E-01	9.027404E-01	2.980734E+00	1.119216E+00	2.482684E-01
2.236092E-01	-2.520823E-01	9.102341E-01	2.980360E+00	1.234559E+00	2.511388E-01
1.343882E+00	-1.517096E+00	1.219698E+00	2.403130E+00	-1.066134E+00	2.454957E-01
2.171136E-01	-2.390131E-01	9.257619E-01	3.067947E+00	1.357186E+00	2.506859E-01
7.682666E-01	-8.734369E-01	1.122020E+00	2.816933E+00	-7.419347E-01	2.482910E-01
3.989337E-01	-4.486728E-01	1.002729E+00	3.027566E+00	-1.879179E-04	2.482574E-01
2.109313E-01	-2.375515E-01	8.876300E-01	2.978387E+00	1.399318E+00	2.520714E-01
2.199909E-01	-2.464151E-01	8.858994E-01	2.884603E+00	1.291525E+00	2.534423E-01
7.916633E-01	-8.846242E-01	1.147936E+00	2.883886E+00	-7.569598E-01	2.528940E-01
