6.854277E-01	-7.679182E-01	1.093967E+00	2.853738E+00	-6.418983E-01	2.503345E-01
9.672583E-01	-1.088916E+00	1.174396E+00	2.704963E+00	-8.954492E-01	2.517783E-01
3.985953E-01	-4.494215E-01	9.991813E-01	3.005854E+00	-2.598358E-03	2.483048E-01
3.993582E-01	-4.502997E-01	1.003510E+00	2.997793E+00	3.250788E-04	2.496003E-01
1.934901E-01	-2.172799E-01	9.056955E-01	3.065873E+00	1.676913E+00	2.503699E-01
3.974761E-01	-4.498578E-01	9.923726E-01	2.948690E+00	-4.634854E-04	2.479889E-01
2.175497E-01	-2.481858E-01	9.267022E-01	3.082571E+00	1.296224E+00	2.475620E-01
1.034331E+00	-1.153395E+00	1.178329E+00	2.642459E+00	-9.319851E-01	2.489439E-01
2.372629E-01	-2.694119E-01	9.116750E-01	2.983343E+00	1.057059E+00	2.498950E-01
4.006318E-01	-4.506657E-01	1.017464E+00	3.040231E+00	2.428714E-03	2.507156E-01
2.470961E-01	-2.795794E-01	9.084018E-01	2.930879E+00	9.616962E-01	2.511426E-01
8.683184E-01	-9.763454E-01	1.159880E+00	2.823609E+00	-8.255146E-01	2.524760E-01
1.587224E+00	-1.778972E+00	1.241595E+00	2.185804E+00	-1.122738E+00	2.475832E-01
4.016434E-01	-4.494815E-01	9.826738E-01	2.936147E+00	-3.174565E-04	2.501009E-01
4.016061E-01	-4.493186E-01	1.004556E+00	3.002905E+00	1.113402E-03	2.490958E-01
2.163091E-01	-2.437032E-01	9.013725E-01	2.962673E+00	1.334090E+00	2.525695E-01
2.247721E-01	-2.514776E-01	9.145860E-01	3.018927E+00	1.216679E+00	2.494657E-01
2.130088E-01	-2.389151E-01	9.096754E-01	3.017932E+00	1.396889E+00	2.514819E-01
3.986883E-01	-4.510793E-01	1.005501E+00	3.004804E+00	8.559942E-04	2.510857E-01
2.671200E-01	-2.985909E-01	9.339328E-01	3.009939E+00	7.847948E-01	2.511061E-01
2.267303E-01	-2.527697E-01	9.030506E-01	2.966970E+00	1.213155E+00	2.509556E-01
4.002104E-01	-4.496213E-01	9.972451E-01	2.971891E+00	-1.326625E-03	2.461491E-01
6.159543E-01	-6.942225E-01	1.075659E+00	2.903099E+00	-5.453739E-01	2.499374E-01
4.000388E-01	-4.480737E-01	9.772524E-01	2.913999E+00	-7.654470E-04	2.481904E-01
2.391945E-01	-2.689382E-01	9.219453E-01	2.995962E+00	1.061717E+00	2.521997E-01
4.007579E-01	-4.511431E-01	9.969850E-01	2.976332E+00	2.402677E-03	2.513951E-01
4.005190E-01	-4.499540E-01	9.840292E-01	2.932587E+00	-9.458748E-04	2.501100E-01
8.486998E-01	-9.544342E-01	1.141239E+00	2.770725E+00	-8.126693E-01	2.487331E-01
3.984182E-01	-4.511952E-01	9.998564E-01	2.989069E+00	2.507022E-04	2.499513E-01
4.027457E-01	-4.496121E-01	1.001214E+00	3.006685E+00	2.601140E-03	2.514654E-01
4.003704E-01	-4.515859E-01	1.012108E+00	3.044174E+00	4.509913E-04	2.520560E-01
3.996609E-01	-4.515776E-01	1.003927E+00	3.015022E+00	2.434893E-03	2.515132E-01
3.977809E-01	-4.530319E-01	9.877303E-01	2.925922E+00	2.500417E-04	2.512451E-01
2.390163E-01	-2.691449E-01	9.403503E-01	3.090764E+00	1.059377E+00	2.494893E-01
4.023388E-01	-4.466651E-01	9.840003E-01	2.960965E+00	-1.193711E-03	2.513564E-01
3.982346E-01	-4.492117E-01	9.955882E-01	2.994319E+00	-3.866768E-03	2.505769E-01
4.016634E-01	-4.487644E-01	9.956630E-01	2.999943E+00	-1.328521E-03	2.524515E-01
9.782884E-01	-1.101519E+00	1.183330E+00	2.741235E+00	-9.039479E-01	2.536640E-01
2.512884E-01	-2.824742E-01	9.143075E-01	2.960384E+00	9.228436E-01	2.500096E-01
7.121124E-01	-8.081320E-01	1.110779E+00	2.854782E+00	-6.756558E-01	2.522282E-01
4.001717E-01	-4.502635E-01	1.000337E+00	2.995880E+00	7.026500E-04	2.508495E-01
2.372751E-01	-2.659017E-01	9.334274E-01	3.034768E+00	1.087174E+00	2.496291E-01
2.230895E-01	-2.522783E-01	9.320963E-01	3.075460E+00	1.242576E+00	2.504095E-01
4.003162E-01	-4.497326E-01	1.012908E+00	3.036223E+00	3.569380E-04	2.490420E-01
2.747555E-01	-3.096999E-01	9.576636E-01	3.067472E+00	7.165289E-01	2.492343E-01
3.997973E-01	-4.480642E-01	1.022106E+00	3.108792E+00	-1.510486E-03	2.494706E-01
4.000627E-01	-4.488929E-01	9.791668E-01	2.918769E+00	-3.891993E-03	2.500344E-01
9.748618E-01	-1.097651E+00	1.176076E+00	2.694384E+00	-8.983607E-01	2.494566E-01
7.741711E-01	-8.739691E-01	1.147495E+00	2.909926E+00	-7.440874E-01	2.516957E-01
2.177849E-01	-2.446162E-01	9.267909E-01	3.071545E+00	1.323093E+00	2.509321E-01
2.403178E-01	-2.701462E-01	9.362046E-01	3.069810E+00	1.048374E+00	2.501494E-01
7.823760E-01	-8.736345E-01	1.134137E+00	2.845731E+00	-7.462025E-01	2.500313E-01
2.190883E-01	-2.491838E-01	9.250669E-01	3.060747E+00	1.274082E+00	2.487887E-01
6.327248E-01	-7.126015E-01	1.090484E+00	2.927392E+00	-5.649377E-01	2.518871E-01
3.983914E-01	-4.507976E-01	9.939257E-01	2.964987E+00	-7.068011E-04	2.482613E-01
3.982987E-01	-4.513107E-01	1.002333E+00	2.992344E+00	7.228769E-05	2.465520E-01
2.468163E-01	-2.773504E-01	9.098209E-01	2.945609E+00	9.715529E-01	2.501624E-01
2.160458E-01	-2.409893E-01	9.108077E-01	3.016766E+00	1.350132E+00	2.485196E-01
8.009319E-01	-9.029109E-01	1.145266E+00	2.828396E+00	-7.719738E-01	2.492285E-01
3.987044E-01	-4.477499E-01	1.001866E+00	3.035761E+00	-1.252461E-03	2.484586E-01
6.368533E-01	-7.195390E-01	1.100589E+00	2.978954E+00	-5.760143E-01	2.524187E-01
3.992634E-01	-4.499902E-01	1.003955E+00	3.030868E+00	-1.453273E-04	2.503327E-01
1.621628E+00	-1.824165E+00	1.219798E+00	2.062334E+00	-1.126131E+00	2.501005E-01
4.018113E-01	-4.512764E-01	9.724604E-01	2.864885E+00	1.699371E-03	2.524596E-01
1.113076E+00	-1.248096E+00	1.212948E+00	2.650864E+00	-9.743734E-01	2.494259E-01
3.990050E-01	-4.505246E-01	9.929374E-01	2.978128E+00	-1.389077E-04	2.501880E-01
3.999046E-01	-4.509181E-01	1.003150E+00	3.023568E+00	1.601419E-03	2.517484E-01
2.097745E-01	-2.366401E-01	8.979823E-01	3.000701E+00	1.403539E+00	2.477783E-01
3.997266E-01	-4.508119E-01	1.020003E+00	3.066185E+00	3.113255E-03	2.513427E-01
3.981198E-01	-4.515835E-01	1.002044E+00	2.996473E+00	5.652337E-04	2.464379E-01
6.408387E-01	-7.215469E-01	1.097359E+00	2.939075E+00	-5.822169E-01	2.498669E-01
2.433566E-01	-2.731626E-01	9.265312E-01	3.022288E+00	1.014163E+00	2.480920E-01
8.855522E-01	-1.000019E+00	1.153469E+00	2.744288E+00	-8.381146E-01	2.523218E-01
3.995846E-01	-4.496117E-01	1.006170E+00	3.041592E+00	-5.613045E-04	2.487964E-01
3.988216E-01	-4.514916E-01	1.005540E+00	3.026557E+00	1.822880E-03	2.495729E-01
8.529796E-01	-9.659048E-01	1.149194E+00	2.764973E+00	-8.158846E-01	2.504579E-01
8.011085E-01	-9.088933E-01	1.151736E+00	2.869018E+00	-7.719728E-01	2.473667E-01
2.333949E-01	-2.608349E-01	9.115657E-01	2.996615E+00	1.126590E+00	2.471522E-01
2.352807E-01	-2.647209E-01	9.258816E-01	3.039031E+00	1.090536E+00	2.509897E-01
1.607017E+00	-1.811440E+00	1.255195E+00	2.183027E+00	-1.124841E+00	2.464809E-01
4.005510E-01	-4.513135E-01	1.001991E+00	2.994209E+00	3.252770E-03	2.520541E-01
2.437262E-01	-2.735541E-01	9.179145E-01	3.010190E+00	1.005463E+00	2.493857E-01
6.733372E-01	-7.575695E-01	1.128194E+00	2.991647E+00	-6.177076E-01	2.535400E-01
3.988958E-01	-4.503463E-01	9.816719E-01	2.910693E+00	-1.594124E-03	2.463847E-01
2.173325E-01	-2.442251E-01	8.988886E-01	2.961768E+00	1.317690E+00	2.504854E-01
6.107453E-01	-6.825992E-01	1.092122E+00	2.995312E+00	-5.329554E-01	2.496848E-01
2.287154E-01	-2.585240E-01	9.251420E-01	3.039760E+00	1.164325E+00	2.495925E-01
2.128895E-01	-2.423597E-01	8.973759E-01	2.968672E+00	1.357148E+00	2.499592E-01
4.004530E-01	-4.521931E-01	1.017809E+00	3.056903E+00	6.178564E-03	2.522367E-01
2.402642E-01	-2.698101E-01	9.288698E-01	3.045257E+00	1.041736E+00	2.502822E-01
2.078916E-01	-2.339369E-01	9.026998E-01	3.006564E+00	1.439712E+00	2.505319E-01
4.007217E-01	-4.481924E-01	9.940716E-01	2.997038E+00	-2.697326E-03	2.503711E-01
4.008264E-01	-4.494062E-01	1.009683E+00	3.053515E+00	9.865852E-05	2.511945E-01
1.113670E+00	-1.250525E+00	1.197863E+00	2.595886E+00	-9.738928E-01	2.500792E-01
2.284930E-01	-2.559351E-01	9.094992E-01	2.976644E+00	1.187529E+00	2.504216E-01
4.004472E-01	-4.497327E-01	1.000962E+00	3.004983E+00	3.316190E-05	2.504026E-01
2.244355E-01	-2.525796E-01	9.129646E-01	2.992512E+00	1.226769E+00	2.482582E-01
7.982637E-01	-8.986865E-01	1.161160E+00	2.902598E+00	-7.640508E-01	2.488006E-01
3.979415E-01	-4.512239E-01	9.931522E-01	2.974982E+00	-1.495820E-04	2.496848E-01
4.008170E-01	-4.526654E-01	9.759283E-01	2.870030E+00	1.113558E-03	2.521870E-01
