7.841583E-01	-8.717836E-01	1.122738E+00	2.839333E+00	-7.516710E-01	2.460585E-01
2.512898E-01	-2.803502E-01	9.295999E-01	2.987593E+00	9.423414E-01	2.526106E-01
7.967448E-01	-8.864867E-01	1.120815E+00	2.813565E+00	-7.583176E-01	2.517444E-01
4.030832E-01	-4.505276E-01	1.012928E+00	3.063741E+00	3.042580E-03	2.533880E-01
2.474452E-01	-2.806416E-01	9.411673E-01	3.064672E+00	9.541399E-01	2.506223E-01
3.969667E-01	-4.521852E-01	1.013873E+00	3.046473E+00	6.091147E-05	2.445754E-01
8.174937E-01	-9.227080E-01	1.137461E+00	2.825513E+00	-7.873475E-01	2.488670E-01
3.970940E-01	-4.545278E-01	1.034837E+00	3.095456E+00	5.778340E-03	2.526975E-01
3.987265E-01	-4.537796E-01	9.895286E-01	2.948639E+00	2.751554E-03	2.517291E-01
7.028714E-01	-7.876140E-01	1.112350E+00	2.911251E+00	-6.657551E-01	2.493834E-01
2.214518E-01	-2.485002E-01	9.012530E-01	2.965147E+00	1.268134E+00	2.482428E-01
3.997599E-01	-4.500061E-01	9.645242E-01	2.890237E+00	-3.787643E-03	2.493551E-01
2.321095E-01	-2.636354E-01	9.040530E-01	2.929187E+00	1.117439E+00	2.515180E-01
3.992765E-01	-4.498177E-01	9.996024E-01	3.008192E+00	-2.102381E-04	2.489616E-01
5.959158E-01	-6.685586E-01	1.106367E+00	3.065125E+00	-5.035467E-01	2.516733E-01
2.442063E-01	-2.750648E-01	9.063141E-01	2.955106E+00	9.810436E-01	2.456313E-01
5.549578E-01	-6.229680E-01	1.058122E+00	2.958860E+00	-4.335636E-01	2.467825E-01
2.166311E-01	-2.437891E-01	9.046033E-01	2.998490E+00	1.331714E+00	2.502965E-01
3.988474E-01	-4.535347E-01	9.884773E-01	2.951995E+00	3.584735E-04	2.505852E-01
4.007266E-01	-4.530602E-01	1.002688E+00	2.972639E+00	3.230948E-04	2.521348E-01
8.159354E-01	-9.165604E-01	1.118840E+00	2.747916E+00	-7.830671E-01	2.521723E-01
3.971623E-01	-4.501015E-01	9.996803E-01	3.003130E+00	-8.121937E-04	2.529401E-01
1.450319E+00	-1.634418E+00	1.239784E+00	2.287926E+00	-1.088529E+00	2.495515E-01
2.182784E-01	-2.500681E-01	9.298850E-01	3.047176E+00	1.289164E+00	2.493271E-01
8.739017E-01	-9.894099E-01	1.174531E+00	2.864477E+00	-8.316678E-01	2.504334E-01
2.196960E-01	-2.476839E-01	9.258530E-01	3.095263E+00	1.281486E+00	2.470695E-01
2.257056E-01	-2.549022E-01	9.154167E-01	3.046660E+00	1.203129E+00	2.520137E-01
1.023055E+00	-1.155939E+00	1.210426E+00	2.765344E+00	-9.312275E-01	2.477619E-01
3.999674E-01	-4.507266E-01	1.017193E+00	3.064449E+00	2.364606E-03	2.508855E-01
4.009826E-01	-4.459270E-01	9.978718E-01	2.993084E+00	-2.463215E-04	2.475358E-01
1.750280E-01	-1.960962E-01	8.809888E-01	2.990169E+00	2.015228E+00	2.502721E-01
3.970710E-01	-4.504366E-01	9.817984E-01	2.961941E+00	-4.040282E-04	2.511496E-01
1.000376E+00	-1.125798E+00	1.163168E+00	2.627687E+00	-9.172719E-01	2.475787E-01
4.027866E-01	-4.515301E-01	9.966847E-01	2.971806E+00	7.875975E-04	2.553187E-01
4.001047E-01	-4.503268E-01	9.947773E-01	2.992038E+00	1.561085E-04	2.486346E-01
4.019760E-01	-4.480526E-01	9.992709E-01	3.006757E+00	-1.762868E-06	2.508187E-01
8.403083E-01	-9.511970E-01	1.150546E+00	2.800825E+00	-8.058993E-01	2.475021E-01
8.531508E-01	-9.528809E-01	1.174805E+00	2.878593E+00	-8.089382E-01	2.553802E-01
1.056856E+00	-1.200008E+00	1.189276E+00	2.588952E+00	-9.489272E-01	2.480487E-01
4.003259E-01	-4.528688E-01	9.983330E-01	2.986118E+00	3.929904E-03	2.535753E-01
2.225475E-01	-2.493383E-01	9.255129E-01	3.074548E+00	1.243320E+00	2.475330E-01
2.436224E-01	-2.756359E-01	9.033598E-01	2.918416E+00	1.001182E+00	2.516177E-01
2.444507E-01	-2.703393E-01	9.175778E-01	3.011512E+00	1.011349E+00	2.475481E-01
6.640410E-01	-7.534492E-01	1.094574E+00	2.866638E+00	-6.135946E-01	2.498340E-01
3.997684E-01	-4.477159E-01	1.004779E+00	3.030721E+00	-1.079054E-03	2.495026E-01
3.965666E-01	-4.478801E-01	9.787446E-01	2.940851E+00	-7.262706E-04	2.484540E-01
4.025660E-01	-4.453071E-01	1.003424E+00	3.035647E+00	-2.915339E-03	2.479701E-01
4.027208E-01	-4.528731E-01	1.012822E+00	3.003857E+00	1.932620E-03	2.535021E-01
2.135787E-01	-2.375458E-01	9.211558E-01	3.054683E+00	1.377582E+00	2.472756E-01
3.990088E-01	-4.513308E-01	1.027087E+00	3.105858E+00	1.211749E-04	2.522456E-01
8.576652E-01	-9.690391E-01	1.176443E+00	2.876145E+00	-8.168098E-01	2.538029E-01
4.014713E-01	-4.507492E-01	1.010838E+00	3.051780E+00	4.074688E-03	2.522519E-01
6.362079E-01	-7.093295E-01	1.087599E+00	2.923626E+00	-5.667808E-01	2.508731E-01
4.019903E-01	-4.486406E-01	9.728911E-01	2.901431E+00	-3.084610E-04	2.496307E-01
2.175290E-01	-2.470216E-01	9.072298E-01	2.972759E+00	1.305130E+00	2.540867E-01
3.970729E-01	-4.520486E-01	9.995191E-01	2.989941E+00	-1.288052E-03	2.490377E-01
3.982910E-01	-4.523534E-01	9.954879E-01	2.958487E+00	5.998483E-04	2.524481E-01
3.992210E-01	-4.523609E-01	1.000912E+00	2.982519E+00	2.007320E-03	2.505214E-01
4.008824E-01	-4.485840E-01	9.911205E-01	2.996603E+00	-1.822122E-03	2.523948E-01
1.990437E-01	-2.244713E-01	8.909716E-01	2.993120E+00	1.585985E+00	2.526581E-01
4.019382E-01	-4.469492E-01	9.984955E-01	3.002716E+00	-1.117902E-04	2.513415E-01
2.004712E-01	-2.251061E-01	8.731770E-01	2.925967E+00	1.547572E+00	2.444317E-01
4.019646E-01	-4.507430E-01	1.020849E+00	3.115318E+00	5.628109E-03	2.542767E-01
6.793455E-01	-7.671062E-01	1.108015E+00	2.895449E+00	-6.350679E-01	2.487505E-01
9.177501E-01	-1.030688E+00	1.135325E+00	2.641190E+00	-8.586080E-01	2.521294E-01
4.005544E-01	-4.507913E-01	9.951263E-01	2.971188E+00	3.637554E-04	2.523834E-01
1.045149E+00	-1.175965E+00	1.191839E+00	2.673818E+00	-9.421397E-01	2.505313E-01
2.332517E-01	-2.618455E-01	8.891278E-01	2.906511E+00	1.115945E+00	2.498611E-01
8.756197E-01	-9.944826E-01	1.152313E+00	2.742667E+00	-8.355653E-01	2.467792E-01
1.540928E+00	-1.727261E+00	1.215182E+00	2.119786E+00	-1.106987E+00	2.495827E-01
1.740119E+00	-1.947074E+00	1.233392E+00	2.011512E+00	-1.147273E+00	2.496521E-01
4.008960E-01	-4.489536E-01	9.968521E-01	2.995447E+00	-4.853957E-04	2.496630E-01
1.078814E+00	-1.215387E+00	1.214822E+00	2.703809E+00	-9.587140E-01	2.483063E-01
3.985668E-01	-4.503735E-01	9.831690E-01	2.924186E+00	-2.669152E-03	2.470232E-01
2.476213E-01	-2.781682E-01	9.149980E-01	2.979431E+00	9.567183E-01	2.464506E-01
4.035791E-01	-4.478514E-01	9.651679E-01	2.880334E+00	-1.670821E-04	2.530637E-01
3.999250E-01	-4.484597E-01	9.850631E-01	2.959810E+00	-4.185133E-03	2.485844E-01
2.184255E-01	-2.496934E-01	8.933911E-01	2.932087E+00	1.267271E+00	2.503707E-01
2.441735E-01	-2.737395E-01	9.296279E-01	3.063146E+00	1.008287E+00	2.488342E-01
1.429435E+00	-1.601353E+00	1.259976E+00	2.450539E+00	-1.088340E+00	2.483511E-01
2.419267E-01	-2.684266E-01	9.128014E-01	3.011004E+00	1.037314E+00	2.502486E-01
7.736680E-01	-8.726586E-01	1.138367E+00	2.879472E+00	-7.463491E-01	2.503657E-01
2.474411E-01	-2.778031E-01	9.343168E-01	3.053304E+00	9.749808E-01	2.490954E-01
4.026416E-01	-4.512688E-01	1.021748E+00	3.093684E+00	9.908561E-03	2.534929E-01
3.990334E-01	-4.497182E-01	9.944261E-01	2.939202E+00	-2.139329E-04	2.494412E-01
4.014437E-01	-4.504628E-01	1.009770E+00	3.055599E+00	3.922687E-03	2.503107E-01
2.308177E-01	-2.568654E-01	9.279544E-01	3.057898E+00	1.182980E+00	2.518390E-01
1.310575E+00	-1.489469E+00	1.236698E+00	2.454664E+00	-1.052786E+00	2.497738E-01
3.984413E-01	-4.471340E-01	9.858828E-01	2.946315E+00	-4.563630E-04	2.501620E-01
1.152104E+00	-1.308046E+00	1.222474E+00	2.606330E+00	-9.924166E-01	2.495863E-01
8.766041E-01	-9.855600E-01	1.165071E+00	2.809934E+00	-8.284014E-01	2.523240E-01
2.220864E-01	-2.521225E-01	9.232893E-01	3.064147E+00	1.239470E+00	2.456607E-01
1.422014E+00	-1.601302E+00	1.239335E+00	2.345927E+00	-1.083344E+00	2.492578E-01
7.763499E-01	-8.694457E-01	1.122895E+00	2.849373E+00	-7.413893E-01	2.508313E-01
4.007267E-01	-4.497453E-01	1.034651E+00	3.150828E+00	2.060754E-04	2.492567E-01
7.968913E-01	-8.958493E-01	1.153591E+00	2.876549E+00	-7.647853E-01	2.502547E-01
4.014870E-01	-4.468253E-01	1.000380E+00	3.040038E+00	-2.189403E-03	2.459263E-01
3.991560E-01	-4.517819E-01	9.785310E-01	2.936879E+00	-5.884871E-04	2.500516E-01
7.735780E-01	-8.722916E-01	1.125542E+00	2.837097E+00	-7.471979E-01	2.488892E-01
1.627900E+00	-1.825029E+00	1.243475E+00	2.141959E+00	-1.126452E+00	2.518823E-01
