Q2l	 Q2u	 zl	 zu	 Ptl	 Ptu	 xl	 xu
1.0	 2.0	 0.30	 0.35	 0.0	 0.2	 0.0000	 0.1279
1.0	 2.0	 0.30	 0.35	 0.0	 0.2	 0.1279	 0.1484
1.0	 2.0	 0.30	 0.35	 0.0	 0.2	 0.1484	 0.1836
1.0	 2.0	 0.30	 0.35	 0.0	 0.2	 0.1836	 0.7000
1.0	 2.0	 0.30	 0.35	 0.2	 0.4	 0.0000	 0.0779
1.0	 2.0	 0.30	 0.35	 0.2	 0.4	 0.0779	 0.0993
1.0	 2.0	 0.30	 0.35	 0.2	 0.4	 0.0993	 0.1283
1.0	 2.0	 0.30	 0.35	 0.2	 0.4	 0.1283	 0.1733
1.0	 2.0	 0.30	 0.35	 0.2	 0.4	 0.1733	 0.7000
1.0	 2.0	 0.30	 0.35	 0.4	 0.6	 0.0000	 0.0980
1.0	 2.0	 0.30	 0.35	 0.4	 0.6	 0.0980	 0.7000
1.0	 2.0	 0.35	 0.40	 0.0	 0.2	 0.0000	 0.1205
1.0	 2.0	 0.35	 0.40	 0.0	 0.2	 0.1205	 0.1395
1.0	 2.0	 0.35	 0.40	 0.0	 0.2	 0.1395	 0.1653
1.0	 2.0	 0.35	 0.40	 0.0	 0.2	 0.1653	 0.7000
1.0	 2.0	 0.35	 0.40	 0.2	 0.4	 0.0000	 0.0863
1.0	 2.0	 0.35	 0.40	 0.2	 0.4	 0.0863	 0.1158
1.0	 2.0	 0.35	 0.40	 0.2	 0.4	 0.1158	 0.1398
1.0	 2.0	 0.35	 0.40	 0.2	 0.4	 0.1398	 0.1683
1.0	 2.0	 0.35	 0.40	 0.2	 0.4	 0.1683	 0.7000
1.0	 2.0	 0.35	 0.40	 0.4	 0.6	 0.0000	 0.0814
1.0	 2.0	 0.35	 0.40	 0.4	 0.6	 0.0814	 0.1094
1.0	 2.0	 0.35	 0.40	 0.4	 0.6	 0.1094	 0.7000
1.0	 2.0	 0.40	 0.45	 0.0	 0.2	 0.0000	 0.1185
1.0	 2.0	 0.40	 0.45	 0.0	 0.2	 0.1185	 0.1404
1.0	 2.0	 0.40	 0.45	 0.0	 0.2	 0.1404	 0.1725
1.0	 2.0	 0.40	 0.45	 0.0	 0.2	 0.1725	 0.7000
1.0	 2.0	 0.40	 0.45	 0.2	 0.4	 0.0000	 0.1015
1.0	 2.0	 0.40	 0.45	 0.2	 0.4	 0.1015	 0.1251
1.0	 2.0	 0.40	 0.45	 0.2	 0.4	 0.1251	 0.1458
1.0	 2.0	 0.40	 0.45	 0.2	 0.4	 0.1458	 0.1727
1.0	 2.0	 0.40	 0.45	 0.2	 0.4	 0.1727	 0.2465
1.0	 2.0	 0.40	 0.45	 0.2	 0.4	 0.2465	 0.7000
1.0	 2.0	 0.40	 0.45	 0.4	 0.6	 0.0000	 0.0813
1.0	 2.0	 0.40	 0.45	 0.4	 0.6	 0.0813	 0.1020
1.0	 2.0	 0.40	 0.45	 0.4	 0.6	 0.1020	 0.1474
1.0	 2.0	 0.40	 0.45	 0.4	 0.6	 0.1474	 0.7000
1.0	 2.0	 0.40	 0.45	 0.6	 1.6	 0.0000	 0.7000
1.0	 2.0	 0.45	 0.50	 0.0	 0.2	 0.0000	 0.1208
1.0	 2.0	 0.45	 0.50	 0.0	 0.2	 0.1208	 0.1487
1.0	 2.0	 0.45	 0.50	 0.0	 0.2	 0.1487	 0.2504
1.0	 2.0	 0.45	 0.50	 0.0	 0.2	 0.2504	 0.7000
1.0	 2.0	 0.45	 0.50	 0.2	 0.4	 0.0000	 0.1079
1.0	 2.0	 0.45	 0.50	 0.2	 0.4	 0.1079	 0.1287
1.0	 2.0	 0.45	 0.50	 0.2	 0.4	 0.1287	 0.1484
1.0	 2.0	 0.45	 0.50	 0.2	 0.4	 0.1484	 0.1759
1.0	 2.0	 0.45	 0.50	 0.2	 0.4	 0.1759	 0.2543
1.0	 2.0	 0.45	 0.50	 0.2	 0.4	 0.2543	 0.7000
1.0	 2.0	 0.45	 0.50	 0.4	 0.6	 0.0000	 0.0859
1.0	 2.0	 0.45	 0.50	 0.4	 0.6	 0.0859	 0.1137
1.0	 2.0	 0.45	 0.50	 0.4	 0.6	 0.1137	 0.1757
1.0	 2.0	 0.45	 0.50	 0.4	 0.6	 0.1757	 0.7000
1.0	 2.0	 0.45	 0.50	 0.6	 0.8	 0.0000	 0.1816
1.0	 2.0	 0.45	 0.50	 0.6	 0.8	 0.1816	 0.7000
1.0	 2.0	 0.50	 0.55	 0.0	 0.2	 0.0000	 0.1259
1.0	 2.0	 0.50	 0.55	 0.0	 0.2	 0.1259	 0.1667
1.0	 2.0	 0.50	 0.55	 0.0	 0.2	 0.1667	 0.7000
1.0	 2.0	 0.50	 0.55	 0.2	 0.4	 0.0000	 0.1116
1.0	 2.0	 0.50	 0.55	 0.2	 0.4	 0.1116	 0.1331
1.0	 2.0	 0.50	 0.55	 0.2	 0.4	 0.1331	 0.1566
1.0	 2.0	 0.50	 0.55	 0.2	 0.4	 0.1566	 0.1948
1.0	 2.0	 0.50	 0.55	 0.2	 0.4	 0.1948	 0.7000
1.0	 2.0	 0.50	 0.55	 0.4	 0.6	 0.0000	 0.0930
1.0	 2.0	 0.50	 0.55	 0.4	 0.6	 0.0930	 0.1317
1.0	 2.0	 0.50	 0.55	 0.4	 0.6	 0.1317	 0.7000
1.0	 2.0	 0.50	 0.55	 0.6	 0.8	 0.0000	 0.1218
1.0	 2.0	 0.50	 0.55	 0.6	 0.8	 0.1218	 0.7000
1.0	 2.0	 0.55	 0.60	 0.0	 0.2	 0.0000	 0.1353
1.0	 2.0	 0.55	 0.60	 0.0	 0.2	 0.1353	 0.7000
1.0	 2.0	 0.55	 0.60	 0.2	 0.4	 0.0000	 0.1131
1.0	 2.0	 0.55	 0.60	 0.2	 0.4	 0.1131	 0.1367
1.0	 2.0	 0.55	 0.60	 0.2	 0.4	 0.1367	 0.1664
1.0	 2.0	 0.55	 0.60	 0.2	 0.4	 0.1664	 0.2450
1.0	 2.0	 0.55	 0.60	 0.2	 0.4	 0.2450	 0.7000
1.0	 2.0	 0.55	 0.60	 0.4	 0.6	 0.0000	 0.1023
1.0	 2.0	 0.55	 0.60	 0.4	 0.6	 0.1023	 0.1516
1.0	 2.0	 0.55	 0.60	 0.4	 0.6	 0.1516	 0.7000
1.0	 2.0	 0.55	 0.60	 0.6	 0.8	 0.0000	 0.1228
1.0	 2.0	 0.55	 0.60	 0.6	 0.8	 0.1228	 0.7000
1.0	 2.0	 0.55	 0.60	 0.8	 1.6	 0.0000	 0.7000
1.0	 2.0	 0.60	 0.65	 0.0	 0.2	 0.0000	 0.1494
1.0	 2.0	 0.60	 0.65	 0.0	 0.2	 0.1494	 0.7000
1.0	 2.0	 0.60	 0.65	 0.2	 0.4	 0.0000	 0.1154
1.0	 2.0	 0.60	 0.65	 0.2	 0.4	 0.1154	 0.1444
1.0	 2.0	 0.60	 0.65	 0.2	 0.4	 0.1444	 0.1890
1.0	 2.0	 0.60	 0.65	 0.2	 0.4	 0.1890	 0.7000
1.0	 2.0	 0.60	 0.65	 0.4	 0.6	 0.0000	 0.1167
1.0	 2.0	 0.60	 0.65	 0.4	 0.6	 0.1167	 0.1836
1.0	 2.0	 0.60	 0.65	 0.4	 0.6	 0.1836	 0.7000
1.0	 2.0	 0.60	 0.65	 0.6	 0.8	 0.0000	 0.1283
1.0	 2.0	 0.60	 0.65	 0.6	 0.8	 0.1283	 0.7000
1.0	 2.0	 0.60	 0.65	 0.8	 1.6	 0.0000	 0.7000
1.0	 2.0	 0.65	 0.70	 0.0	 0.2	 0.0000	 0.1763
1.0	 2.0	 0.65	 0.70	 0.0	 0.2	 0.1763	 0.7000
1.0	 2.0	 0.65	 0.70	 0.2	 0.4	 0.0000	 0.1195
1.0	 2.0	 0.65	 0.70	 0.2	 0.4	 0.1195	 0.1560
1.0	 2.0	 0.65	 0.70	 0.2	 0.4	 0.1560	 0.7000
1.0	 2.0	 0.65	 0.70	 0.4	 0.6	 0.0000	 0.1287
1.0	 2.0	 0.65	 0.70	 0.4	 0.6	 0.1287	 0.7000
1.0	 2.0	 0.65	 0.70	 0.6	 1.0	 0.0000	 0.1083
1.0	 2.0	 0.65	 0.70	 0.6	 1.0	 0.1083	 0.7000
2.0	 3.0	 0.30	 0.35	 0.0	 0.2	 0.0000	 0.1789
2.0	 3.0	 0.30	 0.35	 0.0	 0.2	 0.1789	 0.2040
2.0	 3.0	 0.30	 0.35	 0.0	 0.2	 0.2040	 0.2340
2.0	 3.0	 0.30	 0.35	 0.0	 0.2	 0.2340	 0.2829
2.0	 3.0	 0.30	 0.35	 0.0	 0.2	 0.2829	 0.7000
2.0	 3.0	 0.30	 0.35	 0.2	 0.4	 0.0000	 0.1680
2.0	 3.0	 0.30	 0.35	 0.2	 0.4	 0.1680	 0.1907
2.0	 3.0	 0.30	 0.35	 0.2	 0.4	 0.1907	 0.2123
2.0	 3.0	 0.30	 0.35	 0.2	 0.4	 0.2123	 0.2361
2.0	 3.0	 0.30	 0.35	 0.2	 0.4	 0.2361	 0.2703
2.0	 3.0	 0.30	 0.35	 0.2	 0.4	 0.2703	 0.3338
2.0	 3.0	 0.30	 0.35	 0.2	 0.4	 0.3338	 0.7000
2.0	 3.0	 0.35	 0.40	 0.0	 0.2	 0.0000	 0.1910
2.0	 3.0	 0.35	 0.40	 0.0	 0.2	 0.1910	 0.2257
2.0	 3.0	 0.35	 0.40	 0.0	 0.2	 0.2257	 0.2843
2.0	 3.0	 0.35	 0.40	 0.0	 0.2	 0.2843	 0.7000
2.0	 3.0	 0.35	 0.40	 0.2	 0.4	 0.0000	 0.1693
2.0	 3.0	 0.35	 0.40	 0.2	 0.4	 0.1693	 0.1912
2.0	 3.0	 0.35	 0.40	 0.2	 0.4	 0.1912	 0.2111
2.0	 3.0	 0.35	 0.40	 0.2	 0.4	 0.2111	 0.2324
2.0	 3.0	 0.35	 0.40	 0.2	 0.4	 0.2324	 0.2603
2.0	 3.0	 0.35	 0.40	 0.2	 0.4	 0.2603	 0.3036
2.0	 3.0	 0.35	 0.40	 0.2	 0.4	 0.3036	 0.7000
2.0	 3.0	 0.35	 0.40	 0.4	 1.6	 0.0000	 0.7000
2.0	 3.0	 0.40	 0.45	 0.0	 0.2	 0.0000	 0.2041
2.0	 3.0	 0.40	 0.45	 0.0	 0.2	 0.2041	 0.2604
2.0	 3.0	 0.40	 0.45	 0.0	 0.2	 0.2604	 0.7000
2.0	 3.0	 0.40	 0.45	 0.2	 0.4	 0.0000	 0.1766
2.0	 3.0	 0.40	 0.45	 0.2	 0.4	 0.1766	 0.2008
2.0	 3.0	 0.40	 0.45	 0.2	 0.4	 0.2008	 0.2245
2.0	 3.0	 0.40	 0.45	 0.2	 0.4	 0.2245	 0.2542
2.0	 3.0	 0.40	 0.45	 0.2	 0.4	 0.2542	 0.3029
2.0	 3.0	 0.40	 0.45	 0.2	 0.4	 0.3029	 0.7000
2.0	 3.0	 0.40	 0.45	 0.4	 0.6	 0.0000	 0.2778
2.0	 3.0	 0.40	 0.45	 0.4	 0.6	 0.2778	 0.7000
2.0	 3.0	 0.45	 0.50	 0.0	 0.2	 0.0000	 0.2200
2.0	 3.0	 0.45	 0.50	 0.0	 0.2	 0.2200	 0.3475
2.0	 3.0	 0.45	 0.50	 0.0	 0.2	 0.3475	 0.7000
2.0	 3.0	 0.45	 0.50	 0.2	 0.4	 0.0000	 0.1876
2.0	 3.0	 0.45	 0.50	 0.2	 0.4	 0.1876	 0.2180
2.0	 3.0	 0.45	 0.50	 0.2	 0.4	 0.2180	 0.2537
2.0	 3.0	 0.45	 0.50	 0.2	 0.4	 0.2537	 0.3210
2.0	 3.0	 0.45	 0.50	 0.2	 0.4	 0.3210	 0.7000
2.0	 3.0	 0.45	 0.50	 0.4	 0.6	 0.0000	 0.2183
2.0	 3.0	 0.45	 0.50	 0.4	 0.6	 0.2183	 0.3562
2.0	 3.0	 0.45	 0.50	 0.4	 0.6	 0.3562	 0.7000
2.0	 3.0	 0.50	 0.55	 0.0	 0.2	 0.0000	 0.2459
2.0	 3.0	 0.50	 0.55	 0.0	 0.2	 0.2459	 0.7000
2.0	 3.0	 0.50	 0.55	 0.2	 0.4	 0.0000	 0.1994
2.0	 3.0	 0.50	 0.55	 0.2	 0.4	 0.1994	 0.2402
2.0	 3.0	 0.50	 0.55	 0.2	 0.4	 0.2402	 0.3142
2.0	 3.0	 0.50	 0.55	 0.2	 0.4	 0.3142	 0.7000
2.0	 3.0	 0.50	 0.55	 0.4	 0.6	 0.0000	 0.2093
2.0	 3.0	 0.50	 0.55	 0.4	 0.6	 0.2093	 0.2924
2.0	 3.0	 0.50	 0.55	 0.4	 0.6	 0.2924	 0.7000
2.0	 3.0	 0.55	 0.60	 0.0	 0.2	 0.0000	 0.2956
2.0	 3.0	 0.55	 0.60	 0.0	 0.2	 0.2956	 0.7000
2.0	 3.0	 0.55	 0.60	 0.2	 0.4	 0.0000	 0.2111
2.0	 3.0	 0.55	 0.60	 0.2	 0.4	 0.2111	 0.2749
2.0	 3.0	 0.55	 0.60	 0.2	 0.4	 0.2749	 0.7000
2.0	 3.0	 0.55	 0.60	 0.4	 0.6	 0.0000	 0.2132
2.0	 3.0	 0.55	 0.60	 0.4	 0.6	 0.2132	 0.3211
2.0	 3.0	 0.55	 0.60	 0.4	 0.6	 0.3211	 0.7000
2.0	 3.0	 0.55	 0.60	 0.6	 1.6	 0.0000	 0.7000
2.0	 3.0	 0.60	 0.65	 0.0	 0.4	 0.0000	 0.2078
2.0	 3.0	 0.60	 0.65	 0.0	 0.4	 0.2078	 0.2574
2.0	 3.0	 0.60	 0.65	 0.0	 0.4	 0.2574	 0.7000
2.0	 3.0	 0.60	 0.65	 0.4	 0.6	 0.0000	 0.2269
2.0	 3.0	 0.60	 0.65	 0.4	 0.6	 0.2269	 0.7000
2.0	 3.0	 0.60	 0.65	 0.6	 1.6	 0.0000	 0.7000
2.0	 3.0	 0.65	 0.70	 0.0	 0.4	 0.0000	 0.2217
2.0	 3.0	 0.65	 0.70	 0.0	 0.4	 0.2217	 0.7000
2.0	 3.0	 0.65	 0.70	 0.4	 0.6	 0.0000	 0.2536
2.0	 3.0	 0.65	 0.70	 0.4	 0.6	 0.2536	 0.7000
2.0	 3.0	 0.65	 0.70	 0.6	 1.6	 0.0000	 0.7000
3.0	 4.0	 0.30	 0.35	 0.0	 0.2	 0.0000	 0.2761
3.0	 4.0	 0.30	 0.35	 0.0	 0.2	 0.2761	 0.3295
3.0	 4.0	 0.30	 0.35	 0.0	 0.2	 0.3295	 0.4563
3.0	 4.0	 0.30	 0.35	 0.0	 0.2	 0.4563	 0.7000
3.0	 4.0	 0.30	 0.35	 0.2	 0.4	 0.0000	 0.2374
3.0	 4.0	 0.30	 0.35	 0.2	 0.4	 0.2374	 0.2610
3.0	 4.0	 0.30	 0.35	 0.2	 0.4	 0.2610	 0.2815
3.0	 4.0	 0.30	 0.35	 0.2	 0.4	 0.2815	 0.3025
3.0	 4.0	 0.30	 0.35	 0.2	 0.4	 0.3025	 0.3290
3.0	 4.0	 0.30	 0.35	 0.2	 0.4	 0.3290	 0.3653
3.0	 4.0	 0.30	 0.35	 0.2	 0.4	 0.3653	 0.4322
3.0	 4.0	 0.30	 0.35	 0.2	 0.4	 0.4322	 0.7000
3.0	 4.0	 0.30	 0.35	 0.4	 1.6	 0.0000	 0.7000
3.0	 4.0	 0.35	 0.40	 0.0	 0.2	 0.0000	 0.2902
3.0	 4.0	 0.35	 0.40	 0.0	 0.2	 0.2902	 0.3823
3.0	 4.0	 0.35	 0.40	 0.0	 0.2	 0.3823	 0.7000
3.0	 4.0	 0.35	 0.40	 0.2	 0.4	 0.0000	 0.2523
3.0	 4.0	 0.35	 0.40	 0.2	 0.4	 0.2523	 0.2797
3.0	 4.0	 0.35	 0.40	 0.2	 0.4	 0.2797	 0.3078
3.0	 4.0	 0.35	 0.40	 0.2	 0.4	 0.3078	 0.3458
3.0	 4.0	 0.35	 0.40	 0.2	 0.4	 0.3458	 0.4117
3.0	 4.0	 0.35	 0.40	 0.2	 0.4	 0.4117	 0.7000
3.0	 4.0	 0.35	 0.40	 0.4	 0.6	 0.0000	 0.2907
3.0	 4.0	 0.35	 0.40	 0.4	 0.6	 0.2907	 0.7000
3.0	 4.0	 0.40	 0.45	 0.0	 0.2	 0.0000	 0.3099
3.0	 4.0	 0.40	 0.45	 0.0	 0.2	 0.3099	 0.7000
3.0	 4.0	 0.40	 0.45	 0.2	 0.4	 0.0000	 0.2661
3.0	 4.0	 0.40	 0.45	 0.2	 0.4	 0.2661	 0.3015
3.0	 4.0	 0.40	 0.45	 0.2	 0.4	 0.3015	 0.3504
3.0	 4.0	 0.40	 0.45	 0.2	 0.4	 0.3504	 0.7000
3.0	 4.0	 0.40	 0.45	 0.4	 0.6	 0.0000	 0.2723
3.0	 4.0	 0.40	 0.45	 0.4	 0.6	 0.2723	 0.3463
3.0	 4.0	 0.40	 0.45	 0.4	 0.6	 0.3463	 0.7000
3.0	 4.0	 0.45	 0.50	 0.0	 0.2	 0.0000	 0.3447
3.0	 4.0	 0.45	 0.50	 0.0	 0.2	 0.3447	 0.7000
3.0	 4.0	 0.45	 0.50	 0.2	 0.4	 0.0000	 0.2773
3.0	 4.0	 0.45	 0.50	 0.2	 0.4	 0.2773	 0.3271
3.0	 4.0	 0.45	 0.50	 0.2	 0.4	 0.3271	 0.7000
3.0	 4.0	 0.45	 0.50	 0.4	 0.6	 0.0000	 0.2767
3.0	 4.0	 0.45	 0.50	 0.4	 0.6	 0.2767	 0.3623
3.0	 4.0	 0.45	 0.50	 0.4	 0.6	 0.3623	 0.7000
3.0	 4.0	 0.50	 0.55	 0.0	 0.2	 0.0000	 0.4070
3.0	 4.0	 0.50	 0.55	 0.0	 0.2	 0.4070	 0.7000
3.0	 4.0	 0.50	 0.55	 0.2	 0.4	 0.0000	 0.2919
3.0	 4.0	 0.50	 0.55	 0.2	 0.4	 0.2919	 0.3805
3.0	 4.0	 0.50	 0.55	 0.2	 0.4	 0.3805	 0.7000
3.0	 4.0	 0.50	 0.55	 0.4	 0.6	 0.0000	 0.2939
3.0	 4.0	 0.50	 0.55	 0.4	 0.6	 0.2939	 0.7000
3.0	 4.0	 0.50	 0.55	 0.6	 1.6	 0.0000	 0.7000
3.0	 4.0	 0.55	 0.60	 0.0	 0.4	 0.0000	 0.2853
3.0	 4.0	 0.55	 0.60	 0.0	 0.4	 0.2853	 0.3534
3.0	 4.0	 0.55	 0.60	 0.0	 0.4	 0.3534	 0.7000
3.0	 4.0	 0.55	 0.60	 0.4	 0.6	 0.0000	 0.3179
3.0	 4.0	 0.55	 0.60	 0.4	 0.6	 0.3179	 0.7000
3.0	 4.0	 0.55	 0.60	 0.6	 1.6	 0.0000	 0.7000
3.0	 4.0	 0.60	 0.65	 0.0	 0.4	 0.0000	 0.3021
3.0	 4.0	 0.60	 0.65	 0.0	 0.4	 0.3021	 0.7000
3.0	 4.0	 0.60	 0.65	 0.4	 0.6	 0.0000	 0.3675
3.0	 4.0	 0.60	 0.65	 0.4	 0.6	 0.3675	 0.7000
3.0	 4.0	 0.60	 0.65	 0.6	 1.6	 0.0000	 0.7000
3.0	 4.0	 0.65	 0.70	 0.0	 0.4	 0.0000	 0.3294
3.0	 4.0	 0.65	 0.70	 0.0	 0.4	 0.3294	 0.7000
3.0	 4.0	 0.65	 0.70	 0.4	 0.8	 0.0000	 0.3190
3.0	 4.0	 0.65	 0.70	 0.4	 0.8	 0.3190	 0.7000
4.0	 5.0	 0.30	 0.35	 0.0	 0.2	 0.0000	 0.3704
4.0	 5.0	 0.30	 0.35	 0.0	 0.2	 0.3704	 0.7000
4.0	 5.0	 0.30	 0.35	 0.2	 0.4	 0.0000	 0.3291
4.0	 5.0	 0.30	 0.35	 0.2	 0.4	 0.3291	 0.3577
4.0	 5.0	 0.30	 0.35	 0.2	 0.4	 0.3577	 0.3883
4.0	 5.0	 0.30	 0.35	 0.2	 0.4	 0.3883	 0.4326
4.0	 5.0	 0.30	 0.35	 0.2	 0.4	 0.4326	 0.7000
4.0	 5.0	 0.30	 0.35	 0.4	 0.6	 0.0000	 0.4131
4.0	 5.0	 0.30	 0.35	 0.4	 0.6	 0.4131	 0.7000
4.0	 5.0	 0.35	 0.40	 0.0	 0.2	 0.0000	 0.3951
4.0	 5.0	 0.35	 0.40	 0.0	 0.2	 0.3951	 0.7000
4.0	 5.0	 0.35	 0.40	 0.2	 0.4	 0.0000	 0.3409
4.0	 5.0	 0.35	 0.40	 0.2	 0.4	 0.3409	 0.3783
4.0	 5.0	 0.35	 0.40	 0.2	 0.4	 0.3783	 0.4371
4.0	 5.0	 0.35	 0.40	 0.2	 0.4	 0.4371	 0.7000
4.0	 5.0	 0.35	 0.40	 0.4	 0.6	 0.0000	 0.3648
4.0	 5.0	 0.35	 0.40	 0.4	 0.6	 0.3648	 0.5087
4.0	 5.0	 0.35	 0.40	 0.4	 0.6	 0.5087	 0.7000
4.0	 5.0	 0.40	 0.45	 0.0	 0.2	 0.0000	 0.4336
4.0	 5.0	 0.40	 0.45	 0.0	 0.2	 0.4336	 0.7000
4.0	 5.0	 0.40	 0.45	 0.2	 0.4	 0.0000	 0.3530
4.0	 5.0	 0.40	 0.45	 0.2	 0.4	 0.3530	 0.4110
4.0	 5.0	 0.40	 0.45	 0.2	 0.4	 0.4110	 0.7000
4.0	 5.0	 0.40	 0.45	 0.4	 0.6	 0.0000	 0.3669
4.0	 5.0	 0.40	 0.45	 0.4	 0.6	 0.3669	 0.7000
4.0	 5.0	 0.45	 0.50	 0.0	 0.4	 0.0000	 0.3476
4.0	 5.0	 0.45	 0.50	 0.0	 0.4	 0.3476	 0.3956
4.0	 5.0	 0.45	 0.50	 0.0	 0.4	 0.3956	 0.5107
4.0	 5.0	 0.45	 0.50	 0.0	 0.4	 0.5107	 0.7000
4.0	 5.0	 0.45	 0.50	 0.4	 0.6	 0.0000	 0.3876
4.0	 5.0	 0.45	 0.50	 0.4	 0.6	 0.3876	 0.7000
4.0	 5.0	 0.45	 0.50	 0.6	 1.6	 0.0000	 0.7000
4.0	 5.0	 0.50	 0.55	 0.0	 0.4	 0.0000	 0.3595
4.0	 5.0	 0.50	 0.55	 0.0	 0.4	 0.3595	 0.4411
4.0	 5.0	 0.50	 0.55	 0.0	 0.4	 0.4411	 0.7000
4.0	 5.0	 0.50	 0.55	 0.4	 0.6	 0.0000	 0.4196
4.0	 5.0	 0.50	 0.55	 0.4	 0.6	 0.4196	 0.7000
4.0	 5.0	 0.50	 0.55	 0.6	 1.6	 0.0000	 0.7000
4.0	 5.0	 0.55	 0.60	 0.0	 0.4	 0.0000	 0.3767
4.0	 5.0	 0.55	 0.60	 0.0	 0.4	 0.3767	 0.7000
4.0	 5.0	 0.55	 0.60	 0.4	 0.8	 0.0000	 0.3916
4.0	 5.0	 0.55	 0.60	 0.4	 0.8	 0.3916	 0.7000
4.0	 5.0	 0.60	 0.65	 0.0	 0.4	 0.0000	 0.4048
4.0	 5.0	 0.60	 0.65	 0.0	 0.4	 0.4048	 0.7000
4.0	 5.0	 0.60	 0.65	 0.4	 1.0	 0.0000	 0.4176
4.0	 5.0	 0.60	 0.65	 0.4	 1.0	 0.4176	 0.7000
4.0	 5.0	 0.65	 0.70	 0.0	 0.6	 0.0000	 0.3812
4.0	 5.0	 0.65	 0.70	 0.0	 0.6	 0.3812	 0.7000
4.0	 5.0	 0.65	 0.70	 0.6	 1.6	 0.0000	 0.7000
5.0	 6.0	 0.30	 0.35	 0.0	 0.4	 0.0000	 0.4172
5.0	 6.0	 0.30	 0.35	 0.0	 0.4	 0.4172	 0.4622
5.0	 6.0	 0.30	 0.35	 0.0	 0.4	 0.4622	 0.7000
5.0	 6.0	 0.30	 0.35	 0.4	 1.6	 0.0000	 0.7000
5.0	 6.0	 0.35	 0.40	 0.0	 0.4	 0.0000	 0.4287
5.0	 6.0	 0.35	 0.40	 0.0	 0.4	 0.4287	 0.5053
5.0	 6.0	 0.35	 0.40	 0.0	 0.4	 0.5053	 0.7000
5.0	 6.0	 0.35	 0.40	 0.4	 1.6	 0.0000	 0.7000
5.0	 6.0	 0.40	 0.45	 0.0	 0.4	 0.0000	 0.4434
5.0	 6.0	 0.40	 0.45	 0.0	 0.4	 0.4434	 0.7000
5.0	 6.0	 0.40	 0.45	 0.4	 1.6	 0.0000	 0.7000
5.0	 6.0	 0.45	 0.50	 0.0	 0.4	 0.0000	 0.4684
5.0	 6.0	 0.45	 0.50	 0.0	 0.4	 0.4684	 0.7000
5.0	 6.0	 0.45	 0.50	 0.4	 1.6	 0.0000	 0.7000
5.0	 6.0	 0.50	 0.55	 0.0	 0.4	 0.0000	 0.5227
5.0	 6.0	 0.50	 0.55	 0.0	 0.4	 0.5227	 0.7000
5.0	 6.0	 0.50	 0.55	 0.4	 1.6	 0.0000	 0.7000
5.0	 6.0	 0.55	 0.60	 0.0	 0.6	 0.0000	 0.4851
5.0	 6.0	 0.55	 0.60	 0.0	 0.6	 0.4851	 0.7000
5.0	 6.0	 0.60	 0.65	 0.0	 1.6	 0.0000	 0.7000
5.0	 6.0	 0.65	 0.70	 0.0	 1.6	 0.0000	 0.7000
6.0	 8.0	 0.30	 0.35	 0.0	 0.4	 0.0000	 0.5276
6.0	 8.0	 0.30	 0.35	 0.0	 0.4	 0.5276	 0.7000
6.0	 8.0	 0.30	 0.35	 0.4	 1.6	 0.0000	 0.7000
6.0	 8.0	 0.35	 0.40	 0.0	 0.4	 0.0000	 0.5534
6.0	 8.0	 0.35	 0.40	 0.0	 0.4	 0.5534	 0.7000
6.0	 8.0	 0.35	 0.40	 0.4	 1.6	 0.0000	 0.7000
6.0	 8.0	 0.40	 0.45	 0.0	 0.4	 0.0000	 0.5987
6.0	 8.0	 0.40	 0.45	 0.0	 0.4	 0.5987	 0.7000
6.0	 8.0	 0.40	 0.45	 0.4	 1.6	 0.0000	 0.7000
6.0	 8.0	 0.45	 0.50	 0.0	 0.6	 0.0000	 0.5729
6.0	 8.0	 0.45	 0.50	 0.0	 0.6	 0.5729	 0.7000
6.0	 8.0	 0.50	 0.55	 0.0	 1.6	 0.0000	 0.7000
6.0	 8.0	 0.55	 0.60	 0.0	 1.6	 0.0000	 0.7000
6.0	 8.0	 0.60	 0.65	 0.0	 1.6	 0.0000	 0.7000
