Q2l	 Q2u	 zl	 zu	 Ptl	 Ptu	 xl	 xu
1.0	 2.0	 0.30	 0.35	 0.0	 0.2	 0.0000	 0.0992
1.0	 2.0	 0.30	 0.35	 0.0	 0.2	 0.0992	 0.1123
1.0	 2.0	 0.30	 0.35	 0.0	 0.2	 0.1123	 0.1230
1.0	 2.0	 0.30	 0.35	 0.0	 0.2	 0.1230	 0.1324
1.0	 2.0	 0.30	 0.35	 0.0	 0.2	 0.1324	 0.1408
1.0	 2.0	 0.30	 0.35	 0.0	 0.2	 0.1408	 0.1492
1.0	 2.0	 0.30	 0.35	 0.0	 0.2	 0.1492	 0.1579
1.0	 2.0	 0.30	 0.35	 0.0	 0.2	 0.1579	 0.1670
1.0	 2.0	 0.30	 0.35	 0.0	 0.2	 0.1670	 0.1770
1.0	 2.0	 0.30	 0.35	 0.0	 0.2	 0.1770	 0.1886
1.0	 2.0	 0.30	 0.35	 0.0	 0.2	 0.1886	 0.2031
1.0	 2.0	 0.30	 0.35	 0.0	 0.2	 0.2031	 0.2229
1.0	 2.0	 0.30	 0.35	 0.0	 0.2	 0.2229	 0.2540
1.0	 2.0	 0.30	 0.35	 0.0	 0.2	 0.2540	 0.7000
1.0	 2.0	 0.30	 0.35	 0.2	 0.4	 0.0000	 0.0697
1.0	 2.0	 0.30	 0.35	 0.2	 0.4	 0.0697	 0.0750
1.0	 2.0	 0.30	 0.35	 0.2	 0.4	 0.0750	 0.0791
1.0	 2.0	 0.30	 0.35	 0.2	 0.4	 0.0791	 0.0828
1.0	 2.0	 0.30	 0.35	 0.2	 0.4	 0.0828	 0.0860
1.0	 2.0	 0.30	 0.35	 0.2	 0.4	 0.0860	 0.0892
1.0	 2.0	 0.30	 0.35	 0.2	 0.4	 0.0892	 0.0922
1.0	 2.0	 0.30	 0.35	 0.2	 0.4	 0.0922	 0.0951
1.0	 2.0	 0.30	 0.35	 0.2	 0.4	 0.0951	 0.0982
1.0	 2.0	 0.30	 0.35	 0.2	 0.4	 0.0982	 0.1012
1.0	 2.0	 0.30	 0.35	 0.2	 0.4	 0.1012	 0.1043
1.0	 2.0	 0.30	 0.35	 0.2	 0.4	 0.1043	 0.1073
1.0	 2.0	 0.30	 0.35	 0.2	 0.4	 0.1073	 0.1106
1.0	 2.0	 0.30	 0.35	 0.2	 0.4	 0.1106	 0.1137
1.0	 2.0	 0.30	 0.35	 0.2	 0.4	 0.1137	 0.1170
1.0	 2.0	 0.30	 0.35	 0.2	 0.4	 0.1170	 0.1204
1.0	 2.0	 0.30	 0.35	 0.2	 0.4	 0.1204	 0.1239
1.0	 2.0	 0.30	 0.35	 0.2	 0.4	 0.1239	 0.1273
1.0	 2.0	 0.30	 0.35	 0.2	 0.4	 0.1273	 0.1309
1.0	 2.0	 0.30	 0.35	 0.2	 0.4	 0.1309	 0.1348
1.0	 2.0	 0.30	 0.35	 0.2	 0.4	 0.1348	 0.1393
1.0	 2.0	 0.30	 0.35	 0.2	 0.4	 0.1393	 0.1441
1.0	 2.0	 0.30	 0.35	 0.2	 0.4	 0.1441	 0.1496
1.0	 2.0	 0.30	 0.35	 0.2	 0.4	 0.1496	 0.1561
1.0	 2.0	 0.30	 0.35	 0.2	 0.4	 0.1561	 0.1640
1.0	 2.0	 0.30	 0.35	 0.2	 0.4	 0.1640	 0.1743
1.0	 2.0	 0.30	 0.35	 0.2	 0.4	 0.1743	 0.1875
1.0	 2.0	 0.30	 0.35	 0.2	 0.4	 0.1875	 0.2057
1.0	 2.0	 0.30	 0.35	 0.2	 0.4	 0.2057	 0.2332
1.0	 2.0	 0.30	 0.35	 0.2	 0.4	 0.2332	 0.2890
1.0	 2.0	 0.30	 0.35	 0.2	 0.4	 0.2890	 0.7000
1.0	 2.0	 0.30	 0.35	 0.4	 0.6	 0.0000	 0.0644
1.0	 2.0	 0.30	 0.35	 0.4	 0.6	 0.0644	 0.0688
1.0	 2.0	 0.30	 0.35	 0.4	 0.6	 0.0688	 0.0726
1.0	 2.0	 0.30	 0.35	 0.4	 0.6	 0.0726	 0.0760
1.0	 2.0	 0.30	 0.35	 0.4	 0.6	 0.0760	 0.0793
1.0	 2.0	 0.30	 0.35	 0.4	 0.6	 0.0793	 0.0827
1.0	 2.0	 0.30	 0.35	 0.4	 0.6	 0.0827	 0.0862
1.0	 2.0	 0.30	 0.35	 0.4	 0.6	 0.0862	 0.0898
1.0	 2.0	 0.30	 0.35	 0.4	 0.6	 0.0898	 0.0933
1.0	 2.0	 0.30	 0.35	 0.4	 0.6	 0.0933	 0.0972
1.0	 2.0	 0.30	 0.35	 0.4	 0.6	 0.0972	 0.1012
1.0	 2.0	 0.30	 0.35	 0.4	 0.6	 0.1012	 0.1054
1.0	 2.0	 0.30	 0.35	 0.4	 0.6	 0.1054	 0.1098
1.0	 2.0	 0.30	 0.35	 0.4	 0.6	 0.1098	 0.1146
1.0	 2.0	 0.30	 0.35	 0.4	 0.6	 0.1146	 0.1199
1.0	 2.0	 0.30	 0.35	 0.4	 0.6	 0.1199	 0.1258
1.0	 2.0	 0.30	 0.35	 0.4	 0.6	 0.1258	 0.1324
1.0	 2.0	 0.30	 0.35	 0.4	 0.6	 0.1324	 0.1408
1.0	 2.0	 0.30	 0.35	 0.4	 0.6	 0.1408	 0.1512
1.0	 2.0	 0.30	 0.35	 0.4	 0.6	 0.1512	 0.1650
1.0	 2.0	 0.30	 0.35	 0.4	 0.6	 0.1650	 0.1841
1.0	 2.0	 0.30	 0.35	 0.4	 0.6	 0.1841	 0.2162
1.0	 2.0	 0.30	 0.35	 0.4	 0.6	 0.2162	 0.2899
1.0	 2.0	 0.30	 0.35	 0.4	 0.6	 0.2899	 0.7000
1.0	 2.0	 0.30	 0.35	 0.6	 0.8	 0.0000	 0.0717
1.0	 2.0	 0.30	 0.35	 0.6	 0.8	 0.0717	 0.0837
1.0	 2.0	 0.30	 0.35	 0.6	 0.8	 0.0837	 0.0974
1.0	 2.0	 0.30	 0.35	 0.6	 0.8	 0.0974	 0.1146
1.0	 2.0	 0.30	 0.35	 0.6	 0.8	 0.1146	 0.1387
1.0	 2.0	 0.30	 0.35	 0.6	 0.8	 0.1387	 0.2690
1.0	 2.0	 0.30	 0.35	 0.6	 0.8	 0.2690	 0.7000
1.0	 2.0	 0.35	 0.40	 0.0	 0.2	 0.0000	 0.1117
1.0	 2.0	 0.35	 0.40	 0.0	 0.2	 0.1117	 0.1282
1.0	 2.0	 0.35	 0.40	 0.0	 0.2	 0.1282	 0.1408
1.0	 2.0	 0.35	 0.40	 0.0	 0.2	 0.1408	 0.1527
1.0	 2.0	 0.35	 0.40	 0.0	 0.2	 0.1527	 0.1652
1.0	 2.0	 0.35	 0.40	 0.0	 0.2	 0.1652	 0.1788
1.0	 2.0	 0.35	 0.40	 0.0	 0.2	 0.1788	 0.1949
1.0	 2.0	 0.35	 0.40	 0.0	 0.2	 0.1949	 0.2174
1.0	 2.0	 0.35	 0.40	 0.0	 0.2	 0.2174	 0.2568
1.0	 2.0	 0.35	 0.40	 0.0	 0.2	 0.2568	 0.7000
1.0	 2.0	 0.35	 0.40	 0.2	 0.4	 0.0000	 0.0750
1.0	 2.0	 0.35	 0.40	 0.2	 0.4	 0.0750	 0.0816
1.0	 2.0	 0.35	 0.40	 0.2	 0.4	 0.0816	 0.0864
1.0	 2.0	 0.35	 0.40	 0.2	 0.4	 0.0864	 0.0913
1.0	 2.0	 0.35	 0.40	 0.2	 0.4	 0.0913	 0.0960
1.0	 2.0	 0.35	 0.40	 0.2	 0.4	 0.0960	 0.1006
1.0	 2.0	 0.35	 0.40	 0.2	 0.4	 0.1006	 0.1050
1.0	 2.0	 0.35	 0.40	 0.2	 0.4	 0.1050	 0.1093
1.0	 2.0	 0.35	 0.40	 0.2	 0.4	 0.1093	 0.1138
1.0	 2.0	 0.35	 0.40	 0.2	 0.4	 0.1138	 0.1183
1.0	 2.0	 0.35	 0.40	 0.2	 0.4	 0.1183	 0.1228
1.0	 2.0	 0.35	 0.40	 0.2	 0.4	 0.1228	 0.1276
1.0	 2.0	 0.35	 0.40	 0.2	 0.4	 0.1276	 0.1326
1.0	 2.0	 0.35	 0.40	 0.2	 0.4	 0.1326	 0.1381
1.0	 2.0	 0.35	 0.40	 0.2	 0.4	 0.1381	 0.1441
1.0	 2.0	 0.35	 0.40	 0.2	 0.4	 0.1441	 0.1512
1.0	 2.0	 0.35	 0.40	 0.2	 0.4	 0.1512	 0.1598
1.0	 2.0	 0.35	 0.40	 0.2	 0.4	 0.1598	 0.1706
1.0	 2.0	 0.35	 0.40	 0.2	 0.4	 0.1706	 0.1855
1.0	 2.0	 0.35	 0.40	 0.2	 0.4	 0.1855	 0.2083
1.0	 2.0	 0.35	 0.40	 0.2	 0.4	 0.2083	 0.2471
1.0	 2.0	 0.35	 0.40	 0.2	 0.4	 0.2471	 0.7000
1.0	 2.0	 0.35	 0.40	 0.4	 0.6	 0.0000	 0.0676
1.0	 2.0	 0.35	 0.40	 0.4	 0.6	 0.0676	 0.0732
1.0	 2.0	 0.35	 0.40	 0.4	 0.6	 0.0732	 0.0778
1.0	 2.0	 0.35	 0.40	 0.4	 0.6	 0.0778	 0.0823
1.0	 2.0	 0.35	 0.40	 0.4	 0.6	 0.0823	 0.0868
1.0	 2.0	 0.35	 0.40	 0.4	 0.6	 0.0868	 0.0913
1.0	 2.0	 0.35	 0.40	 0.4	 0.6	 0.0913	 0.0962
1.0	 2.0	 0.35	 0.40	 0.4	 0.6	 0.0962	 0.1011
1.0	 2.0	 0.35	 0.40	 0.4	 0.6	 0.1011	 0.1065
1.0	 2.0	 0.35	 0.40	 0.4	 0.6	 0.1065	 0.1123
1.0	 2.0	 0.35	 0.40	 0.4	 0.6	 0.1123	 0.1187
1.0	 2.0	 0.35	 0.40	 0.4	 0.6	 0.1187	 0.1257
1.0	 2.0	 0.35	 0.40	 0.4	 0.6	 0.1257	 0.1338
1.0	 2.0	 0.35	 0.40	 0.4	 0.6	 0.1338	 0.1445
1.0	 2.0	 0.35	 0.40	 0.4	 0.6	 0.1445	 0.1603
1.0	 2.0	 0.35	 0.40	 0.4	 0.6	 0.1603	 0.1845
1.0	 2.0	 0.35	 0.40	 0.4	 0.6	 0.1845	 0.2288
1.0	 2.0	 0.35	 0.40	 0.4	 0.6	 0.2288	 0.7000
1.0	 2.0	 0.35	 0.40	 0.6	 0.8	 0.0000	 0.0708
1.0	 2.0	 0.35	 0.40	 0.6	 0.8	 0.0708	 0.0813
1.0	 2.0	 0.35	 0.40	 0.6	 0.8	 0.0813	 0.0919
1.0	 2.0	 0.35	 0.40	 0.6	 0.8	 0.0919	 0.1041
1.0	 2.0	 0.35	 0.40	 0.6	 0.8	 0.1041	 0.1198
1.0	 2.0	 0.35	 0.40	 0.6	 0.8	 0.1198	 0.1409
1.0	 2.0	 0.35	 0.40	 0.6	 0.8	 0.1409	 0.1869
1.0	 2.0	 0.35	 0.40	 0.6	 0.8	 0.1869	 0.7000
1.0	 2.0	 0.35	 0.40	 0.8	 1.6	 0.0000	 0.7000
1.0	 2.0	 0.40	 0.45	 0.0	 0.2	 0.0000	 0.1232
1.0	 2.0	 0.40	 0.45	 0.0	 0.2	 0.1232	 0.1429
1.0	 2.0	 0.40	 0.45	 0.0	 0.2	 0.1429	 0.1600
1.0	 2.0	 0.40	 0.45	 0.0	 0.2	 0.1600	 0.1779
1.0	 2.0	 0.40	 0.45	 0.0	 0.2	 0.1779	 0.1998
1.0	 2.0	 0.40	 0.45	 0.0	 0.2	 0.1998	 0.2346
1.0	 2.0	 0.40	 0.45	 0.0	 0.2	 0.2346	 0.7000
1.0	 2.0	 0.40	 0.45	 0.2	 0.4	 0.0000	 0.0819
1.0	 2.0	 0.40	 0.45	 0.2	 0.4	 0.0819	 0.0901
1.0	 2.0	 0.40	 0.45	 0.2	 0.4	 0.0901	 0.0973
1.0	 2.0	 0.40	 0.45	 0.2	 0.4	 0.0973	 0.1042
1.0	 2.0	 0.40	 0.45	 0.2	 0.4	 0.1042	 0.1109
1.0	 2.0	 0.40	 0.45	 0.2	 0.4	 0.1109	 0.1173
1.0	 2.0	 0.40	 0.45	 0.2	 0.4	 0.1173	 0.1237
1.0	 2.0	 0.40	 0.45	 0.2	 0.4	 0.1237	 0.1304
1.0	 2.0	 0.40	 0.45	 0.2	 0.4	 0.1304	 0.1376
1.0	 2.0	 0.40	 0.45	 0.2	 0.4	 0.1376	 0.1454
1.0	 2.0	 0.40	 0.45	 0.2	 0.4	 0.1454	 0.1547
1.0	 2.0	 0.40	 0.45	 0.2	 0.4	 0.1547	 0.1666
1.0	 2.0	 0.40	 0.45	 0.2	 0.4	 0.1666	 0.1835
1.0	 2.0	 0.40	 0.45	 0.2	 0.4	 0.1835	 0.2115
1.0	 2.0	 0.40	 0.45	 0.2	 0.4	 0.2115	 0.2690
1.0	 2.0	 0.40	 0.45	 0.2	 0.4	 0.2690	 0.7000
1.0	 2.0	 0.40	 0.45	 0.4	 0.6	 0.0000	 0.0709
1.0	 2.0	 0.40	 0.45	 0.4	 0.6	 0.0709	 0.0779
1.0	 2.0	 0.40	 0.45	 0.4	 0.6	 0.0779	 0.0840
1.0	 2.0	 0.40	 0.45	 0.4	 0.6	 0.0840	 0.0897
1.0	 2.0	 0.40	 0.45	 0.4	 0.6	 0.0897	 0.0954
1.0	 2.0	 0.40	 0.45	 0.4	 0.6	 0.0954	 0.1015
1.0	 2.0	 0.40	 0.45	 0.4	 0.6	 0.1015	 0.1082
1.0	 2.0	 0.40	 0.45	 0.4	 0.6	 0.1082	 0.1153
1.0	 2.0	 0.40	 0.45	 0.4	 0.6	 0.1153	 0.1234
1.0	 2.0	 0.40	 0.45	 0.4	 0.6	 0.1234	 0.1326
1.0	 2.0	 0.40	 0.45	 0.4	 0.6	 0.1326	 0.1443
1.0	 2.0	 0.40	 0.45	 0.4	 0.6	 0.1443	 0.1634
1.0	 2.0	 0.40	 0.45	 0.4	 0.6	 0.1634	 0.1978
1.0	 2.0	 0.40	 0.45	 0.4	 0.6	 0.1978	 0.7000
1.0	 2.0	 0.40	 0.45	 0.6	 0.8	 0.0000	 0.0719
1.0	 2.0	 0.40	 0.45	 0.6	 0.8	 0.0719	 0.0827
1.0	 2.0	 0.40	 0.45	 0.6	 0.8	 0.0827	 0.0938
1.0	 2.0	 0.40	 0.45	 0.6	 0.8	 0.0938	 0.1074
1.0	 2.0	 0.40	 0.45	 0.6	 0.8	 0.1074	 0.1246
1.0	 2.0	 0.40	 0.45	 0.6	 0.8	 0.1246	 0.1508
1.0	 2.0	 0.40	 0.45	 0.6	 0.8	 0.1508	 0.2210
1.0	 2.0	 0.40	 0.45	 0.6	 0.8	 0.2210	 0.7000
1.0	 2.0	 0.40	 0.45	 0.8	 1.0	 0.0000	 0.1084
1.0	 2.0	 0.40	 0.45	 0.8	 1.0	 0.1084	 0.7000
1.0	 2.0	 0.45	 0.50	 0.0	 0.2	 0.0000	 0.1353
1.0	 2.0	 0.45	 0.50	 0.0	 0.2	 0.1353	 0.1607
1.0	 2.0	 0.45	 0.50	 0.0	 0.2	 0.1607	 0.1859
1.0	 2.0	 0.45	 0.50	 0.0	 0.2	 0.1859	 0.2222
1.0	 2.0	 0.45	 0.50	 0.0	 0.2	 0.2222	 0.7000
1.0	 2.0	 0.45	 0.50	 0.2	 0.4	 0.0000	 0.0881
1.0	 2.0	 0.45	 0.50	 0.2	 0.4	 0.0881	 0.0994
1.0	 2.0	 0.45	 0.50	 0.2	 0.4	 0.0994	 0.1095
1.0	 2.0	 0.45	 0.50	 0.2	 0.4	 0.1095	 0.1188
1.0	 2.0	 0.45	 0.50	 0.2	 0.4	 0.1188	 0.1281
1.0	 2.0	 0.45	 0.50	 0.2	 0.4	 0.1281	 0.1376
1.0	 2.0	 0.45	 0.50	 0.2	 0.4	 0.1376	 0.1484
1.0	 2.0	 0.45	 0.50	 0.2	 0.4	 0.1484	 0.1614
1.0	 2.0	 0.45	 0.50	 0.2	 0.4	 0.1614	 0.1801
1.0	 2.0	 0.45	 0.50	 0.2	 0.4	 0.1801	 0.2137
1.0	 2.0	 0.45	 0.50	 0.2	 0.4	 0.2137	 0.3086
1.0	 2.0	 0.45	 0.50	 0.2	 0.4	 0.3086	 0.7000
1.0	 2.0	 0.45	 0.50	 0.4	 0.6	 0.0000	 0.0754
1.0	 2.0	 0.45	 0.50	 0.4	 0.6	 0.0754	 0.0841
1.0	 2.0	 0.45	 0.50	 0.4	 0.6	 0.0841	 0.0917
1.0	 2.0	 0.45	 0.50	 0.4	 0.6	 0.0917	 0.0996
1.0	 2.0	 0.45	 0.50	 0.4	 0.6	 0.0996	 0.1080
1.0	 2.0	 0.45	 0.50	 0.4	 0.6	 0.1080	 0.1174
1.0	 2.0	 0.45	 0.50	 0.4	 0.6	 0.1174	 0.1276
1.0	 2.0	 0.45	 0.50	 0.4	 0.6	 0.1276	 0.1397
1.0	 2.0	 0.45	 0.50	 0.4	 0.6	 0.1397	 0.1589
1.0	 2.0	 0.45	 0.50	 0.4	 0.6	 0.1589	 0.1986
1.0	 2.0	 0.45	 0.50	 0.4	 0.6	 0.1986	 0.7000
1.0	 2.0	 0.45	 0.50	 0.6	 0.8	 0.0000	 0.0751
1.0	 2.0	 0.45	 0.50	 0.6	 0.8	 0.0751	 0.0871
1.0	 2.0	 0.45	 0.50	 0.6	 0.8	 0.0871	 0.1005
1.0	 2.0	 0.45	 0.50	 0.6	 0.8	 0.1005	 0.1179
1.0	 2.0	 0.45	 0.50	 0.6	 0.8	 0.1179	 0.1441
1.0	 2.0	 0.45	 0.50	 0.6	 0.8	 0.1441	 0.2162
1.0	 2.0	 0.45	 0.50	 0.6	 0.8	 0.2162	 0.7000
1.0	 2.0	 0.45	 0.50	 0.8	 1.0	 0.0000	 0.0962
1.0	 2.0	 0.45	 0.50	 0.8	 1.0	 0.0962	 0.1761
1.0	 2.0	 0.45	 0.50	 0.8	 1.0	 0.1761	 0.7000
1.0	 2.0	 0.45	 0.50	 1.0	 1.6	 0.0000	 0.7000
1.0	 2.0	 0.50	 0.55	 0.0	 0.2	 0.0000	 0.1490
1.0	 2.0	 0.50	 0.55	 0.0	 0.2	 0.1490	 0.1825
1.0	 2.0	 0.50	 0.55	 0.0	 0.2	 0.1825	 0.2344
1.0	 2.0	 0.50	 0.55	 0.0	 0.2	 0.2344	 0.7000
1.0	 2.0	 0.50	 0.55	 0.2	 0.4	 0.0000	 0.0968
1.0	 2.0	 0.50	 0.55	 0.2	 0.4	 0.0968	 0.1121
1.0	 2.0	 0.50	 0.55	 0.2	 0.4	 0.1121	 0.1256
1.0	 2.0	 0.50	 0.55	 0.2	 0.4	 0.1256	 0.1383
1.0	 2.0	 0.50	 0.55	 0.2	 0.4	 0.1383	 0.1533
1.0	 2.0	 0.50	 0.55	 0.2	 0.4	 0.1533	 0.1727
1.0	 2.0	 0.50	 0.55	 0.2	 0.4	 0.1727	 0.2071
1.0	 2.0	 0.50	 0.55	 0.2	 0.4	 0.2071	 0.7000
1.0	 2.0	 0.50	 0.55	 0.4	 0.6	 0.0000	 0.0802
1.0	 2.0	 0.50	 0.55	 0.4	 0.6	 0.0802	 0.0910
1.0	 2.0	 0.50	 0.55	 0.4	 0.6	 0.0910	 0.1016
1.0	 2.0	 0.50	 0.55	 0.4	 0.6	 0.1016	 0.1124
1.0	 2.0	 0.50	 0.55	 0.4	 0.6	 0.1124	 0.1247
1.0	 2.0	 0.50	 0.55	 0.4	 0.6	 0.1247	 0.1390
1.0	 2.0	 0.50	 0.55	 0.4	 0.6	 0.1390	 0.1620
1.0	 2.0	 0.50	 0.55	 0.4	 0.6	 0.1620	 0.2196
1.0	 2.0	 0.50	 0.55	 0.4	 0.6	 0.2196	 0.7000
1.0	 2.0	 0.50	 0.55	 0.6	 0.8	 0.0000	 0.0789
1.0	 2.0	 0.50	 0.55	 0.6	 0.8	 0.0789	 0.0937
1.0	 2.0	 0.50	 0.55	 0.6	 0.8	 0.0937	 0.1112
1.0	 2.0	 0.50	 0.55	 0.6	 0.8	 0.1112	 0.1361
1.0	 2.0	 0.50	 0.55	 0.6	 0.8	 0.1361	 0.2110
1.0	 2.0	 0.50	 0.55	 0.6	 0.8	 0.2110	 0.7000
1.0	 2.0	 0.50	 0.55	 0.8	 1.0	 0.0000	 0.0939
1.0	 2.0	 0.50	 0.55	 0.8	 1.0	 0.0939	 0.1574
1.0	 2.0	 0.50	 0.55	 0.8	 1.0	 0.1574	 0.7000
1.0	 2.0	 0.50	 0.55	 1.0	 1.6	 0.0000	 0.7000
1.0	 2.0	 0.55	 0.60	 0.0	 0.2	 0.0000	 0.1634
1.0	 2.0	 0.55	 0.60	 0.0	 0.2	 0.1634	 0.2161
1.0	 2.0	 0.55	 0.60	 0.0	 0.2	 0.2161	 0.7000
1.0	 2.0	 0.55	 0.60	 0.2	 0.4	 0.0000	 0.1057
1.0	 2.0	 0.55	 0.60	 0.2	 0.4	 0.1057	 0.1251
1.0	 2.0	 0.55	 0.60	 0.2	 0.4	 0.1251	 0.1431
1.0	 2.0	 0.55	 0.60	 0.2	 0.4	 0.1431	 0.1647
1.0	 2.0	 0.55	 0.60	 0.2	 0.4	 0.1647	 0.2020
1.0	 2.0	 0.55	 0.60	 0.2	 0.4	 0.2020	 0.7000
1.0	 2.0	 0.55	 0.60	 0.4	 0.6	 0.0000	 0.0858
1.0	 2.0	 0.55	 0.60	 0.4	 0.6	 0.0858	 0.0996
1.0	 2.0	 0.55	 0.60	 0.4	 0.6	 0.0996	 0.1136
1.0	 2.0	 0.55	 0.60	 0.4	 0.6	 0.1136	 0.1290
1.0	 2.0	 0.55	 0.60	 0.4	 0.6	 0.1290	 0.1496
1.0	 2.0	 0.55	 0.60	 0.4	 0.6	 0.1496	 0.1957
1.0	 2.0	 0.55	 0.60	 0.4	 0.6	 0.1957	 0.7000
1.0	 2.0	 0.55	 0.60	 0.6	 0.8	 0.0000	 0.0833
1.0	 2.0	 0.55	 0.60	 0.6	 0.8	 0.0833	 0.1008
1.0	 2.0	 0.55	 0.60	 0.6	 0.8	 0.1008	 0.1237
1.0	 2.0	 0.55	 0.60	 0.6	 0.8	 0.1237	 0.1712
1.0	 2.0	 0.55	 0.60	 0.6	 0.8	 0.1712	 0.7000
1.0	 2.0	 0.55	 0.60	 0.8	 1.0	 0.0000	 0.0965
1.0	 2.0	 0.55	 0.60	 0.8	 1.0	 0.0965	 0.1825
1.0	 2.0	 0.55	 0.60	 0.8	 1.0	 0.1825	 0.7000
1.0	 2.0	 0.55	 0.60	 1.0	 1.6	 0.0000	 0.7000
1.0	 2.0	 0.60	 0.65	 0.0	 0.2	 0.0000	 0.1824
1.0	 2.0	 0.60	 0.65	 0.0	 0.2	 0.1824	 0.7000
1.0	 2.0	 0.60	 0.65	 0.2	 0.4	 0.0000	 0.1161
1.0	 2.0	 0.60	 0.65	 0.2	 0.4	 0.1161	 0.1413
1.0	 2.0	 0.60	 0.65	 0.2	 0.4	 0.1413	 0.1706
1.0	 2.0	 0.60	 0.65	 0.2	 0.4	 0.1706	 0.2337
1.0	 2.0	 0.60	 0.65	 0.2	 0.4	 0.2337	 0.7000
1.0	 2.0	 0.60	 0.65	 0.4	 0.6	 0.0000	 0.0927
1.0	 2.0	 0.60	 0.65	 0.4	 0.6	 0.0927	 0.1114
1.0	 2.0	 0.60	 0.65	 0.4	 0.6	 0.1114	 0.1309
1.0	 2.0	 0.60	 0.65	 0.4	 0.6	 0.1309	 0.1595
1.0	 2.0	 0.60	 0.65	 0.4	 0.6	 0.1595	 0.7000
1.0	 2.0	 0.60	 0.65	 0.6	 0.8	 0.0000	 0.0873
1.0	 2.0	 0.60	 0.65	 0.6	 0.8	 0.0873	 0.1097
1.0	 2.0	 0.60	 0.65	 0.6	 0.8	 0.1097	 0.1423
1.0	 2.0	 0.60	 0.65	 0.6	 0.8	 0.1423	 0.7000
1.0	 2.0	 0.60	 0.65	 0.8	 1.0	 0.0000	 0.1009
1.0	 2.0	 0.60	 0.65	 0.8	 1.0	 0.1009	 0.7000
1.0	 2.0	 0.60	 0.65	 1.0	 1.6	 0.0000	 0.7000
1.0	 2.0	 0.65	 0.70	 0.0	 0.2	 0.0000	 0.2104
1.0	 2.0	 0.65	 0.70	 0.0	 0.2	 0.2104	 0.7000
1.0	 2.0	 0.65	 0.70	 0.2	 0.4	 0.0000	 0.1284
1.0	 2.0	 0.65	 0.70	 0.2	 0.4	 0.1284	 0.1644
1.0	 2.0	 0.65	 0.70	 0.2	 0.4	 0.1644	 0.7000
1.0	 2.0	 0.65	 0.70	 0.4	 0.6	 0.0000	 0.1016
1.0	 2.0	 0.65	 0.70	 0.4	 0.6	 0.1016	 0.1266
1.0	 2.0	 0.65	 0.70	 0.4	 0.6	 0.1266	 0.1611
1.0	 2.0	 0.65	 0.70	 0.4	 0.6	 0.1611	 0.7000
1.0	 2.0	 0.65	 0.70	 0.6	 0.8	 0.0000	 0.0940
1.0	 2.0	 0.65	 0.70	 0.6	 0.8	 0.0940	 0.1233
1.0	 2.0	 0.65	 0.70	 0.6	 0.8	 0.1233	 0.7000
1.0	 2.0	 0.65	 0.70	 0.8	 1.0	 0.0000	 0.1075
1.0	 2.0	 0.65	 0.70	 0.8	 1.0	 0.1075	 0.7000
1.0	 2.0	 0.65	 0.70	 1.0	 1.6	 0.0000	 0.7000
2.0	 3.0	 0.30	 0.35	 0.0	 0.2	 0.0000	 0.1702
2.0	 3.0	 0.30	 0.35	 0.0	 0.2	 0.1702	 0.1842
2.0	 3.0	 0.30	 0.35	 0.0	 0.2	 0.1842	 0.1950
2.0	 3.0	 0.30	 0.35	 0.0	 0.2	 0.1950	 0.2043
2.0	 3.0	 0.30	 0.35	 0.0	 0.2	 0.2043	 0.2132
2.0	 3.0	 0.30	 0.35	 0.0	 0.2	 0.2132	 0.2219
2.0	 3.0	 0.30	 0.35	 0.0	 0.2	 0.2219	 0.2304
2.0	 3.0	 0.30	 0.35	 0.0	 0.2	 0.2304	 0.2392
2.0	 3.0	 0.30	 0.35	 0.0	 0.2	 0.2392	 0.2485
2.0	 3.0	 0.30	 0.35	 0.0	 0.2	 0.2485	 0.2589
2.0	 3.0	 0.30	 0.35	 0.0	 0.2	 0.2589	 0.2706
2.0	 3.0	 0.30	 0.35	 0.0	 0.2	 0.2706	 0.2840
2.0	 3.0	 0.30	 0.35	 0.0	 0.2	 0.2840	 0.3005
2.0	 3.0	 0.30	 0.35	 0.0	 0.2	 0.3005	 0.3220
2.0	 3.0	 0.30	 0.35	 0.0	 0.2	 0.3220	 0.3768
2.0	 3.0	 0.30	 0.35	 0.0	 0.2	 0.3768	 0.7000
2.0	 3.0	 0.30	 0.35	 0.2	 0.4	 0.0000	 0.1477
2.0	 3.0	 0.30	 0.35	 0.2	 0.4	 0.1477	 0.1570
2.0	 3.0	 0.30	 0.35	 0.2	 0.4	 0.1570	 0.1649
2.0	 3.0	 0.30	 0.35	 0.2	 0.4	 0.1649	 0.1720
2.0	 3.0	 0.30	 0.35	 0.2	 0.4	 0.1720	 0.1789
2.0	 3.0	 0.30	 0.35	 0.2	 0.4	 0.1789	 0.1859
2.0	 3.0	 0.30	 0.35	 0.2	 0.4	 0.1859	 0.1930
2.0	 3.0	 0.30	 0.35	 0.2	 0.4	 0.1930	 0.2002
2.0	 3.0	 0.30	 0.35	 0.2	 0.4	 0.2002	 0.2078
2.0	 3.0	 0.30	 0.35	 0.2	 0.4	 0.2078	 0.2155
2.0	 3.0	 0.30	 0.35	 0.2	 0.4	 0.2155	 0.2238
2.0	 3.0	 0.30	 0.35	 0.2	 0.4	 0.2238	 0.2332
2.0	 3.0	 0.30	 0.35	 0.2	 0.4	 0.2332	 0.2436
2.0	 3.0	 0.30	 0.35	 0.2	 0.4	 0.2436	 0.2557
2.0	 3.0	 0.30	 0.35	 0.2	 0.4	 0.2557	 0.2705
2.0	 3.0	 0.30	 0.35	 0.2	 0.4	 0.2705	 0.2875
2.0	 3.0	 0.30	 0.35	 0.2	 0.4	 0.2875	 0.3074
2.0	 3.0	 0.30	 0.35	 0.2	 0.4	 0.3074	 0.3363
2.0	 3.0	 0.30	 0.35	 0.2	 0.4	 0.3363	 0.7000
2.0	 3.0	 0.30	 0.35	 0.4	 0.6	 0.0000	 0.1530
2.0	 3.0	 0.30	 0.35	 0.4	 0.6	 0.1530	 0.1682
2.0	 3.0	 0.30	 0.35	 0.4	 0.6	 0.1682	 0.1833
2.0	 3.0	 0.30	 0.35	 0.4	 0.6	 0.1833	 0.1980
2.0	 3.0	 0.30	 0.35	 0.4	 0.6	 0.1980	 0.2139
2.0	 3.0	 0.30	 0.35	 0.4	 0.6	 0.2139	 0.2310
2.0	 3.0	 0.30	 0.35	 0.4	 0.6	 0.2310	 0.2512
2.0	 3.0	 0.30	 0.35	 0.4	 0.6	 0.2512	 0.2774
2.0	 3.0	 0.30	 0.35	 0.4	 0.6	 0.2774	 0.3120
2.0	 3.0	 0.30	 0.35	 0.4	 0.6	 0.3120	 0.7000
2.0	 3.0	 0.30	 0.35	 0.6	 0.8	 0.0000	 0.1825
2.0	 3.0	 0.30	 0.35	 0.6	 0.8	 0.1825	 0.2267
2.0	 3.0	 0.30	 0.35	 0.6	 0.8	 0.2267	 0.3190
2.0	 3.0	 0.30	 0.35	 0.6	 0.8	 0.3190	 0.7000
2.0	 3.0	 0.35	 0.40	 0.0	 0.2	 0.0000	 0.1792
2.0	 3.0	 0.35	 0.40	 0.0	 0.2	 0.1792	 0.1958
2.0	 3.0	 0.35	 0.40	 0.0	 0.2	 0.1958	 0.2088
2.0	 3.0	 0.35	 0.40	 0.0	 0.2	 0.2088	 0.2208
2.0	 3.0	 0.35	 0.40	 0.0	 0.2	 0.2208	 0.2324
2.0	 3.0	 0.35	 0.40	 0.0	 0.2	 0.2324	 0.2444
2.0	 3.0	 0.35	 0.40	 0.0	 0.2	 0.2444	 0.2576
2.0	 3.0	 0.35	 0.40	 0.0	 0.2	 0.2576	 0.2729
2.0	 3.0	 0.35	 0.40	 0.0	 0.2	 0.2729	 0.2923
2.0	 3.0	 0.35	 0.40	 0.0	 0.2	 0.2923	 0.3193
2.0	 3.0	 0.35	 0.40	 0.0	 0.2	 0.3193	 0.7000
2.0	 3.0	 0.35	 0.40	 0.2	 0.4	 0.0000	 0.1529
2.0	 3.0	 0.35	 0.40	 0.2	 0.4	 0.1529	 0.1640
2.0	 3.0	 0.35	 0.40	 0.2	 0.4	 0.1640	 0.1739
2.0	 3.0	 0.35	 0.40	 0.2	 0.4	 0.1739	 0.1828
2.0	 3.0	 0.35	 0.40	 0.2	 0.4	 0.1828	 0.1915
2.0	 3.0	 0.35	 0.40	 0.2	 0.4	 0.1915	 0.2003
2.0	 3.0	 0.35	 0.40	 0.2	 0.4	 0.2003	 0.2097
2.0	 3.0	 0.35	 0.40	 0.2	 0.4	 0.2097	 0.2198
2.0	 3.0	 0.35	 0.40	 0.2	 0.4	 0.2198	 0.2308
2.0	 3.0	 0.35	 0.40	 0.2	 0.4	 0.2308	 0.2435
2.0	 3.0	 0.35	 0.40	 0.2	 0.4	 0.2435	 0.2586
2.0	 3.0	 0.35	 0.40	 0.2	 0.4	 0.2586	 0.2779
2.0	 3.0	 0.35	 0.40	 0.2	 0.4	 0.2779	 0.3008
2.0	 3.0	 0.35	 0.40	 0.2	 0.4	 0.3008	 0.3309
2.0	 3.0	 0.35	 0.40	 0.2	 0.4	 0.3309	 0.7000
2.0	 3.0	 0.35	 0.40	 0.4	 0.6	 0.0000	 0.1544
2.0	 3.0	 0.35	 0.40	 0.4	 0.6	 0.1544	 0.1717
2.0	 3.0	 0.35	 0.40	 0.4	 0.6	 0.1717	 0.1892
2.0	 3.0	 0.35	 0.40	 0.4	 0.6	 0.1892	 0.2081
2.0	 3.0	 0.35	 0.40	 0.4	 0.6	 0.2081	 0.2292
2.0	 3.0	 0.35	 0.40	 0.4	 0.6	 0.2292	 0.2551
2.0	 3.0	 0.35	 0.40	 0.4	 0.6	 0.2551	 0.2916
2.0	 3.0	 0.35	 0.40	 0.4	 0.6	 0.2916	 0.3705
2.0	 3.0	 0.35	 0.40	 0.4	 0.6	 0.3705	 0.7000
2.0	 3.0	 0.35	 0.40	 0.6	 0.8	 0.0000	 0.1844
2.0	 3.0	 0.35	 0.40	 0.6	 0.8	 0.1844	 0.2286
2.0	 3.0	 0.35	 0.40	 0.6	 0.8	 0.2286	 0.3013
2.0	 3.0	 0.35	 0.40	 0.6	 0.8	 0.3013	 0.7000
2.0	 3.0	 0.35	 0.40	 0.8	 1.6	 0.0000	 0.7000
2.0	 3.0	 0.40	 0.45	 0.0	 0.2	 0.0000	 0.1894
2.0	 3.0	 0.40	 0.45	 0.0	 0.2	 0.1894	 0.2090
2.0	 3.0	 0.40	 0.45	 0.0	 0.2	 0.2090	 0.2253
2.0	 3.0	 0.40	 0.45	 0.0	 0.2	 0.2253	 0.2413
2.0	 3.0	 0.40	 0.45	 0.0	 0.2	 0.2413	 0.2590
2.0	 3.0	 0.40	 0.45	 0.0	 0.2	 0.2590	 0.2808
2.0	 3.0	 0.40	 0.45	 0.0	 0.2	 0.2808	 0.3137
2.0	 3.0	 0.40	 0.45	 0.0	 0.2	 0.3137	 0.7000
2.0	 3.0	 0.40	 0.45	 0.2	 0.4	 0.0000	 0.1594
2.0	 3.0	 0.40	 0.45	 0.2	 0.4	 0.1594	 0.1732
2.0	 3.0	 0.40	 0.45	 0.2	 0.4	 0.1732	 0.1852
2.0	 3.0	 0.40	 0.45	 0.2	 0.4	 0.1852	 0.1963
2.0	 3.0	 0.40	 0.45	 0.2	 0.4	 0.1963	 0.2076
2.0	 3.0	 0.40	 0.45	 0.2	 0.4	 0.2076	 0.2198
2.0	 3.0	 0.40	 0.45	 0.2	 0.4	 0.2198	 0.2334
2.0	 3.0	 0.40	 0.45	 0.2	 0.4	 0.2334	 0.2499
2.0	 3.0	 0.40	 0.45	 0.2	 0.4	 0.2499	 0.2706
2.0	 3.0	 0.40	 0.45	 0.2	 0.4	 0.2706	 0.2968
2.0	 3.0	 0.40	 0.45	 0.2	 0.4	 0.2968	 0.3324
2.0	 3.0	 0.40	 0.45	 0.2	 0.4	 0.3324	 0.7000
2.0	 3.0	 0.40	 0.45	 0.4	 0.6	 0.0000	 0.1585
2.0	 3.0	 0.40	 0.45	 0.4	 0.6	 0.1585	 0.1783
2.0	 3.0	 0.40	 0.45	 0.4	 0.6	 0.1783	 0.1991
2.0	 3.0	 0.40	 0.45	 0.4	 0.6	 0.1991	 0.2223
2.0	 3.0	 0.40	 0.45	 0.4	 0.6	 0.2223	 0.2514
2.0	 3.0	 0.40	 0.45	 0.4	 0.6	 0.2514	 0.2964
2.0	 3.0	 0.40	 0.45	 0.4	 0.6	 0.2964	 0.7000
2.0	 3.0	 0.40	 0.45	 0.6	 0.8	 0.0000	 0.1898
2.0	 3.0	 0.40	 0.45	 0.6	 0.8	 0.1898	 0.2456
2.0	 3.0	 0.40	 0.45	 0.6	 0.8	 0.2456	 0.7000
2.0	 3.0	 0.40	 0.45	 0.8	 1.6	 0.0000	 0.7000
2.0	 3.0	 0.45	 0.50	 0.0	 0.2	 0.0000	 0.1995
2.0	 3.0	 0.45	 0.50	 0.0	 0.2	 0.1995	 0.2233
2.0	 3.0	 0.45	 0.50	 0.0	 0.2	 0.2233	 0.2448
2.0	 3.0	 0.45	 0.50	 0.0	 0.2	 0.2448	 0.2701
2.0	 3.0	 0.45	 0.50	 0.0	 0.2	 0.2701	 0.3103
2.0	 3.0	 0.45	 0.50	 0.0	 0.2	 0.3103	 0.7000
2.0	 3.0	 0.45	 0.50	 0.2	 0.4	 0.0000	 0.1671
2.0	 3.0	 0.45	 0.50	 0.2	 0.4	 0.1671	 0.1844
2.0	 3.0	 0.45	 0.50	 0.2	 0.4	 0.1844	 0.1995
2.0	 3.0	 0.45	 0.50	 0.2	 0.4	 0.1995	 0.2142
2.0	 3.0	 0.45	 0.50	 0.2	 0.4	 0.2142	 0.2306
2.0	 3.0	 0.45	 0.50	 0.2	 0.4	 0.2306	 0.2504
2.0	 3.0	 0.45	 0.50	 0.2	 0.4	 0.2504	 0.2765
2.0	 3.0	 0.45	 0.50	 0.2	 0.4	 0.2765	 0.3110
2.0	 3.0	 0.45	 0.50	 0.2	 0.4	 0.3110	 0.7000
2.0	 3.0	 0.45	 0.50	 0.4	 0.6	 0.0000	 0.1639
2.0	 3.0	 0.45	 0.50	 0.4	 0.6	 0.1639	 0.1875
2.0	 3.0	 0.45	 0.50	 0.4	 0.6	 0.1875	 0.2133
2.0	 3.0	 0.45	 0.50	 0.4	 0.6	 0.2133	 0.2457
2.0	 3.0	 0.45	 0.50	 0.4	 0.6	 0.2457	 0.2985
2.0	 3.0	 0.45	 0.50	 0.4	 0.6	 0.2985	 0.7000
2.0	 3.0	 0.45	 0.50	 0.6	 0.8	 0.0000	 0.1962
2.0	 3.0	 0.45	 0.50	 0.6	 0.8	 0.1962	 0.2731
2.0	 3.0	 0.45	 0.50	 0.6	 0.8	 0.2731	 0.7000
2.0	 3.0	 0.45	 0.50	 0.8	 1.6	 0.0000	 0.7000
2.0	 3.0	 0.50	 0.55	 0.0	 0.2	 0.0000	 0.2111
2.0	 3.0	 0.50	 0.55	 0.0	 0.2	 0.2111	 0.2413
2.0	 3.0	 0.50	 0.55	 0.0	 0.2	 0.2413	 0.2766
2.0	 3.0	 0.50	 0.55	 0.0	 0.2	 0.2766	 0.7000
2.0	 3.0	 0.50	 0.55	 0.2	 0.4	 0.0000	 0.1754
2.0	 3.0	 0.50	 0.55	 0.2	 0.4	 0.1754	 0.1963
2.0	 3.0	 0.50	 0.55	 0.2	 0.4	 0.1963	 0.2158
2.0	 3.0	 0.50	 0.55	 0.2	 0.4	 0.2158	 0.2372
2.0	 3.0	 0.50	 0.55	 0.2	 0.4	 0.2372	 0.2647
2.0	 3.0	 0.50	 0.55	 0.2	 0.4	 0.2647	 0.3042
2.0	 3.0	 0.50	 0.55	 0.2	 0.4	 0.3042	 0.7000
2.0	 3.0	 0.50	 0.55	 0.4	 0.6	 0.0000	 0.1702
2.0	 3.0	 0.50	 0.55	 0.4	 0.6	 0.1702	 0.1980
2.0	 3.0	 0.50	 0.55	 0.4	 0.6	 0.1980	 0.2310
2.0	 3.0	 0.50	 0.55	 0.4	 0.6	 0.2310	 0.2835
2.0	 3.0	 0.50	 0.55	 0.4	 0.6	 0.2835	 0.7000
2.0	 3.0	 0.50	 0.55	 0.6	 0.8	 0.0000	 0.2016
2.0	 3.0	 0.50	 0.55	 0.6	 0.8	 0.2016	 0.7000
2.0	 3.0	 0.50	 0.55	 0.8	 1.6	 0.0000	 0.7000
2.0	 3.0	 0.55	 0.60	 0.0	 0.2	 0.0000	 0.2241
2.0	 3.0	 0.55	 0.60	 0.0	 0.2	 0.2241	 0.2672
2.0	 3.0	 0.55	 0.60	 0.0	 0.2	 0.2672	 0.7000
2.0	 3.0	 0.55	 0.60	 0.2	 0.4	 0.0000	 0.1848
2.0	 3.0	 0.55	 0.60	 0.2	 0.4	 0.1848	 0.2106
2.0	 3.0	 0.55	 0.60	 0.2	 0.4	 0.2106	 0.2376
2.0	 3.0	 0.55	 0.60	 0.2	 0.4	 0.2376	 0.2740
2.0	 3.0	 0.55	 0.60	 0.2	 0.4	 0.2740	 0.3357
2.0	 3.0	 0.55	 0.60	 0.2	 0.4	 0.3357	 0.7000
2.0	 3.0	 0.55	 0.60	 0.4	 0.6	 0.0000	 0.1776
2.0	 3.0	 0.55	 0.60	 0.4	 0.6	 0.1776	 0.2117
2.0	 3.0	 0.55	 0.60	 0.4	 0.6	 0.2117	 0.2604
2.0	 3.0	 0.55	 0.60	 0.4	 0.6	 0.2604	 0.7000
2.0	 3.0	 0.55	 0.60	 0.6	 0.8	 0.0000	 0.2061
2.0	 3.0	 0.55	 0.60	 0.6	 0.8	 0.2061	 0.7000
2.0	 3.0	 0.55	 0.60	 0.8	 1.6	 0.0000	 0.7000
2.0	 3.0	 0.60	 0.65	 0.0	 0.2	 0.0000	 0.2392
2.0	 3.0	 0.60	 0.65	 0.0	 0.2	 0.2392	 0.7000
2.0	 3.0	 0.60	 0.65	 0.2	 0.4	 0.0000	 0.1959
2.0	 3.0	 0.60	 0.65	 0.2	 0.4	 0.1959	 0.2299
2.0	 3.0	 0.60	 0.65	 0.2	 0.4	 0.2299	 0.2733
2.0	 3.0	 0.60	 0.65	 0.2	 0.4	 0.2733	 0.7000
2.0	 3.0	 0.60	 0.65	 0.4	 0.6	 0.0000	 0.1870
2.0	 3.0	 0.60	 0.65	 0.4	 0.6	 0.1870	 0.2321
2.0	 3.0	 0.60	 0.65	 0.4	 0.6	 0.2321	 0.7000
2.0	 3.0	 0.60	 0.65	 0.6	 0.8	 0.0000	 0.2168
2.0	 3.0	 0.60	 0.65	 0.6	 0.8	 0.2168	 0.7000
2.0	 3.0	 0.60	 0.65	 0.8	 1.6	 0.0000	 0.7000
2.0	 3.0	 0.65	 0.70	 0.0	 0.2	 0.0000	 0.2628
2.0	 3.0	 0.65	 0.70	 0.0	 0.2	 0.2628	 0.7000
2.0	 3.0	 0.65	 0.70	 0.2	 0.4	 0.0000	 0.2085
2.0	 3.0	 0.65	 0.70	 0.2	 0.4	 0.2085	 0.2561
2.0	 3.0	 0.65	 0.70	 0.2	 0.4	 0.2561	 0.7000
2.0	 3.0	 0.65	 0.70	 0.4	 0.6	 0.0000	 0.1991
2.0	 3.0	 0.65	 0.70	 0.4	 0.6	 0.1991	 0.2892
2.0	 3.0	 0.65	 0.70	 0.4	 0.6	 0.2892	 0.7000
2.0	 3.0	 0.65	 0.70	 0.6	 0.8	 0.0000	 0.2389
2.0	 3.0	 0.65	 0.70	 0.6	 0.8	 0.2389	 0.7000
2.0	 3.0	 0.65	 0.70	 0.8	 1.6	 0.0000	 0.7000
3.0	 4.0	 0.30	 0.35	 0.0	 0.2	 0.0000	 0.2617
3.0	 4.0	 0.30	 0.35	 0.0	 0.2	 0.2617	 0.2775
3.0	 4.0	 0.30	 0.35	 0.0	 0.2	 0.2775	 0.2909
3.0	 4.0	 0.30	 0.35	 0.0	 0.2	 0.2909	 0.3051
3.0	 4.0	 0.30	 0.35	 0.0	 0.2	 0.3051	 0.3203
3.0	 4.0	 0.30	 0.35	 0.0	 0.2	 0.3203	 0.3373
3.0	 4.0	 0.30	 0.35	 0.0	 0.2	 0.3373	 0.3558
3.0	 4.0	 0.30	 0.35	 0.0	 0.2	 0.3558	 0.3778
3.0	 4.0	 0.30	 0.35	 0.0	 0.2	 0.3778	 0.4081
3.0	 4.0	 0.30	 0.35	 0.0	 0.2	 0.4081	 0.7000
3.0	 4.0	 0.30	 0.35	 0.2	 0.4	 0.0000	 0.2543
3.0	 4.0	 0.30	 0.35	 0.2	 0.4	 0.2543	 0.2705
3.0	 4.0	 0.30	 0.35	 0.2	 0.4	 0.2705	 0.2842
3.0	 4.0	 0.30	 0.35	 0.2	 0.4	 0.2842	 0.2993
3.0	 4.0	 0.30	 0.35	 0.2	 0.4	 0.2993	 0.3180
3.0	 4.0	 0.30	 0.35	 0.2	 0.4	 0.3180	 0.3394
3.0	 4.0	 0.30	 0.35	 0.2	 0.4	 0.3394	 0.3618
3.0	 4.0	 0.30	 0.35	 0.2	 0.4	 0.3618	 0.3873
3.0	 4.0	 0.30	 0.35	 0.2	 0.4	 0.3873	 0.4200
3.0	 4.0	 0.30	 0.35	 0.2	 0.4	 0.4200	 0.7000
3.0	 4.0	 0.30	 0.35	 0.4	 0.6	 0.0000	 0.2747
3.0	 4.0	 0.30	 0.35	 0.4	 0.6	 0.2747	 0.3063
3.0	 4.0	 0.30	 0.35	 0.4	 0.6	 0.3063	 0.3481
3.0	 4.0	 0.30	 0.35	 0.4	 0.6	 0.3481	 0.4018
3.0	 4.0	 0.30	 0.35	 0.4	 0.6	 0.4018	 0.7000
3.0	 4.0	 0.30	 0.35	 0.6	 0.8	 0.0000	 0.3245
3.0	 4.0	 0.30	 0.35	 0.6	 0.8	 0.3245	 0.7000
3.0	 4.0	 0.35	 0.40	 0.0	 0.2	 0.0000	 0.2693
3.0	 4.0	 0.35	 0.40	 0.0	 0.2	 0.2693	 0.2890
3.0	 4.0	 0.35	 0.40	 0.0	 0.2	 0.2890	 0.3081
3.0	 4.0	 0.35	 0.40	 0.0	 0.2	 0.3081	 0.3293
3.0	 4.0	 0.35	 0.40	 0.0	 0.2	 0.3293	 0.3541
3.0	 4.0	 0.35	 0.40	 0.0	 0.2	 0.3541	 0.3867
3.0	 4.0	 0.35	 0.40	 0.0	 0.2	 0.3867	 0.7000
3.0	 4.0	 0.35	 0.40	 0.2	 0.4	 0.0000	 0.2589
3.0	 4.0	 0.35	 0.40	 0.2	 0.4	 0.2589	 0.2771
3.0	 4.0	 0.35	 0.40	 0.2	 0.4	 0.2771	 0.2940
3.0	 4.0	 0.35	 0.40	 0.2	 0.4	 0.2940	 0.3160
3.0	 4.0	 0.35	 0.40	 0.2	 0.4	 0.3160	 0.3420
3.0	 4.0	 0.35	 0.40	 0.2	 0.4	 0.3420	 0.3703
3.0	 4.0	 0.35	 0.40	 0.2	 0.4	 0.3703	 0.4034
3.0	 4.0	 0.35	 0.40	 0.2	 0.4	 0.4034	 0.7000
3.0	 4.0	 0.35	 0.40	 0.4	 0.6	 0.0000	 0.2796
3.0	 4.0	 0.35	 0.40	 0.4	 0.6	 0.2796	 0.3202
3.0	 4.0	 0.35	 0.40	 0.4	 0.6	 0.3202	 0.3762
3.0	 4.0	 0.35	 0.40	 0.4	 0.6	 0.3762	 0.7000
3.0	 4.0	 0.35	 0.40	 0.6	 0.8	 0.0000	 0.3403
3.0	 4.0	 0.35	 0.40	 0.6	 0.8	 0.3403	 0.7000
3.0	 4.0	 0.35	 0.40	 0.8	 1.6	 0.0000	 0.7000
3.0	 4.0	 0.40	 0.45	 0.0	 0.2	 0.0000	 0.2787
3.0	 4.0	 0.40	 0.45	 0.0	 0.2	 0.2787	 0.3042
3.0	 4.0	 0.40	 0.45	 0.0	 0.2	 0.3042	 0.3324
3.0	 4.0	 0.40	 0.45	 0.0	 0.2	 0.3324	 0.3692
3.0	 4.0	 0.40	 0.45	 0.0	 0.2	 0.3692	 0.7000
3.0	 4.0	 0.40	 0.45	 0.2	 0.4	 0.0000	 0.2646
3.0	 4.0	 0.40	 0.45	 0.2	 0.4	 0.2646	 0.2858
3.0	 4.0	 0.40	 0.45	 0.2	 0.4	 0.2858	 0.3105
3.0	 4.0	 0.40	 0.45	 0.2	 0.4	 0.3105	 0.3414
3.0	 4.0	 0.40	 0.45	 0.2	 0.4	 0.3414	 0.3756
3.0	 4.0	 0.40	 0.45	 0.2	 0.4	 0.3756	 0.4194
3.0	 4.0	 0.40	 0.45	 0.2	 0.4	 0.4194	 0.7000
3.0	 4.0	 0.40	 0.45	 0.4	 0.6	 0.0000	 0.2859
3.0	 4.0	 0.40	 0.45	 0.4	 0.6	 0.2859	 0.3401
3.0	 4.0	 0.40	 0.45	 0.4	 0.6	 0.3401	 0.4269
3.0	 4.0	 0.40	 0.45	 0.4	 0.6	 0.4269	 0.7000
3.0	 4.0	 0.40	 0.45	 0.6	 0.8	 0.0000	 0.3691
3.0	 4.0	 0.40	 0.45	 0.6	 0.8	 0.3691	 0.7000
3.0	 4.0	 0.40	 0.45	 0.8	 1.6	 0.0000	 0.7000
3.0	 4.0	 0.45	 0.50	 0.0	 0.2	 0.0000	 0.2894
3.0	 4.0	 0.45	 0.50	 0.0	 0.2	 0.2894	 0.3259
3.0	 4.0	 0.45	 0.50	 0.0	 0.2	 0.3259	 0.3774
3.0	 4.0	 0.45	 0.50	 0.0	 0.2	 0.3774	 0.7000
3.0	 4.0	 0.45	 0.50	 0.2	 0.4	 0.0000	 0.2716
3.0	 4.0	 0.45	 0.50	 0.2	 0.4	 0.2716	 0.2990
3.0	 4.0	 0.45	 0.50	 0.2	 0.4	 0.2990	 0.3348
3.0	 4.0	 0.45	 0.50	 0.2	 0.4	 0.3348	 0.3770
3.0	 4.0	 0.45	 0.50	 0.2	 0.4	 0.3770	 0.4468
3.0	 4.0	 0.45	 0.50	 0.2	 0.4	 0.4468	 0.7000
3.0	 4.0	 0.45	 0.50	 0.4	 0.6	 0.0000	 0.2940
3.0	 4.0	 0.45	 0.50	 0.4	 0.6	 0.2940	 0.3666
3.0	 4.0	 0.45	 0.50	 0.4	 0.6	 0.3666	 0.7000
3.0	 4.0	 0.45	 0.50	 0.6	 1.0	 0.0000	 0.3434
3.0	 4.0	 0.45	 0.50	 0.6	 1.0	 0.3434	 0.7000
3.0	 4.0	 0.50	 0.55	 0.0	 0.2	 0.0000	 0.3034
3.0	 4.0	 0.50	 0.55	 0.0	 0.2	 0.3034	 0.3639
3.0	 4.0	 0.50	 0.55	 0.0	 0.2	 0.3639	 0.7000
3.0	 4.0	 0.50	 0.55	 0.2	 0.4	 0.0000	 0.2803
3.0	 4.0	 0.50	 0.55	 0.2	 0.4	 0.2803	 0.3192
3.0	 4.0	 0.50	 0.55	 0.2	 0.4	 0.3192	 0.3697
3.0	 4.0	 0.50	 0.55	 0.2	 0.4	 0.3697	 0.7000
3.0	 4.0	 0.50	 0.55	 0.4	 0.6	 0.0000	 0.3038
3.0	 4.0	 0.50	 0.55	 0.4	 0.6	 0.3038	 0.4016
3.0	 4.0	 0.50	 0.55	 0.4	 0.6	 0.4016	 0.7000
3.0	 4.0	 0.50	 0.55	 0.6	 1.0	 0.0000	 0.4235
3.0	 4.0	 0.50	 0.55	 0.6	 1.0	 0.4235	 0.7000
3.0	 4.0	 0.55	 0.60	 0.0	 0.2	 0.0000	 0.3246
3.0	 4.0	 0.55	 0.60	 0.0	 0.2	 0.3246	 0.7000
3.0	 4.0	 0.55	 0.60	 0.2	 0.4	 0.0000	 0.2910
3.0	 4.0	 0.55	 0.60	 0.2	 0.4	 0.2910	 0.3470
3.0	 4.0	 0.55	 0.60	 0.2	 0.4	 0.3470	 0.7000
3.0	 4.0	 0.55	 0.60	 0.4	 0.6	 0.0000	 0.3169
3.0	 4.0	 0.55	 0.60	 0.4	 0.6	 0.3169	 0.7000
3.0	 4.0	 0.55	 0.60	 0.6	 1.6	 0.0000	 0.7000
3.0	 4.0	 0.60	 0.65	 0.0	 0.2	 0.0000	 0.3571
3.0	 4.0	 0.60	 0.65	 0.0	 0.2	 0.3571	 0.7000
3.0	 4.0	 0.60	 0.65	 0.2	 0.4	 0.0000	 0.3066
3.0	 4.0	 0.60	 0.65	 0.2	 0.4	 0.3066	 0.3960
3.0	 4.0	 0.60	 0.65	 0.2	 0.4	 0.3960	 0.7000
3.0	 4.0	 0.60	 0.65	 0.4	 0.6	 0.0000	 0.3406
3.0	 4.0	 0.60	 0.65	 0.4	 0.6	 0.3406	 0.7000
3.0	 4.0	 0.60	 0.65	 0.6	 1.6	 0.0000	 0.7000
3.0	 4.0	 0.65	 0.70	 0.0	 0.4	 0.0000	 0.2994
3.0	 4.0	 0.65	 0.70	 0.0	 0.4	 0.2994	 0.3622
3.0	 4.0	 0.65	 0.70	 0.0	 0.4	 0.3622	 0.7000
3.0	 4.0	 0.65	 0.70	 0.4	 0.8	 0.0000	 0.3242
3.0	 4.0	 0.65	 0.70	 0.4	 0.8	 0.3242	 0.7000
4.0	 5.0	 0.30	 0.35	 0.0	 0.2	 0.0000	 0.3258
4.0	 5.0	 0.30	 0.35	 0.0	 0.2	 0.3258	 0.3474
4.0	 5.0	 0.30	 0.35	 0.0	 0.2	 0.3474	 0.3697
4.0	 5.0	 0.30	 0.35	 0.0	 0.2	 0.3697	 0.3992
4.0	 5.0	 0.30	 0.35	 0.0	 0.2	 0.3992	 0.4482
4.0	 5.0	 0.30	 0.35	 0.0	 0.2	 0.4482	 0.7000
4.0	 5.0	 0.30	 0.35	 0.2	 0.4	 0.0000	 0.3184
4.0	 5.0	 0.30	 0.35	 0.2	 0.4	 0.3184	 0.3385
4.0	 5.0	 0.30	 0.35	 0.2	 0.4	 0.3385	 0.3597
4.0	 5.0	 0.30	 0.35	 0.2	 0.4	 0.3597	 0.3902
4.0	 5.0	 0.30	 0.35	 0.2	 0.4	 0.3902	 0.4407
4.0	 5.0	 0.30	 0.35	 0.2	 0.4	 0.4407	 0.7000
4.0	 5.0	 0.30	 0.35	 0.4	 0.6	 0.0000	 0.3457
4.0	 5.0	 0.30	 0.35	 0.4	 0.6	 0.3457	 0.4159
4.0	 5.0	 0.30	 0.35	 0.4	 0.6	 0.4159	 0.7000
4.0	 5.0	 0.30	 0.35	 0.6	 1.0	 0.0000	 0.4567
4.0	 5.0	 0.30	 0.35	 0.6	 1.0	 0.4567	 0.7000
4.0	 5.0	 0.35	 0.40	 0.0	 0.2	 0.0000	 0.3356
4.0	 5.0	 0.35	 0.40	 0.0	 0.2	 0.3356	 0.3660
4.0	 5.0	 0.35	 0.40	 0.0	 0.2	 0.3660	 0.4071
4.0	 5.0	 0.35	 0.40	 0.0	 0.2	 0.4071	 0.7000
4.0	 5.0	 0.35	 0.40	 0.2	 0.4	 0.0000	 0.3232
4.0	 5.0	 0.35	 0.40	 0.2	 0.4	 0.3232	 0.3479
4.0	 5.0	 0.35	 0.40	 0.2	 0.4	 0.3479	 0.3784
4.0	 5.0	 0.35	 0.40	 0.2	 0.4	 0.3784	 0.4356
4.0	 5.0	 0.35	 0.40	 0.2	 0.4	 0.4356	 0.7000
4.0	 5.0	 0.35	 0.40	 0.4	 0.6	 0.0000	 0.3543
4.0	 5.0	 0.35	 0.40	 0.4	 0.6	 0.3543	 0.4703
4.0	 5.0	 0.35	 0.40	 0.4	 0.6	 0.4703	 0.7000
4.0	 5.0	 0.35	 0.40	 0.6	 1.6	 0.0000	 0.7000
4.0	 5.0	 0.40	 0.45	 0.0	 0.2	 0.0000	 0.3490
4.0	 5.0	 0.40	 0.45	 0.0	 0.2	 0.3490	 0.3995
4.0	 5.0	 0.40	 0.45	 0.0	 0.2	 0.3995	 0.7000
4.0	 5.0	 0.40	 0.45	 0.2	 0.4	 0.0000	 0.3310
4.0	 5.0	 0.40	 0.45	 0.2	 0.4	 0.3310	 0.3633
4.0	 5.0	 0.40	 0.45	 0.2	 0.4	 0.3633	 0.4206
4.0	 5.0	 0.40	 0.45	 0.2	 0.4	 0.4206	 0.7000
4.0	 5.0	 0.40	 0.45	 0.4	 0.6	 0.0000	 0.3667
4.0	 5.0	 0.40	 0.45	 0.4	 0.6	 0.3667	 0.7000
4.0	 5.0	 0.40	 0.45	 0.6	 1.6	 0.0000	 0.7000
4.0	 5.0	 0.45	 0.50	 0.0	 0.2	 0.0000	 0.3682
4.0	 5.0	 0.45	 0.50	 0.0	 0.2	 0.3682	 0.7000
4.0	 5.0	 0.45	 0.50	 0.2	 0.4	 0.0000	 0.3402
4.0	 5.0	 0.45	 0.50	 0.2	 0.4	 0.3402	 0.3898
4.0	 5.0	 0.45	 0.50	 0.2	 0.4	 0.3898	 0.7000
4.0	 5.0	 0.45	 0.50	 0.4	 0.6	 0.0000	 0.3837
4.0	 5.0	 0.45	 0.50	 0.4	 0.6	 0.3837	 0.7000
4.0	 5.0	 0.45	 0.50	 0.6	 1.6	 0.0000	 0.7000
4.0	 5.0	 0.50	 0.55	 0.0	 0.2	 0.0000	 0.4007
4.0	 5.0	 0.50	 0.55	 0.0	 0.2	 0.4007	 0.7000
4.0	 5.0	 0.50	 0.55	 0.2	 0.4	 0.0000	 0.3525
4.0	 5.0	 0.50	 0.55	 0.2	 0.4	 0.3525	 0.4440
4.0	 5.0	 0.50	 0.55	 0.2	 0.4	 0.4440	 0.7000
4.0	 5.0	 0.50	 0.55	 0.4	 0.6	 0.0000	 0.4116
4.0	 5.0	 0.50	 0.55	 0.4	 0.6	 0.4116	 0.7000
4.0	 5.0	 0.50	 0.55	 0.6	 1.6	 0.0000	 0.7000
4.0	 5.0	 0.55	 0.60	 0.0	 0.4	 0.0000	 0.3478
4.0	 5.0	 0.55	 0.60	 0.0	 0.4	 0.3478	 0.4033
4.0	 5.0	 0.55	 0.60	 0.0	 0.4	 0.4033	 0.7000
4.0	 5.0	 0.55	 0.60	 0.4	 0.8	 0.0000	 0.3761
4.0	 5.0	 0.55	 0.60	 0.4	 0.8	 0.3761	 0.7000
4.0	 5.0	 0.60	 0.65	 0.0	 0.4	 0.0000	 0.3632
4.0	 5.0	 0.60	 0.65	 0.0	 0.4	 0.3632	 0.7000
4.0	 5.0	 0.60	 0.65	 0.4	 0.8	 0.0000	 0.4067
4.0	 5.0	 0.60	 0.65	 0.4	 0.8	 0.4067	 0.7000
4.0	 5.0	 0.65	 0.70	 0.0	 0.4	 0.0000	 0.3898
4.0	 5.0	 0.65	 0.70	 0.0	 0.4	 0.3898	 0.7000
4.0	 5.0	 0.65	 0.70	 0.4	 1.6	 0.0000	 0.7000
5.0	 6.0	 0.30	 0.35	 0.0	 0.2	 0.0000	 0.4051
5.0	 6.0	 0.30	 0.35	 0.0	 0.2	 0.4051	 0.4301
5.0	 6.0	 0.30	 0.35	 0.0	 0.2	 0.4301	 0.4568
5.0	 6.0	 0.30	 0.35	 0.0	 0.2	 0.4568	 0.4973
5.0	 6.0	 0.30	 0.35	 0.0	 0.2	 0.4973	 0.7000
5.0	 6.0	 0.30	 0.35	 0.2	 0.4	 0.0000	 0.4038
5.0	 6.0	 0.30	 0.35	 0.2	 0.4	 0.4038	 0.4323
5.0	 6.0	 0.30	 0.35	 0.2	 0.4	 0.4323	 0.4676
5.0	 6.0	 0.30	 0.35	 0.2	 0.4	 0.4676	 0.5281
5.0	 6.0	 0.30	 0.35	 0.2	 0.4	 0.5281	 0.7000
5.0	 6.0	 0.30	 0.35	 0.4	 0.6	 0.0000	 0.4397
5.0	 6.0	 0.30	 0.35	 0.4	 0.6	 0.4397	 0.7000
5.0	 6.0	 0.30	 0.35	 0.6	 1.6	 0.0000	 0.7000
5.0	 6.0	 0.35	 0.40	 0.0	 0.2	 0.0000	 0.4157
5.0	 6.0	 0.35	 0.40	 0.0	 0.2	 0.4157	 0.4505
5.0	 6.0	 0.35	 0.40	 0.0	 0.2	 0.4505	 0.5080
5.0	 6.0	 0.35	 0.40	 0.0	 0.2	 0.5080	 0.7000
5.0	 6.0	 0.35	 0.40	 0.2	 0.4	 0.0000	 0.4103
5.0	 6.0	 0.35	 0.40	 0.2	 0.4	 0.4103	 0.4464
5.0	 6.0	 0.35	 0.40	 0.2	 0.4	 0.4464	 0.5020
5.0	 6.0	 0.35	 0.40	 0.2	 0.4	 0.5020	 0.7000
5.0	 6.0	 0.35	 0.40	 0.4	 0.6	 0.0000	 0.4544
5.0	 6.0	 0.35	 0.40	 0.4	 0.6	 0.4544	 0.7000
5.0	 6.0	 0.35	 0.40	 0.6	 1.6	 0.0000	 0.7000
5.0	 6.0	 0.40	 0.45	 0.0	 0.2	 0.0000	 0.4300
5.0	 6.0	 0.40	 0.45	 0.0	 0.2	 0.4300	 0.4920
5.0	 6.0	 0.40	 0.45	 0.0	 0.2	 0.4920	 0.7000
5.0	 6.0	 0.40	 0.45	 0.2	 0.4	 0.0000	 0.4194
5.0	 6.0	 0.40	 0.45	 0.2	 0.4	 0.4194	 0.4690
5.0	 6.0	 0.40	 0.45	 0.2	 0.4	 0.4690	 0.7000
5.0	 6.0	 0.40	 0.45	 0.4	 0.6	 0.0000	 0.4754
5.0	 6.0	 0.40	 0.45	 0.4	 0.6	 0.4754	 0.7000
5.0	 6.0	 0.40	 0.45	 0.6	 1.6	 0.0000	 0.7000
5.0	 6.0	 0.45	 0.50	 0.0	 0.2	 0.0000	 0.4503
5.0	 6.0	 0.45	 0.50	 0.0	 0.2	 0.4503	 0.7000
5.0	 6.0	 0.45	 0.50	 0.2	 0.4	 0.0000	 0.4298
5.0	 6.0	 0.45	 0.50	 0.2	 0.4	 0.4298	 0.5101
5.0	 6.0	 0.45	 0.50	 0.2	 0.4	 0.5101	 0.7000
5.0	 6.0	 0.45	 0.50	 0.4	 0.6	 0.0000	 0.5126
5.0	 6.0	 0.45	 0.50	 0.4	 0.6	 0.5126	 0.7000
5.0	 6.0	 0.45	 0.50	 0.6	 1.6	 0.0000	 0.7000
5.0	 6.0	 0.50	 0.55	 0.0	 0.2	 0.0000	 0.4920
5.0	 6.0	 0.50	 0.55	 0.0	 0.2	 0.4920	 0.7000
5.0	 6.0	 0.50	 0.55	 0.2	 0.4	 0.0000	 0.4455
5.0	 6.0	 0.50	 0.55	 0.2	 0.4	 0.4455	 0.7000
5.0	 6.0	 0.50	 0.55	 0.4	 0.8	 0.0000	 0.4737
5.0	 6.0	 0.50	 0.55	 0.4	 0.8	 0.4737	 0.7000
5.0	 6.0	 0.55	 0.60	 0.0	 0.4	 0.0000	 0.4319
5.0	 6.0	 0.55	 0.60	 0.0	 0.4	 0.4319	 0.5117
5.0	 6.0	 0.55	 0.60	 0.0	 0.4	 0.5117	 0.7000
5.0	 6.0	 0.55	 0.60	 0.4	 1.6	 0.0000	 0.7000
5.0	 6.0	 0.60	 0.65	 0.0	 0.4	 0.0000	 0.4512
5.0	 6.0	 0.60	 0.65	 0.0	 0.4	 0.4512	 0.7000
5.0	 6.0	 0.60	 0.65	 0.4	 1.6	 0.0000	 0.7000
5.0	 6.0	 0.65	 0.70	 0.0	 0.6	 0.0000	 0.4483
5.0	 6.0	 0.65	 0.70	 0.0	 0.6	 0.4483	 0.7000
6.0	 8.0	 0.30	 0.35	 0.0	 0.2	 0.0000	 0.5090
6.0	 8.0	 0.30	 0.35	 0.0	 0.2	 0.5090	 0.5783
6.0	 8.0	 0.30	 0.35	 0.0	 0.2	 0.5783	 0.7000
6.0	 8.0	 0.30	 0.35	 0.2	 0.4	 0.0000	 0.5188
6.0	 8.0	 0.30	 0.35	 0.2	 0.4	 0.5188	 0.6208
6.0	 8.0	 0.30	 0.35	 0.2	 0.4	 0.6208	 0.7000
6.0	 8.0	 0.30	 0.35	 0.4	 0.8	 0.0000	 0.5730
6.0	 8.0	 0.30	 0.35	 0.4	 0.8	 0.5730	 0.7000
6.0	 8.0	 0.35	 0.40	 0.0	 0.2	 0.0000	 0.5318
6.0	 8.0	 0.35	 0.40	 0.0	 0.2	 0.5318	 0.7000
6.0	 8.0	 0.35	 0.40	 0.2	 0.4	 0.0000	 0.5347
6.0	 8.0	 0.35	 0.40	 0.2	 0.4	 0.5347	 0.7000
6.0	 8.0	 0.35	 0.40	 0.4	 1.0	 0.0000	 0.6139
6.0	 8.0	 0.35	 0.40	 0.4	 1.0	 0.6139	 0.7000
6.0	 8.0	 0.40	 0.45	 0.0	 0.2	 0.0000	 0.5755
6.0	 8.0	 0.40	 0.45	 0.0	 0.2	 0.5755	 0.7000
6.0	 8.0	 0.40	 0.45	 0.2	 0.4	 0.0000	 0.5585
6.0	 8.0	 0.40	 0.45	 0.2	 0.4	 0.5585	 0.7000
6.0	 8.0	 0.40	 0.45	 0.4	 1.6	 0.0000	 0.7000
6.0	 8.0	 0.45	 0.50	 0.0	 0.4	 0.0000	 0.5230
6.0	 8.0	 0.45	 0.50	 0.0	 0.4	 0.5230	 0.7000
6.0	 8.0	 0.45	 0.50	 0.4	 1.6	 0.0000	 0.7000
6.0	 8.0	 0.50	 0.55	 0.0	 0.4	 0.0000	 0.5491
6.0	 8.0	 0.50	 0.55	 0.0	 0.4	 0.5491	 0.7000
6.0	 8.0	 0.50	 0.55	 0.4	 1.6	 0.0000	 0.7000
6.0	 8.0	 0.55	 0.60	 0.0	 0.6	 0.0000	 0.5499
6.0	 8.0	 0.55	 0.60	 0.0	 0.6	 0.5499	 0.7000
6.0	 8.0	 0.60	 0.65	 0.0	 1.6	 0.0000	 0.7000
6.0	 8.0	 0.65	 0.70	 0.0	 1.6	 0.0000	 0.7000
