Q2l	 Q2u	 zl	 zu	 Ptl	 Ptu	 xl	 xu
1.0	 2.0	 0.30	 0.35	 0.0	 0.4	 0.0000	 0.0742
1.0	 2.0	 0.30	 0.35	 0.0	 0.4	 0.0742	 0.7000
1.0	 2.0	 0.30	 0.35	 0.4	 0.6	 0.0000	 0.0709
1.0	 2.0	 0.30	 0.35	 0.4	 0.6	 0.0709	 0.7000
1.0	 2.0	 0.35	 0.40	 0.0	 0.4	 0.0000	 0.0821
1.0	 2.0	 0.35	 0.40	 0.0	 0.4	 0.0821	 0.1195
1.0	 2.0	 0.35	 0.40	 0.0	 0.4	 0.1195	 0.1553
1.0	 2.0	 0.35	 0.40	 0.0	 0.4	 0.1553	 0.7000
1.0	 2.0	 0.35	 0.40	 0.4	 0.6	 0.0000	 0.0695
1.0	 2.0	 0.35	 0.40	 0.4	 0.6	 0.0695	 0.0777
1.0	 2.0	 0.35	 0.40	 0.4	 0.6	 0.0777	 0.0888
1.0	 2.0	 0.35	 0.40	 0.4	 0.6	 0.0888	 0.7000
1.0	 2.0	 0.40	 0.45	 0.0	 0.4	 0.0000	 0.0991
1.0	 2.0	 0.40	 0.45	 0.0	 0.4	 0.0991	 0.1215
1.0	 2.0	 0.40	 0.45	 0.0	 0.4	 0.1215	 0.1388
1.0	 2.0	 0.40	 0.45	 0.0	 0.4	 0.1388	 0.1635
1.0	 2.0	 0.40	 0.45	 0.0	 0.4	 0.1635	 0.7000
1.0	 2.0	 0.40	 0.45	 0.4	 0.6	 0.0000	 0.0737
1.0	 2.0	 0.40	 0.45	 0.4	 0.6	 0.0737	 0.0828
1.0	 2.0	 0.40	 0.45	 0.4	 0.6	 0.0828	 0.0942
1.0	 2.0	 0.40	 0.45	 0.4	 0.6	 0.0942	 0.7000
1.0	 2.0	 0.40	 0.45	 0.6	 1.6	 0.0000	 0.7000
1.0	 2.0	 0.45	 0.50	 0.0	 0.2	 0.0000	 0.1638
1.0	 2.0	 0.45	 0.50	 0.0	 0.2	 0.1638	 0.7000
1.0	 2.0	 0.45	 0.50	 0.2	 0.4	 0.0000	 0.1142
1.0	 2.0	 0.45	 0.50	 0.2	 0.4	 0.1142	 0.1346
1.0	 2.0	 0.45	 0.50	 0.2	 0.4	 0.1346	 0.1591
1.0	 2.0	 0.45	 0.50	 0.2	 0.4	 0.1591	 0.7000
1.0	 2.0	 0.45	 0.50	 0.4	 0.6	 0.0000	 0.0790
1.0	 2.0	 0.45	 0.50	 0.4	 0.6	 0.0790	 0.0917
1.0	 2.0	 0.45	 0.50	 0.4	 0.6	 0.0917	 0.1174
1.0	 2.0	 0.45	 0.50	 0.4	 0.6	 0.1174	 0.7000
1.0	 2.0	 0.45	 0.50	 0.6	 0.8	 0.0000	 0.0842
1.0	 2.0	 0.45	 0.50	 0.6	 0.8	 0.0842	 0.7000
1.0	 2.0	 0.50	 0.55	 0.0	 0.2	 0.0000	 0.1759
1.0	 2.0	 0.50	 0.55	 0.0	 0.2	 0.1759	 0.7000
1.0	 2.0	 0.50	 0.55	 0.2	 0.4	 0.0000	 0.1212
1.0	 2.0	 0.50	 0.55	 0.2	 0.4	 0.1212	 0.1444
1.0	 2.0	 0.50	 0.55	 0.2	 0.4	 0.1444	 0.1804
1.0	 2.0	 0.50	 0.55	 0.2	 0.4	 0.1804	 0.7000
1.0	 2.0	 0.50	 0.55	 0.4	 0.6	 0.0000	 0.0858
1.0	 2.0	 0.50	 0.55	 0.4	 0.6	 0.0858	 0.1112
1.0	 2.0	 0.50	 0.55	 0.4	 0.6	 0.1112	 0.7000
1.0	 2.0	 0.50	 0.55	 0.6	 0.8	 0.0000	 0.0858
1.0	 2.0	 0.50	 0.55	 0.6	 0.8	 0.0858	 0.7000
1.0	 2.0	 0.50	 0.55	 0.8	 1.6	 0.0000	 0.7000
1.0	 2.0	 0.55	 0.60	 0.0	 0.2	 0.0000	 0.2035
1.0	 2.0	 0.55	 0.60	 0.0	 0.2	 0.2035	 0.7000
1.0	 2.0	 0.55	 0.60	 0.2	 0.4	 0.0000	 0.1276
1.0	 2.0	 0.55	 0.60	 0.2	 0.4	 0.1276	 0.1595
1.0	 2.0	 0.55	 0.60	 0.2	 0.4	 0.1595	 0.7000
1.0	 2.0	 0.55	 0.60	 0.4	 0.6	 0.0000	 0.0974
1.0	 2.0	 0.55	 0.60	 0.4	 0.6	 0.0974	 0.1540
1.0	 2.0	 0.55	 0.60	 0.4	 0.6	 0.1540	 0.7000
1.0	 2.0	 0.55	 0.60	 0.6	 0.8	 0.0000	 0.0919
1.0	 2.0	 0.55	 0.60	 0.6	 0.8	 0.0919	 0.7000
1.0	 2.0	 0.55	 0.60	 0.8	 1.6	 0.0000	 0.7000
1.0	 2.0	 0.60	 0.65	 0.0	 0.4	 0.0000	 0.1326
1.0	 2.0	 0.60	 0.65	 0.0	 0.4	 0.1326	 0.1662
1.0	 2.0	 0.60	 0.65	 0.0	 0.4	 0.1662	 0.2362
1.0	 2.0	 0.60	 0.65	 0.0	 0.4	 0.2362	 0.7000
1.0	 2.0	 0.60	 0.65	 0.4	 0.6	 0.0000	 0.1194
1.0	 2.0	 0.60	 0.65	 0.4	 0.6	 0.1194	 0.7000
1.0	 2.0	 0.60	 0.65	 0.6	 0.8	 0.0000	 0.1029
1.0	 2.0	 0.60	 0.65	 0.6	 0.8	 0.1029	 0.7000
1.0	 2.0	 0.60	 0.65	 0.8	 1.6	 0.0000	 0.7000
1.0	 2.0	 0.65	 0.70	 0.0	 0.4	 0.0000	 0.1470
1.0	 2.0	 0.65	 0.70	 0.0	 0.4	 0.1470	 0.2103
1.0	 2.0	 0.65	 0.70	 0.0	 0.4	 0.2103	 0.7000
1.0	 2.0	 0.65	 0.70	 0.4	 0.6	 0.0000	 0.1387
1.0	 2.0	 0.65	 0.70	 0.4	 0.6	 0.1387	 0.7000
1.0	 2.0	 0.65	 0.70	 0.6	 0.8	 0.0000	 0.1317
1.0	 2.0	 0.65	 0.70	 0.6	 0.8	 0.1317	 0.7000
1.0	 2.0	 0.65	 0.70	 0.8	 1.6	 0.0000	 0.7000
2.0	 3.0	 0.30	 0.35	 0.0	 1.6	 0.0000	 0.7000
2.0	 3.0	 0.35	 0.40	 0.0	 0.4	 0.0000	 0.1602
2.0	 3.0	 0.35	 0.40	 0.0	 0.4	 0.1602	 0.1775
2.0	 3.0	 0.35	 0.40	 0.0	 0.4	 0.1775	 0.2010
2.0	 3.0	 0.35	 0.40	 0.0	 0.4	 0.2010	 0.7000
2.0	 3.0	 0.40	 0.45	 0.0	 0.2	 0.0000	 0.2101
2.0	 3.0	 0.40	 0.45	 0.0	 0.2	 0.2101	 0.7000
2.0	 3.0	 0.40	 0.45	 0.2	 0.4	 0.0000	 0.1674
2.0	 3.0	 0.40	 0.45	 0.2	 0.4	 0.1674	 0.1869
2.0	 3.0	 0.40	 0.45	 0.2	 0.4	 0.1869	 0.2109
2.0	 3.0	 0.40	 0.45	 0.2	 0.4	 0.2109	 0.7000
2.0	 3.0	 0.40	 0.45	 0.4	 1.6	 0.0000	 0.7000
2.0	 3.0	 0.45	 0.50	 0.0	 0.2	 0.0000	 0.2169
2.0	 3.0	 0.45	 0.50	 0.0	 0.2	 0.2169	 0.7000
2.0	 3.0	 0.45	 0.50	 0.2	 0.4	 0.0000	 0.1769
2.0	 3.0	 0.45	 0.50	 0.2	 0.4	 0.1769	 0.2012
2.0	 3.0	 0.45	 0.50	 0.2	 0.4	 0.2012	 0.2316
2.0	 3.0	 0.45	 0.50	 0.2	 0.4	 0.2316	 0.7000
2.0	 3.0	 0.45	 0.50	 0.4	 0.6	 0.0000	 0.2132
2.0	 3.0	 0.45	 0.50	 0.4	 0.6	 0.2132	 0.7000
2.0	 3.0	 0.50	 0.55	 0.0	 0.2	 0.0000	 0.2321
2.0	 3.0	 0.50	 0.55	 0.0	 0.2	 0.2321	 0.7000
2.0	 3.0	 0.50	 0.55	 0.2	 0.4	 0.0000	 0.1882
2.0	 3.0	 0.50	 0.55	 0.2	 0.4	 0.1882	 0.2210
2.0	 3.0	 0.50	 0.55	 0.2	 0.4	 0.2210	 0.2891
2.0	 3.0	 0.50	 0.55	 0.2	 0.4	 0.2891	 0.7000
2.0	 3.0	 0.50	 0.55	 0.4	 0.6	 0.0000	 0.2020
2.0	 3.0	 0.50	 0.55	 0.4	 0.6	 0.2020	 0.7000
2.0	 3.0	 0.55	 0.60	 0.0	 0.2	 0.0000	 0.2569
2.0	 3.0	 0.55	 0.60	 0.0	 0.2	 0.2569	 0.7000
2.0	 3.0	 0.55	 0.60	 0.2	 0.4	 0.0000	 0.2034
2.0	 3.0	 0.55	 0.60	 0.2	 0.4	 0.2034	 0.2540
2.0	 3.0	 0.55	 0.60	 0.2	 0.4	 0.2540	 0.7000
2.0	 3.0	 0.55	 0.60	 0.4	 0.6	 0.0000	 0.2041
2.0	 3.0	 0.55	 0.60	 0.4	 0.6	 0.2041	 0.7000
2.0	 3.0	 0.60	 0.65	 0.0	 0.2	 0.0000	 0.3329
2.0	 3.0	 0.60	 0.65	 0.0	 0.2	 0.3329	 0.7000
2.0	 3.0	 0.60	 0.65	 0.2	 0.4	 0.0000	 0.2228
2.0	 3.0	 0.60	 0.65	 0.2	 0.4	 0.2228	 0.7000
2.0	 3.0	 0.60	 0.65	 0.4	 0.6	 0.0000	 0.2210
2.0	 3.0	 0.60	 0.65	 0.4	 0.6	 0.2210	 0.7000
2.0	 3.0	 0.60	 0.65	 0.6	 1.6	 0.0000	 0.7000
2.0	 3.0	 0.65	 0.70	 0.0	 0.4	 0.0000	 0.2259
2.0	 3.0	 0.65	 0.70	 0.0	 0.4	 0.2259	 0.7000
2.0	 3.0	 0.65	 0.70	 0.4	 0.6	 0.0000	 0.2711
2.0	 3.0	 0.65	 0.70	 0.4	 0.6	 0.2711	 0.7000
2.0	 3.0	 0.65	 0.70	 0.6	 1.6	 0.0000	 0.7000
3.0	 4.0	 0.35	 0.40	 0.0	 0.4	 0.0000	 0.2731
3.0	 4.0	 0.35	 0.40	 0.0	 0.4	 0.2731	 0.7000
3.0	 4.0	 0.35	 0.40	 0.4	 1.6	 0.0000	 0.7000
3.0	 4.0	 0.40	 0.45	 0.0	 0.2	 0.0000	 0.3090
3.0	 4.0	 0.40	 0.45	 0.0	 0.2	 0.3090	 0.7000
3.0	 4.0	 0.40	 0.45	 0.2	 0.4	 0.0000	 0.2785
3.0	 4.0	 0.40	 0.45	 0.2	 0.4	 0.2785	 0.7000
3.0	 4.0	 0.40	 0.45	 0.4	 1.6	 0.0000	 0.7000
3.0	 4.0	 0.45	 0.50	 0.0	 0.2	 0.0000	 0.3155
3.0	 4.0	 0.45	 0.50	 0.0	 0.2	 0.3155	 0.7000
3.0	 4.0	 0.45	 0.50	 0.2	 0.4	 0.0000	 0.2885
3.0	 4.0	 0.45	 0.50	 0.2	 0.4	 0.2885	 0.7000
3.0	 4.0	 0.45	 0.50	 0.4	 0.6	 0.0000	 0.3745
3.0	 4.0	 0.45	 0.50	 0.4	 0.6	 0.3745	 0.7000
3.0	 4.0	 0.50	 0.55	 0.0	 0.2	 0.0000	 0.3474
3.0	 4.0	 0.50	 0.55	 0.0	 0.2	 0.3474	 0.7000
3.0	 4.0	 0.50	 0.55	 0.2	 0.4	 0.0000	 0.3077
3.0	 4.0	 0.50	 0.55	 0.2	 0.4	 0.3077	 0.7000
3.0	 4.0	 0.50	 0.55	 0.4	 0.6	 0.0000	 0.3891
3.0	 4.0	 0.50	 0.55	 0.4	 0.6	 0.3891	 0.7000
3.0	 4.0	 0.55	 0.60	 0.0	 0.4	 0.0000	 0.2993
3.0	 4.0	 0.55	 0.60	 0.0	 0.4	 0.2993	 0.3649
3.0	 4.0	 0.55	 0.60	 0.0	 0.4	 0.3649	 0.7000
3.0	 4.0	 0.55	 0.60	 0.4	 0.8	 0.0000	 0.3559
3.0	 4.0	 0.55	 0.60	 0.4	 0.8	 0.3559	 0.7000
3.0	 4.0	 0.60	 0.65	 0.0	 0.4	 0.0000	 0.3229
3.0	 4.0	 0.60	 0.65	 0.0	 0.4	 0.3229	 0.7000
3.0	 4.0	 0.60	 0.65	 0.4	 1.6	 0.0000	 0.7000
3.0	 4.0	 0.65	 0.70	 0.0	 0.4	 0.0000	 0.3774
3.0	 4.0	 0.65	 0.70	 0.0	 0.4	 0.3774	 0.7000
3.0	 4.0	 0.65	 0.70	 0.4	 1.6	 0.0000	 0.7000
4.0	 5.0	 0.30	 0.35	 0.0	 1.6	 0.0000	 0.7000
4.0	 5.0	 0.35	 0.40	 0.0	 0.2	 0.0000	 0.3716
4.0	 5.0	 0.35	 0.40	 0.0	 0.2	 0.3716	 0.7000
4.0	 5.0	 0.35	 0.40	 0.2	 0.4	 0.0000	 0.3424
4.0	 5.0	 0.35	 0.40	 0.2	 0.4	 0.3424	 0.7000
4.0	 5.0	 0.35	 0.40	 0.4	 1.6	 0.0000	 0.7000
4.0	 5.0	 0.40	 0.45	 0.0	 0.2	 0.0000	 0.3796
4.0	 5.0	 0.40	 0.45	 0.0	 0.2	 0.3796	 0.7000
4.0	 5.0	 0.40	 0.45	 0.2	 0.4	 0.0000	 0.3494
4.0	 5.0	 0.40	 0.45	 0.2	 0.4	 0.3494	 0.7000
4.0	 5.0	 0.40	 0.45	 0.4	 1.6	 0.0000	 0.7000
4.0	 5.0	 0.45	 0.50	 0.0	 0.2	 0.0000	 0.4697
4.0	 5.0	 0.45	 0.50	 0.0	 0.2	 0.4697	 0.7000
4.0	 5.0	 0.45	 0.50	 0.2	 0.4	 0.0000	 0.3694
4.0	 5.0	 0.45	 0.50	 0.2	 0.4	 0.3694	 0.7000
4.0	 5.0	 0.45	 0.50	 0.4	 1.6	 0.0000	 0.7000
4.0	 5.0	 0.50	 0.55	 0.0	 0.4	 0.0000	 0.3612
4.0	 5.0	 0.50	 0.55	 0.0	 0.4	 0.3612	 0.7000
4.0	 5.0	 0.50	 0.55	 0.4	 1.6	 0.0000	 0.7000
4.0	 5.0	 0.55	 0.60	 0.0	 0.4	 0.0000	 0.3947
4.0	 5.0	 0.55	 0.60	 0.0	 0.4	 0.3947	 0.7000
4.0	 5.0	 0.55	 0.60	 0.4	 1.6	 0.0000	 0.7000
4.0	 5.0	 0.60	 0.65	 0.0	 0.6	 0.0000	 0.3930
4.0	 5.0	 0.60	 0.65	 0.0	 0.6	 0.3930	 0.7000
4.0	 5.0	 0.65	 0.70	 0.0	 1.6	 0.0000	 0.7000
5.0	 6.0	 0.35	 0.40	 0.0	 0.4	 0.0000	 0.4095
5.0	 6.0	 0.35	 0.40	 0.0	 0.4	 0.4095	 0.7000
5.0	 6.0	 0.35	 0.40	 0.4	 1.6	 0.0000	 0.7000
5.0	 6.0	 0.40	 0.45	 0.0	 0.2	 0.0000	 0.4673
5.0	 6.0	 0.40	 0.45	 0.0	 0.2	 0.4673	 0.7000
5.0	 6.0	 0.40	 0.45	 0.2	 0.4	 0.0000	 0.4495
5.0	 6.0	 0.40	 0.45	 0.2	 0.4	 0.4495	 0.7000
5.0	 6.0	 0.40	 0.45	 0.4	 1.6	 0.0000	 0.7000
5.0	 6.0	 0.45	 0.50	 0.0	 0.4	 0.0000	 0.4310
5.0	 6.0	 0.45	 0.50	 0.0	 0.4	 0.4310	 0.5110
5.0	 6.0	 0.45	 0.50	 0.0	 0.4	 0.5110	 0.7000
5.0	 6.0	 0.45	 0.50	 0.4	 1.6	 0.0000	 0.7000
5.0	 6.0	 0.50	 0.55	 0.0	 0.4	 0.0000	 0.4535
5.0	 6.0	 0.50	 0.55	 0.0	 0.4	 0.4535	 0.7000
5.0	 6.0	 0.50	 0.55	 0.4	 1.6	 0.0000	 0.7000
5.0	 6.0	 0.55	 0.60	 0.0	 0.4	 0.0000	 0.5073
5.0	 6.0	 0.55	 0.60	 0.0	 0.4	 0.5073	 0.7000
5.0	 6.0	 0.55	 0.60	 0.4	 1.6	 0.0000	 0.7000
5.0	 6.0	 0.60	 0.65	 0.0	 0.8	 0.0000	 0.5058
5.0	 6.0	 0.60	 0.65	 0.0	 0.8	 0.5058	 0.7000
5.0	 6.0	 0.65	 0.70	 0.0	 1.6	 0.0000	 0.7000
6.0	 8.0	 0.35	 0.40	 0.0	 0.4	 0.0000	 0.5501
6.0	 8.0	 0.35	 0.40	 0.0	 0.4	 0.5501	 0.7000
6.0	 8.0	 0.35	 0.40	 0.4	 1.6	 0.0000	 0.7000
6.0	 8.0	 0.40	 0.45	 0.0	 0.4	 0.0000	 0.5458
6.0	 8.0	 0.40	 0.45	 0.0	 0.4	 0.5458	 0.7000
6.0	 8.0	 0.40	 0.45	 0.4	 1.6	 0.0000	 0.7000
6.0	 8.0	 0.45	 0.50	 0.0	 0.4	 0.0000	 0.6005
6.0	 8.0	 0.45	 0.50	 0.0	 0.4	 0.6005	 0.7000
6.0	 8.0	 0.45	 0.50	 0.4	 1.6	 0.0000	 0.7000
6.0	 8.0	 0.50	 0.55	 0.0	 1.0	 0.0000	 0.6281
6.0	 8.0	 0.50	 0.55	 0.0	 1.0	 0.6281	 0.7000
6.0	 8.0	 0.55	 0.60	 0.0	 1.6	 0.0000	 0.7000
6.0	 8.0	 0.60	 0.65	 0.0	 1.6	 0.0000	 0.7000
