Q2l	 Q2u	 zl	 zu	 Ptl	 Ptu	 xl	 xu
1.0	 2.0	 0.30	 0.35	 0.0	 0.2	 0.0000	 0.1330
1.0	 2.0	 0.30	 0.35	 0.0	 0.2	 0.1330	 0.1467
1.0	 2.0	 0.30	 0.35	 0.0	 0.2	 0.1467	 0.1586
1.0	 2.0	 0.30	 0.35	 0.0	 0.2	 0.1586	 0.1698
1.0	 2.0	 0.30	 0.35	 0.0	 0.2	 0.1698	 0.1815
1.0	 2.0	 0.30	 0.35	 0.0	 0.2	 0.1815	 0.1957
1.0	 2.0	 0.30	 0.35	 0.0	 0.2	 0.1957	 0.2140
1.0	 2.0	 0.30	 0.35	 0.0	 0.2	 0.2140	 0.2396
1.0	 2.0	 0.30	 0.35	 0.0	 0.2	 0.2396	 0.7000
1.0	 2.0	 0.30	 0.35	 0.2	 0.4	 0.0000	 0.0702
1.0	 2.0	 0.30	 0.35	 0.2	 0.4	 0.0702	 0.0773
1.0	 2.0	 0.30	 0.35	 0.2	 0.4	 0.0773	 0.0842
1.0	 2.0	 0.30	 0.35	 0.2	 0.4	 0.0842	 0.0930
1.0	 2.0	 0.30	 0.35	 0.2	 0.4	 0.0930	 0.1198
1.0	 2.0	 0.30	 0.35	 0.2	 0.4	 0.1198	 0.1577
1.0	 2.0	 0.30	 0.35	 0.2	 0.4	 0.1577	 0.2421
1.0	 2.0	 0.30	 0.35	 0.2	 0.4	 0.2421	 0.7000
1.0	 2.0	 0.30	 0.35	 0.4	 0.6	 0.0000	 0.0678
1.0	 2.0	 0.30	 0.35	 0.4	 0.6	 0.0678	 0.0761
1.0	 2.0	 0.30	 0.35	 0.4	 0.6	 0.0761	 0.0872
1.0	 2.0	 0.30	 0.35	 0.4	 0.6	 0.0872	 0.7000
1.0	 2.0	 0.35	 0.40	 0.0	 0.2	 0.0000	 0.1299
1.0	 2.0	 0.35	 0.40	 0.0	 0.2	 0.1299	 0.1440
1.0	 2.0	 0.35	 0.40	 0.0	 0.2	 0.1440	 0.1567
1.0	 2.0	 0.35	 0.40	 0.0	 0.2	 0.1567	 0.1698
1.0	 2.0	 0.35	 0.40	 0.0	 0.2	 0.1698	 0.1843
1.0	 2.0	 0.35	 0.40	 0.0	 0.2	 0.1843	 0.2025
1.0	 2.0	 0.35	 0.40	 0.0	 0.2	 0.2025	 0.2289
1.0	 2.0	 0.35	 0.40	 0.0	 0.2	 0.2289	 0.2960
1.0	 2.0	 0.35	 0.40	 0.0	 0.2	 0.2960	 0.7000
1.0	 2.0	 0.35	 0.40	 0.2	 0.4	 0.0000	 0.0769
1.0	 2.0	 0.35	 0.40	 0.2	 0.4	 0.0769	 0.0875
1.0	 2.0	 0.35	 0.40	 0.2	 0.4	 0.0875	 0.1043
1.0	 2.0	 0.35	 0.40	 0.2	 0.4	 0.1043	 0.1261
1.0	 2.0	 0.35	 0.40	 0.2	 0.4	 0.1261	 0.1429
1.0	 2.0	 0.35	 0.40	 0.2	 0.4	 0.1429	 0.1609
1.0	 2.0	 0.35	 0.40	 0.2	 0.4	 0.1609	 0.1880
1.0	 2.0	 0.35	 0.40	 0.2	 0.4	 0.1880	 0.2525
1.0	 2.0	 0.35	 0.40	 0.2	 0.4	 0.2525	 0.7000
1.0	 2.0	 0.35	 0.40	 0.4	 0.6	 0.0000	 0.0678
1.0	 2.0	 0.35	 0.40	 0.4	 0.6	 0.0678	 0.0741
1.0	 2.0	 0.35	 0.40	 0.4	 0.6	 0.0741	 0.0800
1.0	 2.0	 0.35	 0.40	 0.4	 0.6	 0.0800	 0.0872
1.0	 2.0	 0.35	 0.40	 0.4	 0.6	 0.0872	 0.0984
1.0	 2.0	 0.35	 0.40	 0.4	 0.6	 0.0984	 0.7000
1.0	 2.0	 0.40	 0.45	 0.0	 0.2	 0.0000	 0.1318
1.0	 2.0	 0.40	 0.45	 0.0	 0.2	 0.1318	 0.1504
1.0	 2.0	 0.40	 0.45	 0.0	 0.2	 0.1504	 0.1677
1.0	 2.0	 0.40	 0.45	 0.0	 0.2	 0.1677	 0.1867
1.0	 2.0	 0.40	 0.45	 0.0	 0.2	 0.1867	 0.2130
1.0	 2.0	 0.40	 0.45	 0.0	 0.2	 0.2130	 0.2678
1.0	 2.0	 0.40	 0.45	 0.0	 0.2	 0.2678	 0.7000
1.0	 2.0	 0.40	 0.45	 0.2	 0.4	 0.0000	 0.0904
1.0	 2.0	 0.40	 0.45	 0.2	 0.4	 0.0904	 0.1131
1.0	 2.0	 0.40	 0.45	 0.2	 0.4	 0.1131	 0.1279
1.0	 2.0	 0.40	 0.45	 0.2	 0.4	 0.1279	 0.1404
1.0	 2.0	 0.40	 0.45	 0.2	 0.4	 0.1404	 0.1532
1.0	 2.0	 0.40	 0.45	 0.2	 0.4	 0.1532	 0.1696
1.0	 2.0	 0.40	 0.45	 0.2	 0.4	 0.1696	 0.1961
1.0	 2.0	 0.40	 0.45	 0.2	 0.4	 0.1961	 0.2539
1.0	 2.0	 0.40	 0.45	 0.2	 0.4	 0.2539	 0.7000
1.0	 2.0	 0.40	 0.45	 0.4	 0.6	 0.0000	 0.0709
1.0	 2.0	 0.40	 0.45	 0.4	 0.6	 0.0709	 0.0780
1.0	 2.0	 0.40	 0.45	 0.4	 0.6	 0.0780	 0.0847
1.0	 2.0	 0.40	 0.45	 0.4	 0.6	 0.0847	 0.0924
1.0	 2.0	 0.40	 0.45	 0.4	 0.6	 0.0924	 0.1042
1.0	 2.0	 0.40	 0.45	 0.4	 0.6	 0.1042	 0.7000
1.0	 2.0	 0.40	 0.45	 0.6	 0.8	 0.0000	 0.0846
1.0	 2.0	 0.40	 0.45	 0.6	 0.8	 0.0846	 0.7000
1.0	 2.0	 0.45	 0.50	 0.0	 0.2	 0.0000	 0.1393
1.0	 2.0	 0.45	 0.50	 0.0	 0.2	 0.1393	 0.1643
1.0	 2.0	 0.45	 0.50	 0.0	 0.2	 0.1643	 0.1905
1.0	 2.0	 0.45	 0.50	 0.0	 0.2	 0.1905	 0.2312
1.0	 2.0	 0.45	 0.50	 0.0	 0.2	 0.2312	 0.7000
1.0	 2.0	 0.45	 0.50	 0.2	 0.4	 0.0000	 0.1057
1.0	 2.0	 0.45	 0.50	 0.2	 0.4	 0.1057	 0.1223
1.0	 2.0	 0.45	 0.50	 0.2	 0.4	 0.1223	 0.1349
1.0	 2.0	 0.45	 0.50	 0.2	 0.4	 0.1349	 0.1473
1.0	 2.0	 0.45	 0.50	 0.2	 0.4	 0.1473	 0.1618
1.0	 2.0	 0.45	 0.50	 0.2	 0.4	 0.1618	 0.1827
1.0	 2.0	 0.45	 0.50	 0.2	 0.4	 0.1827	 0.2232
1.0	 2.0	 0.45	 0.50	 0.2	 0.4	 0.2232	 0.7000
1.0	 2.0	 0.45	 0.50	 0.4	 0.6	 0.0000	 0.0754
1.0	 2.0	 0.45	 0.50	 0.4	 0.6	 0.0754	 0.0843
1.0	 2.0	 0.45	 0.50	 0.4	 0.6	 0.0843	 0.0942
1.0	 2.0	 0.45	 0.50	 0.4	 0.6	 0.0942	 0.1099
1.0	 2.0	 0.45	 0.50	 0.4	 0.6	 0.1099	 0.7000
1.0	 2.0	 0.45	 0.50	 0.6	 0.8	 0.0000	 0.0768
1.0	 2.0	 0.45	 0.50	 0.6	 0.8	 0.0768	 0.1049
1.0	 2.0	 0.45	 0.50	 0.6	 0.8	 0.1049	 0.7000
1.0	 2.0	 0.50	 0.55	 0.0	 0.2	 0.0000	 0.1507
1.0	 2.0	 0.50	 0.55	 0.0	 0.2	 0.1507	 0.1845
1.0	 2.0	 0.50	 0.55	 0.0	 0.2	 0.1845	 0.2393
1.0	 2.0	 0.50	 0.55	 0.0	 0.2	 0.2393	 0.7000
1.0	 2.0	 0.50	 0.55	 0.2	 0.4	 0.0000	 0.1122
1.0	 2.0	 0.50	 0.55	 0.2	 0.4	 0.1122	 0.1286
1.0	 2.0	 0.50	 0.55	 0.2	 0.4	 0.1286	 0.1427
1.0	 2.0	 0.50	 0.55	 0.2	 0.4	 0.1427	 0.1593
1.0	 2.0	 0.50	 0.55	 0.2	 0.4	 0.1593	 0.1826
1.0	 2.0	 0.50	 0.55	 0.2	 0.4	 0.1826	 0.2302
1.0	 2.0	 0.50	 0.55	 0.2	 0.4	 0.2302	 0.7000
1.0	 2.0	 0.50	 0.55	 0.4	 0.6	 0.0000	 0.0804
1.0	 2.0	 0.50	 0.55	 0.4	 0.6	 0.0804	 0.0938
1.0	 2.0	 0.50	 0.55	 0.4	 0.6	 0.0938	 0.1149
1.0	 2.0	 0.50	 0.55	 0.4	 0.6	 0.1149	 0.1844
1.0	 2.0	 0.50	 0.55	 0.4	 0.6	 0.1844	 0.7000
1.0	 2.0	 0.50	 0.55	 0.6	 0.8	 0.0000	 0.0792
1.0	 2.0	 0.50	 0.55	 0.6	 0.8	 0.0792	 0.1000
1.0	 2.0	 0.50	 0.55	 0.6	 0.8	 0.1000	 0.7000
1.0	 2.0	 0.50	 0.55	 0.8	 1.6	 0.0000	 0.7000
1.0	 2.0	 0.55	 0.60	 0.0	 0.2	 0.0000	 0.1643
1.0	 2.0	 0.55	 0.60	 0.0	 0.2	 0.1643	 0.2178
1.0	 2.0	 0.55	 0.60	 0.0	 0.2	 0.2178	 0.7000
1.0	 2.0	 0.55	 0.60	 0.2	 0.4	 0.0000	 0.1166
1.0	 2.0	 0.55	 0.60	 0.2	 0.4	 0.1166	 0.1356
1.0	 2.0	 0.55	 0.60	 0.2	 0.4	 0.1356	 0.1552
1.0	 2.0	 0.55	 0.60	 0.2	 0.4	 0.1552	 0.1833
1.0	 2.0	 0.55	 0.60	 0.2	 0.4	 0.1833	 0.2506
1.0	 2.0	 0.55	 0.60	 0.2	 0.4	 0.2506	 0.7000
1.0	 2.0	 0.55	 0.60	 0.4	 0.6	 0.0000	 0.0872
1.0	 2.0	 0.55	 0.60	 0.4	 0.6	 0.0872	 0.1105
1.0	 2.0	 0.55	 0.60	 0.4	 0.6	 0.1105	 0.1488
1.0	 2.0	 0.55	 0.60	 0.4	 0.6	 0.1488	 0.7000
1.0	 2.0	 0.55	 0.60	 0.6	 0.8	 0.0000	 0.0834
1.0	 2.0	 0.55	 0.60	 0.6	 0.8	 0.0834	 0.1086
1.0	 2.0	 0.55	 0.60	 0.6	 0.8	 0.1086	 0.7000
1.0	 2.0	 0.55	 0.60	 0.8	 1.6	 0.0000	 0.7000
1.0	 2.0	 0.60	 0.65	 0.0	 0.2	 0.0000	 0.1830
1.0	 2.0	 0.60	 0.65	 0.0	 0.2	 0.1830	 0.7000
1.0	 2.0	 0.60	 0.65	 0.2	 0.4	 0.0000	 0.1222
1.0	 2.0	 0.60	 0.65	 0.2	 0.4	 0.1222	 0.1468
1.0	 2.0	 0.60	 0.65	 0.2	 0.4	 0.1468	 0.1793
1.0	 2.0	 0.60	 0.65	 0.2	 0.4	 0.1793	 0.7000
1.0	 2.0	 0.60	 0.65	 0.4	 0.6	 0.0000	 0.0994
1.0	 2.0	 0.60	 0.65	 0.4	 0.6	 0.0994	 0.1336
1.0	 2.0	 0.60	 0.65	 0.4	 0.6	 0.1336	 0.1932
1.0	 2.0	 0.60	 0.65	 0.4	 0.6	 0.1932	 0.7000
1.0	 2.0	 0.60	 0.65	 0.6	 0.8	 0.0000	 0.0873
1.0	 2.0	 0.60	 0.65	 0.6	 0.8	 0.0873	 0.1327
1.0	 2.0	 0.60	 0.65	 0.6	 0.8	 0.1327	 0.7000
1.0	 2.0	 0.60	 0.65	 0.8	 1.6	 0.0000	 0.1404
1.0	 2.0	 0.60	 0.65	 0.8	 1.6	 0.1404	 0.7000
1.0	 2.0	 0.65	 0.70	 0.0	 0.2	 0.0000	 0.2109
1.0	 2.0	 0.65	 0.70	 0.0	 0.2	 0.2109	 0.7000
1.0	 2.0	 0.65	 0.70	 0.2	 0.4	 0.0000	 0.1309
1.0	 2.0	 0.65	 0.70	 0.2	 0.4	 0.1309	 0.1677
1.0	 2.0	 0.65	 0.70	 0.2	 0.4	 0.1677	 0.7000
1.0	 2.0	 0.65	 0.70	 0.4	 0.6	 0.0000	 0.1142
1.0	 2.0	 0.65	 0.70	 0.4	 0.6	 0.1142	 0.1521
1.0	 2.0	 0.65	 0.70	 0.4	 0.6	 0.1521	 0.7000
1.0	 2.0	 0.65	 0.70	 0.6	 0.8	 0.0000	 0.0948
1.0	 2.0	 0.65	 0.70	 0.6	 0.8	 0.0948	 0.7000
1.0	 2.0	 0.65	 0.70	 0.8	 1.6	 0.0000	 0.1014
1.0	 2.0	 0.65	 0.70	 0.8	 1.6	 0.1014	 0.7000
2.0	 3.0	 0.30	 0.35	 0.0	 0.2	 0.0000	 0.1702
2.0	 3.0	 0.30	 0.35	 0.0	 0.2	 0.1702	 0.1842
2.0	 3.0	 0.30	 0.35	 0.0	 0.2	 0.1842	 0.1950
2.0	 3.0	 0.30	 0.35	 0.0	 0.2	 0.1950	 0.2043
2.0	 3.0	 0.30	 0.35	 0.0	 0.2	 0.2043	 0.2132
2.0	 3.0	 0.30	 0.35	 0.0	 0.2	 0.2132	 0.2219
2.0	 3.0	 0.30	 0.35	 0.0	 0.2	 0.2219	 0.2304
2.0	 3.0	 0.30	 0.35	 0.0	 0.2	 0.2304	 0.2392
2.0	 3.0	 0.30	 0.35	 0.0	 0.2	 0.2392	 0.2485
2.0	 3.0	 0.30	 0.35	 0.0	 0.2	 0.2485	 0.2589
2.0	 3.0	 0.30	 0.35	 0.0	 0.2	 0.2589	 0.2706
2.0	 3.0	 0.30	 0.35	 0.0	 0.2	 0.2706	 0.2840
2.0	 3.0	 0.30	 0.35	 0.0	 0.2	 0.2840	 0.3005
2.0	 3.0	 0.30	 0.35	 0.0	 0.2	 0.3005	 0.3220
2.0	 3.0	 0.30	 0.35	 0.0	 0.2	 0.3220	 0.3768
2.0	 3.0	 0.30	 0.35	 0.0	 0.2	 0.3768	 0.7000
2.0	 3.0	 0.30	 0.35	 0.2	 0.4	 0.0000	 0.1602
2.0	 3.0	 0.30	 0.35	 0.2	 0.4	 0.1602	 0.1738
2.0	 3.0	 0.30	 0.35	 0.2	 0.4	 0.1738	 0.1850
2.0	 3.0	 0.30	 0.35	 0.2	 0.4	 0.1850	 0.1959
2.0	 3.0	 0.30	 0.35	 0.2	 0.4	 0.1959	 0.2067
2.0	 3.0	 0.30	 0.35	 0.2	 0.4	 0.2067	 0.2180
2.0	 3.0	 0.30	 0.35	 0.2	 0.4	 0.2180	 0.2306
2.0	 3.0	 0.30	 0.35	 0.2	 0.4	 0.2306	 0.2460
2.0	 3.0	 0.30	 0.35	 0.2	 0.4	 0.2460	 0.2656
2.0	 3.0	 0.30	 0.35	 0.2	 0.4	 0.2656	 0.2915
2.0	 3.0	 0.30	 0.35	 0.2	 0.4	 0.2915	 0.3279
2.0	 3.0	 0.30	 0.35	 0.2	 0.4	 0.3279	 0.7000
2.0	 3.0	 0.35	 0.40	 0.0	 0.2	 0.0000	 0.1792
2.0	 3.0	 0.35	 0.40	 0.0	 0.2	 0.1792	 0.1958
2.0	 3.0	 0.35	 0.40	 0.0	 0.2	 0.1958	 0.2088
2.0	 3.0	 0.35	 0.40	 0.0	 0.2	 0.2088	 0.2208
2.0	 3.0	 0.35	 0.40	 0.0	 0.2	 0.2208	 0.2324
2.0	 3.0	 0.35	 0.40	 0.0	 0.2	 0.2324	 0.2444
2.0	 3.0	 0.35	 0.40	 0.0	 0.2	 0.2444	 0.2576
2.0	 3.0	 0.35	 0.40	 0.0	 0.2	 0.2576	 0.2729
2.0	 3.0	 0.35	 0.40	 0.0	 0.2	 0.2729	 0.2923
2.0	 3.0	 0.35	 0.40	 0.0	 0.2	 0.2923	 0.3193
2.0	 3.0	 0.35	 0.40	 0.0	 0.2	 0.3193	 0.7000
2.0	 3.0	 0.35	 0.40	 0.2	 0.4	 0.0000	 0.1577
2.0	 3.0	 0.35	 0.40	 0.2	 0.4	 0.1577	 0.1704
2.0	 3.0	 0.35	 0.40	 0.2	 0.4	 0.1704	 0.1808
2.0	 3.0	 0.35	 0.40	 0.2	 0.4	 0.1808	 0.1906
2.0	 3.0	 0.35	 0.40	 0.2	 0.4	 0.1906	 0.2004
2.0	 3.0	 0.35	 0.40	 0.2	 0.4	 0.2004	 0.2106
2.0	 3.0	 0.35	 0.40	 0.2	 0.4	 0.2106	 0.2217
2.0	 3.0	 0.35	 0.40	 0.2	 0.4	 0.2217	 0.2340
2.0	 3.0	 0.35	 0.40	 0.2	 0.4	 0.2340	 0.2486
2.0	 3.0	 0.35	 0.40	 0.2	 0.4	 0.2486	 0.2671
2.0	 3.0	 0.35	 0.40	 0.2	 0.4	 0.2671	 0.2908
2.0	 3.0	 0.35	 0.40	 0.2	 0.4	 0.2908	 0.3205
2.0	 3.0	 0.35	 0.40	 0.2	 0.4	 0.3205	 0.7000
2.0	 3.0	 0.35	 0.40	 0.4	 1.6	 0.0000	 0.7000
2.0	 3.0	 0.40	 0.45	 0.0	 0.2	 0.0000	 0.1894
2.0	 3.0	 0.40	 0.45	 0.0	 0.2	 0.1894	 0.2090
2.0	 3.0	 0.40	 0.45	 0.0	 0.2	 0.2090	 0.2253
2.0	 3.0	 0.40	 0.45	 0.0	 0.2	 0.2253	 0.2413
2.0	 3.0	 0.40	 0.45	 0.0	 0.2	 0.2413	 0.2590
2.0	 3.0	 0.40	 0.45	 0.0	 0.2	 0.2590	 0.2808
2.0	 3.0	 0.40	 0.45	 0.0	 0.2	 0.2808	 0.3137
2.0	 3.0	 0.40	 0.45	 0.0	 0.2	 0.3137	 0.7000
2.0	 3.0	 0.40	 0.45	 0.2	 0.4	 0.0000	 0.1598
2.0	 3.0	 0.40	 0.45	 0.2	 0.4	 0.1598	 0.1737
2.0	 3.0	 0.40	 0.45	 0.2	 0.4	 0.1737	 0.1857
2.0	 3.0	 0.40	 0.45	 0.2	 0.4	 0.1857	 0.1969
2.0	 3.0	 0.40	 0.45	 0.2	 0.4	 0.1969	 0.2082
2.0	 3.0	 0.40	 0.45	 0.2	 0.4	 0.2082	 0.2206
2.0	 3.0	 0.40	 0.45	 0.2	 0.4	 0.2206	 0.2345
2.0	 3.0	 0.40	 0.45	 0.2	 0.4	 0.2345	 0.2512
2.0	 3.0	 0.40	 0.45	 0.2	 0.4	 0.2512	 0.2725
2.0	 3.0	 0.40	 0.45	 0.2	 0.4	 0.2725	 0.2995
2.0	 3.0	 0.40	 0.45	 0.2	 0.4	 0.2995	 0.3380
2.0	 3.0	 0.40	 0.45	 0.2	 0.4	 0.3380	 0.7000
2.0	 3.0	 0.40	 0.45	 0.4	 0.6	 0.0000	 0.2359
2.0	 3.0	 0.40	 0.45	 0.4	 0.6	 0.2359	 0.7000
2.0	 3.0	 0.45	 0.50	 0.0	 0.2	 0.0000	 0.1995
2.0	 3.0	 0.45	 0.50	 0.0	 0.2	 0.1995	 0.2233
2.0	 3.0	 0.45	 0.50	 0.0	 0.2	 0.2233	 0.2448
2.0	 3.0	 0.45	 0.50	 0.0	 0.2	 0.2448	 0.2701
2.0	 3.0	 0.45	 0.50	 0.0	 0.2	 0.2701	 0.3103
2.0	 3.0	 0.45	 0.50	 0.0	 0.2	 0.3103	 0.7000
2.0	 3.0	 0.45	 0.50	 0.2	 0.4	 0.0000	 0.1671
2.0	 3.0	 0.45	 0.50	 0.2	 0.4	 0.1671	 0.1844
2.0	 3.0	 0.45	 0.50	 0.2	 0.4	 0.1844	 0.1995
2.0	 3.0	 0.45	 0.50	 0.2	 0.4	 0.1995	 0.2142
2.0	 3.0	 0.45	 0.50	 0.2	 0.4	 0.2142	 0.2306
2.0	 3.0	 0.45	 0.50	 0.2	 0.4	 0.2306	 0.2504
2.0	 3.0	 0.45	 0.50	 0.2	 0.4	 0.2504	 0.2765
2.0	 3.0	 0.45	 0.50	 0.2	 0.4	 0.2765	 0.3110
2.0	 3.0	 0.45	 0.50	 0.2	 0.4	 0.3110	 0.7000
2.0	 3.0	 0.45	 0.50	 0.4	 0.6	 0.0000	 0.1903
2.0	 3.0	 0.45	 0.50	 0.4	 0.6	 0.1903	 0.2362
2.0	 3.0	 0.45	 0.50	 0.4	 0.6	 0.2362	 0.3384
2.0	 3.0	 0.45	 0.50	 0.4	 0.6	 0.3384	 0.7000
2.0	 3.0	 0.50	 0.55	 0.0	 0.2	 0.0000	 0.2111
2.0	 3.0	 0.50	 0.55	 0.0	 0.2	 0.2111	 0.2413
2.0	 3.0	 0.50	 0.55	 0.0	 0.2	 0.2413	 0.2766
2.0	 3.0	 0.50	 0.55	 0.0	 0.2	 0.2766	 0.7000
2.0	 3.0	 0.50	 0.55	 0.2	 0.4	 0.0000	 0.1754
2.0	 3.0	 0.50	 0.55	 0.2	 0.4	 0.1754	 0.1963
2.0	 3.0	 0.50	 0.55	 0.2	 0.4	 0.1963	 0.2158
2.0	 3.0	 0.50	 0.55	 0.2	 0.4	 0.2158	 0.2372
2.0	 3.0	 0.50	 0.55	 0.2	 0.4	 0.2372	 0.2647
2.0	 3.0	 0.50	 0.55	 0.2	 0.4	 0.2647	 0.3042
2.0	 3.0	 0.50	 0.55	 0.2	 0.4	 0.3042	 0.7000
2.0	 3.0	 0.50	 0.55	 0.4	 0.6	 0.0000	 0.1812
2.0	 3.0	 0.50	 0.55	 0.4	 0.6	 0.1812	 0.2167
2.0	 3.0	 0.50	 0.55	 0.4	 0.6	 0.2167	 0.2694
2.0	 3.0	 0.50	 0.55	 0.4	 0.6	 0.2694	 0.7000
2.0	 3.0	 0.55	 0.60	 0.0	 0.2	 0.0000	 0.2241
2.0	 3.0	 0.55	 0.60	 0.0	 0.2	 0.2241	 0.2672
2.0	 3.0	 0.55	 0.60	 0.0	 0.2	 0.2672	 0.7000
2.0	 3.0	 0.55	 0.60	 0.2	 0.4	 0.0000	 0.1848
2.0	 3.0	 0.55	 0.60	 0.2	 0.4	 0.1848	 0.2106
2.0	 3.0	 0.55	 0.60	 0.2	 0.4	 0.2106	 0.2376
2.0	 3.0	 0.55	 0.60	 0.2	 0.4	 0.2376	 0.2740
2.0	 3.0	 0.55	 0.60	 0.2	 0.4	 0.2740	 0.3357
2.0	 3.0	 0.55	 0.60	 0.2	 0.4	 0.3357	 0.7000
2.0	 3.0	 0.55	 0.60	 0.4	 0.6	 0.0000	 0.1802
2.0	 3.0	 0.55	 0.60	 0.4	 0.6	 0.1802	 0.2162
2.0	 3.0	 0.55	 0.60	 0.4	 0.6	 0.2162	 0.2718
2.0	 3.0	 0.55	 0.60	 0.4	 0.6	 0.2718	 0.7000
2.0	 3.0	 0.55	 0.60	 0.6	 1.6	 0.0000	 0.7000
2.0	 3.0	 0.60	 0.65	 0.0	 0.2	 0.0000	 0.2392
2.0	 3.0	 0.60	 0.65	 0.0	 0.2	 0.2392	 0.7000
2.0	 3.0	 0.60	 0.65	 0.2	 0.4	 0.0000	 0.1959
2.0	 3.0	 0.60	 0.65	 0.2	 0.4	 0.1959	 0.2299
2.0	 3.0	 0.60	 0.65	 0.2	 0.4	 0.2299	 0.2733
2.0	 3.0	 0.60	 0.65	 0.2	 0.4	 0.2733	 0.7000
2.0	 3.0	 0.60	 0.65	 0.4	 0.6	 0.0000	 0.1870
2.0	 3.0	 0.60	 0.65	 0.4	 0.6	 0.1870	 0.2322
2.0	 3.0	 0.60	 0.65	 0.4	 0.6	 0.2322	 0.7000
2.0	 3.0	 0.60	 0.65	 0.6	 1.6	 0.0000	 0.7000
2.0	 3.0	 0.65	 0.70	 0.0	 0.2	 0.0000	 0.2628
2.0	 3.0	 0.65	 0.70	 0.0	 0.2	 0.2628	 0.7000
2.0	 3.0	 0.65	 0.70	 0.2	 0.4	 0.0000	 0.2085
2.0	 3.0	 0.65	 0.70	 0.2	 0.4	 0.2085	 0.2561
2.0	 3.0	 0.65	 0.70	 0.2	 0.4	 0.2561	 0.7000
2.0	 3.0	 0.65	 0.70	 0.4	 0.6	 0.0000	 0.1991
2.0	 3.0	 0.65	 0.70	 0.4	 0.6	 0.1991	 0.2892
2.0	 3.0	 0.65	 0.70	 0.4	 0.6	 0.2892	 0.7000
2.0	 3.0	 0.65	 0.70	 0.6	 1.6	 0.0000	 0.7000
3.0	 4.0	 0.30	 0.35	 0.0	 0.2	 0.0000	 0.2617
3.0	 4.0	 0.30	 0.35	 0.0	 0.2	 0.2617	 0.2775
3.0	 4.0	 0.30	 0.35	 0.0	 0.2	 0.2775	 0.2909
3.0	 4.0	 0.30	 0.35	 0.0	 0.2	 0.2909	 0.3051
3.0	 4.0	 0.30	 0.35	 0.0	 0.2	 0.3051	 0.3203
3.0	 4.0	 0.30	 0.35	 0.0	 0.2	 0.3203	 0.3373
3.0	 4.0	 0.30	 0.35	 0.0	 0.2	 0.3373	 0.3558
3.0	 4.0	 0.30	 0.35	 0.0	 0.2	 0.3558	 0.3778
3.0	 4.0	 0.30	 0.35	 0.0	 0.2	 0.3778	 0.4081
3.0	 4.0	 0.30	 0.35	 0.0	 0.2	 0.4081	 0.7000
3.0	 4.0	 0.30	 0.35	 0.2	 0.4	 0.0000	 0.2554
3.0	 4.0	 0.30	 0.35	 0.2	 0.4	 0.2554	 0.2720
3.0	 4.0	 0.30	 0.35	 0.2	 0.4	 0.2720	 0.2862
3.0	 4.0	 0.30	 0.35	 0.2	 0.4	 0.2862	 0.3027
3.0	 4.0	 0.30	 0.35	 0.2	 0.4	 0.3027	 0.3231
3.0	 4.0	 0.30	 0.35	 0.2	 0.4	 0.3231	 0.3462
3.0	 4.0	 0.30	 0.35	 0.2	 0.4	 0.3462	 0.3707
3.0	 4.0	 0.30	 0.35	 0.2	 0.4	 0.3707	 0.3996
3.0	 4.0	 0.30	 0.35	 0.2	 0.4	 0.3996	 0.4524
3.0	 4.0	 0.30	 0.35	 0.2	 0.4	 0.4524	 0.7000
3.0	 4.0	 0.30	 0.35	 0.4	 1.6	 0.0000	 0.7000
3.0	 4.0	 0.35	 0.40	 0.0	 0.2	 0.0000	 0.2693
3.0	 4.0	 0.35	 0.40	 0.0	 0.2	 0.2693	 0.2890
3.0	 4.0	 0.35	 0.40	 0.0	 0.2	 0.2890	 0.3081
3.0	 4.0	 0.35	 0.40	 0.0	 0.2	 0.3081	 0.3293
3.0	 4.0	 0.35	 0.40	 0.0	 0.2	 0.3293	 0.3541
3.0	 4.0	 0.35	 0.40	 0.0	 0.2	 0.3541	 0.3867
3.0	 4.0	 0.35	 0.40	 0.0	 0.2	 0.3867	 0.7000
3.0	 4.0	 0.35	 0.40	 0.2	 0.4	 0.0000	 0.2589
3.0	 4.0	 0.35	 0.40	 0.2	 0.4	 0.2589	 0.2771
3.0	 4.0	 0.35	 0.40	 0.2	 0.4	 0.2771	 0.2940
3.0	 4.0	 0.35	 0.40	 0.2	 0.4	 0.2940	 0.3160
3.0	 4.0	 0.35	 0.40	 0.2	 0.4	 0.3160	 0.3420
3.0	 4.0	 0.35	 0.40	 0.2	 0.4	 0.3420	 0.3703
3.0	 4.0	 0.35	 0.40	 0.2	 0.4	 0.3703	 0.4034
3.0	 4.0	 0.35	 0.40	 0.2	 0.4	 0.4034	 0.7000
3.0	 4.0	 0.35	 0.40	 0.4	 0.6	 0.0000	 0.3360
3.0	 4.0	 0.35	 0.40	 0.4	 0.6	 0.3360	 0.7000
3.0	 4.0	 0.40	 0.45	 0.0	 0.2	 0.0000	 0.2787
3.0	 4.0	 0.40	 0.45	 0.0	 0.2	 0.2787	 0.3042
3.0	 4.0	 0.40	 0.45	 0.0	 0.2	 0.3042	 0.3324
3.0	 4.0	 0.40	 0.45	 0.0	 0.2	 0.3324	 0.3692
3.0	 4.0	 0.40	 0.45	 0.0	 0.2	 0.3692	 0.7000
3.0	 4.0	 0.40	 0.45	 0.2	 0.4	 0.0000	 0.2646
3.0	 4.0	 0.40	 0.45	 0.2	 0.4	 0.2646	 0.2858
3.0	 4.0	 0.40	 0.45	 0.2	 0.4	 0.2858	 0.3105
3.0	 4.0	 0.40	 0.45	 0.2	 0.4	 0.3105	 0.3414
3.0	 4.0	 0.40	 0.45	 0.2	 0.4	 0.3414	 0.3756
3.0	 4.0	 0.40	 0.45	 0.2	 0.4	 0.3756	 0.4194
3.0	 4.0	 0.40	 0.45	 0.2	 0.4	 0.4194	 0.7000
3.0	 4.0	 0.40	 0.45	 0.4	 0.6	 0.0000	 0.2991
3.0	 4.0	 0.40	 0.45	 0.4	 0.6	 0.2991	 0.3849
3.0	 4.0	 0.40	 0.45	 0.4	 0.6	 0.3849	 0.7000
3.0	 4.0	 0.45	 0.50	 0.0	 0.2	 0.0000	 0.2894
3.0	 4.0	 0.45	 0.50	 0.0	 0.2	 0.2894	 0.3259
3.0	 4.0	 0.45	 0.50	 0.0	 0.2	 0.3259	 0.3774
3.0	 4.0	 0.45	 0.50	 0.0	 0.2	 0.3774	 0.7000
3.0	 4.0	 0.45	 0.50	 0.2	 0.4	 0.0000	 0.2716
3.0	 4.0	 0.45	 0.50	 0.2	 0.4	 0.2716	 0.2990
3.0	 4.0	 0.45	 0.50	 0.2	 0.4	 0.2990	 0.3348
3.0	 4.0	 0.45	 0.50	 0.2	 0.4	 0.3348	 0.3770
3.0	 4.0	 0.45	 0.50	 0.2	 0.4	 0.3770	 0.4468
3.0	 4.0	 0.45	 0.50	 0.2	 0.4	 0.4468	 0.7000
3.0	 4.0	 0.45	 0.50	 0.4	 0.6	 0.0000	 0.2960
3.0	 4.0	 0.45	 0.50	 0.4	 0.6	 0.2960	 0.3733
3.0	 4.0	 0.45	 0.50	 0.4	 0.6	 0.3733	 0.7000
3.0	 4.0	 0.50	 0.55	 0.0	 0.2	 0.0000	 0.3034
3.0	 4.0	 0.50	 0.55	 0.0	 0.2	 0.3034	 0.3639
3.0	 4.0	 0.50	 0.55	 0.0	 0.2	 0.3639	 0.7000
3.0	 4.0	 0.50	 0.55	 0.2	 0.4	 0.0000	 0.2803
3.0	 4.0	 0.50	 0.55	 0.2	 0.4	 0.2803	 0.3192
3.0	 4.0	 0.50	 0.55	 0.2	 0.4	 0.3192	 0.3697
3.0	 4.0	 0.50	 0.55	 0.2	 0.4	 0.3697	 0.7000
3.0	 4.0	 0.50	 0.55	 0.4	 0.6	 0.0000	 0.3038
3.0	 4.0	 0.50	 0.55	 0.4	 0.6	 0.3038	 0.4016
3.0	 4.0	 0.50	 0.55	 0.4	 0.6	 0.4016	 0.7000
3.0	 4.0	 0.50	 0.55	 0.6	 1.6	 0.0000	 0.7000
3.0	 4.0	 0.55	 0.60	 0.0	 0.2	 0.0000	 0.3246
3.0	 4.0	 0.55	 0.60	 0.0	 0.2	 0.3246	 0.7000
3.0	 4.0	 0.55	 0.60	 0.2	 0.4	 0.0000	 0.2910
3.0	 4.0	 0.55	 0.60	 0.2	 0.4	 0.2910	 0.3470
3.0	 4.0	 0.55	 0.60	 0.2	 0.4	 0.3470	 0.7000
3.0	 4.0	 0.55	 0.60	 0.4	 0.6	 0.0000	 0.3169
3.0	 4.0	 0.55	 0.60	 0.4	 0.6	 0.3169	 0.7000
3.0	 4.0	 0.55	 0.60	 0.6	 1.6	 0.0000	 0.7000
3.0	 4.0	 0.60	 0.65	 0.0	 0.2	 0.0000	 0.3571
3.0	 4.0	 0.60	 0.65	 0.0	 0.2	 0.3571	 0.7000
3.0	 4.0	 0.60	 0.65	 0.2	 0.4	 0.0000	 0.3066
3.0	 4.0	 0.60	 0.65	 0.2	 0.4	 0.3066	 0.3960
3.0	 4.0	 0.60	 0.65	 0.2	 0.4	 0.3960	 0.7000
3.0	 4.0	 0.60	 0.65	 0.4	 0.6	 0.0000	 0.3406
3.0	 4.0	 0.60	 0.65	 0.4	 0.6	 0.3406	 0.7000
3.0	 4.0	 0.60	 0.65	 0.6	 1.6	 0.0000	 0.7000
3.0	 4.0	 0.65	 0.70	 0.0	 0.4	 0.0000	 0.2994
3.0	 4.0	 0.65	 0.70	 0.0	 0.4	 0.2994	 0.3622
3.0	 4.0	 0.65	 0.70	 0.0	 0.4	 0.3622	 0.7000
3.0	 4.0	 0.65	 0.70	 0.4	 0.8	 0.0000	 0.3242
3.0	 4.0	 0.65	 0.70	 0.4	 0.8	 0.3242	 0.7000
4.0	 5.0	 0.30	 0.35	 0.0	 0.2	 0.0000	 0.3258
4.0	 5.0	 0.30	 0.35	 0.0	 0.2	 0.3258	 0.3474
4.0	 5.0	 0.30	 0.35	 0.0	 0.2	 0.3474	 0.3697
4.0	 5.0	 0.30	 0.35	 0.0	 0.2	 0.3697	 0.3992
4.0	 5.0	 0.30	 0.35	 0.0	 0.2	 0.3992	 0.4482
4.0	 5.0	 0.30	 0.35	 0.0	 0.2	 0.4482	 0.7000
4.0	 5.0	 0.30	 0.35	 0.2	 0.4	 0.0000	 0.3184
4.0	 5.0	 0.30	 0.35	 0.2	 0.4	 0.3184	 0.3385
4.0	 5.0	 0.30	 0.35	 0.2	 0.4	 0.3385	 0.3597
4.0	 5.0	 0.30	 0.35	 0.2	 0.4	 0.3597	 0.3902
4.0	 5.0	 0.30	 0.35	 0.2	 0.4	 0.3902	 0.4407
4.0	 5.0	 0.30	 0.35	 0.2	 0.4	 0.4407	 0.7000
4.0	 5.0	 0.30	 0.35	 0.4	 0.6	 0.0000	 0.4755
4.0	 5.0	 0.30	 0.35	 0.4	 0.6	 0.4755	 0.7000
4.0	 5.0	 0.35	 0.40	 0.0	 0.2	 0.0000	 0.3356
4.0	 5.0	 0.35	 0.40	 0.0	 0.2	 0.3356	 0.3660
4.0	 5.0	 0.35	 0.40	 0.0	 0.2	 0.3660	 0.4071
4.0	 5.0	 0.35	 0.40	 0.0	 0.2	 0.4071	 0.7000
4.0	 5.0	 0.35	 0.40	 0.2	 0.4	 0.0000	 0.3232
4.0	 5.0	 0.35	 0.40	 0.2	 0.4	 0.3232	 0.3479
4.0	 5.0	 0.35	 0.40	 0.2	 0.4	 0.3479	 0.3784
4.0	 5.0	 0.35	 0.40	 0.2	 0.4	 0.3784	 0.4356
4.0	 5.0	 0.35	 0.40	 0.2	 0.4	 0.4356	 0.7000
4.0	 5.0	 0.35	 0.40	 0.4	 0.6	 0.0000	 0.3702
4.0	 5.0	 0.35	 0.40	 0.4	 0.6	 0.3702	 0.7000
4.0	 5.0	 0.40	 0.45	 0.0	 0.2	 0.0000	 0.3490
4.0	 5.0	 0.40	 0.45	 0.0	 0.2	 0.3490	 0.3995
4.0	 5.0	 0.40	 0.45	 0.0	 0.2	 0.3995	 0.7000
4.0	 5.0	 0.40	 0.45	 0.2	 0.4	 0.0000	 0.3310
4.0	 5.0	 0.40	 0.45	 0.2	 0.4	 0.3310	 0.3633
4.0	 5.0	 0.40	 0.45	 0.2	 0.4	 0.3633	 0.4206
4.0	 5.0	 0.40	 0.45	 0.2	 0.4	 0.4206	 0.7000
4.0	 5.0	 0.40	 0.45	 0.4	 0.6	 0.0000	 0.3676
4.0	 5.0	 0.40	 0.45	 0.4	 0.6	 0.3676	 0.7000
4.0	 5.0	 0.45	 0.50	 0.0	 0.2	 0.0000	 0.3682
4.0	 5.0	 0.45	 0.50	 0.0	 0.2	 0.3682	 0.7000
4.0	 5.0	 0.45	 0.50	 0.2	 0.4	 0.0000	 0.3402
4.0	 5.0	 0.45	 0.50	 0.2	 0.4	 0.3402	 0.3898
4.0	 5.0	 0.45	 0.50	 0.2	 0.4	 0.3898	 0.7000
4.0	 5.0	 0.45	 0.50	 0.4	 0.6	 0.0000	 0.3837
4.0	 5.0	 0.45	 0.50	 0.4	 0.6	 0.3837	 0.7000
4.0	 5.0	 0.45	 0.50	 0.6	 1.6	 0.0000	 0.7000
4.0	 5.0	 0.50	 0.55	 0.0	 0.2	 0.0000	 0.4007
4.0	 5.0	 0.50	 0.55	 0.0	 0.2	 0.4007	 0.7000
4.0	 5.0	 0.50	 0.55	 0.2	 0.4	 0.0000	 0.3525
4.0	 5.0	 0.50	 0.55	 0.2	 0.4	 0.3525	 0.4440
4.0	 5.0	 0.50	 0.55	 0.2	 0.4	 0.4440	 0.7000
4.0	 5.0	 0.50	 0.55	 0.4	 0.6	 0.0000	 0.4116
4.0	 5.0	 0.50	 0.55	 0.4	 0.6	 0.4116	 0.7000
4.0	 5.0	 0.50	 0.55	 0.6	 1.6	 0.0000	 0.7000
4.0	 5.0	 0.55	 0.60	 0.0	 0.4	 0.0000	 0.3478
4.0	 5.0	 0.55	 0.60	 0.0	 0.4	 0.3478	 0.4033
4.0	 5.0	 0.55	 0.60	 0.0	 0.4	 0.4033	 0.7000
4.0	 5.0	 0.55	 0.60	 0.4	 0.8	 0.0000	 0.3761
4.0	 5.0	 0.55	 0.60	 0.4	 0.8	 0.3761	 0.7000
4.0	 5.0	 0.60	 0.65	 0.0	 0.4	 0.0000	 0.3632
4.0	 5.0	 0.60	 0.65	 0.0	 0.4	 0.3632	 0.7000
4.0	 5.0	 0.60	 0.65	 0.4	 0.8	 0.0000	 0.4067
4.0	 5.0	 0.60	 0.65	 0.4	 0.8	 0.4067	 0.7000
4.0	 5.0	 0.65	 0.70	 0.0	 0.4	 0.0000	 0.3898
4.0	 5.0	 0.65	 0.70	 0.0	 0.4	 0.3898	 0.7000
4.0	 5.0	 0.65	 0.70	 0.4	 1.6	 0.0000	 0.7000
5.0	 6.0	 0.30	 0.35	 0.0	 0.2	 0.0000	 0.4051
5.0	 6.0	 0.30	 0.35	 0.0	 0.2	 0.4051	 0.4301
5.0	 6.0	 0.30	 0.35	 0.0	 0.2	 0.4301	 0.4568
5.0	 6.0	 0.30	 0.35	 0.0	 0.2	 0.4568	 0.4973
5.0	 6.0	 0.30	 0.35	 0.0	 0.2	 0.4973	 0.7000
5.0	 6.0	 0.30	 0.35	 0.2	 0.4	 0.0000	 0.4038
5.0	 6.0	 0.30	 0.35	 0.2	 0.4	 0.4038	 0.4323
5.0	 6.0	 0.30	 0.35	 0.2	 0.4	 0.4323	 0.4676
5.0	 6.0	 0.30	 0.35	 0.2	 0.4	 0.4676	 0.5281
5.0	 6.0	 0.30	 0.35	 0.2	 0.4	 0.5281	 0.7000
5.0	 6.0	 0.30	 0.35	 0.4	 0.6	 0.0000	 0.4810
5.0	 6.0	 0.30	 0.35	 0.4	 0.6	 0.4810	 0.7000
5.0	 6.0	 0.35	 0.40	 0.0	 0.2	 0.0000	 0.4157
5.0	 6.0	 0.35	 0.40	 0.0	 0.2	 0.4157	 0.4505
5.0	 6.0	 0.35	 0.40	 0.0	 0.2	 0.4505	 0.5080
5.0	 6.0	 0.35	 0.40	 0.0	 0.2	 0.5080	 0.7000
5.0	 6.0	 0.35	 0.40	 0.2	 0.4	 0.0000	 0.4103
5.0	 6.0	 0.35	 0.40	 0.2	 0.4	 0.4103	 0.4464
5.0	 6.0	 0.35	 0.40	 0.2	 0.4	 0.4464	 0.5020
5.0	 6.0	 0.35	 0.40	 0.2	 0.4	 0.5020	 0.7000
5.0	 6.0	 0.35	 0.40	 0.4	 0.6	 0.0000	 0.4580
5.0	 6.0	 0.35	 0.40	 0.4	 0.6	 0.4580	 0.7000
5.0	 6.0	 0.40	 0.45	 0.0	 0.2	 0.0000	 0.4300
5.0	 6.0	 0.40	 0.45	 0.0	 0.2	 0.4300	 0.4920
5.0	 6.0	 0.40	 0.45	 0.0	 0.2	 0.4920	 0.7000
5.0	 6.0	 0.40	 0.45	 0.2	 0.4	 0.0000	 0.4194
5.0	 6.0	 0.40	 0.45	 0.2	 0.4	 0.4194	 0.4690
5.0	 6.0	 0.40	 0.45	 0.2	 0.4	 0.4690	 0.7000
5.0	 6.0	 0.40	 0.45	 0.4	 0.6	 0.0000	 0.4754
5.0	 6.0	 0.40	 0.45	 0.4	 0.6	 0.4754	 0.7000
5.0	 6.0	 0.40	 0.45	 0.6	 1.6	 0.0000	 0.7000
5.0	 6.0	 0.45	 0.50	 0.0	 0.2	 0.0000	 0.4503
5.0	 6.0	 0.45	 0.50	 0.0	 0.2	 0.4503	 0.7000
5.0	 6.0	 0.45	 0.50	 0.2	 0.4	 0.0000	 0.4298
5.0	 6.0	 0.45	 0.50	 0.2	 0.4	 0.4298	 0.5101
5.0	 6.0	 0.45	 0.50	 0.2	 0.4	 0.5101	 0.7000
5.0	 6.0	 0.45	 0.50	 0.4	 0.6	 0.0000	 0.5126
5.0	 6.0	 0.45	 0.50	 0.4	 0.6	 0.5126	 0.7000
5.0	 6.0	 0.45	 0.50	 0.6	 1.6	 0.0000	 0.7000
5.0	 6.0	 0.50	 0.55	 0.0	 0.2	 0.0000	 0.4920
5.0	 6.0	 0.50	 0.55	 0.0	 0.2	 0.4920	 0.7000
5.0	 6.0	 0.50	 0.55	 0.2	 0.4	 0.0000	 0.4455
5.0	 6.0	 0.50	 0.55	 0.2	 0.4	 0.4455	 0.7000
5.0	 6.0	 0.50	 0.55	 0.4	 0.8	 0.0000	 0.4737
5.0	 6.0	 0.50	 0.55	 0.4	 0.8	 0.4737	 0.7000
5.0	 6.0	 0.55	 0.60	 0.0	 0.4	 0.0000	 0.4319
5.0	 6.0	 0.55	 0.60	 0.0	 0.4	 0.4319	 0.5117
5.0	 6.0	 0.55	 0.60	 0.0	 0.4	 0.5117	 0.7000
5.0	 6.0	 0.55	 0.60	 0.4	 1.6	 0.0000	 0.7000
5.0	 6.0	 0.60	 0.65	 0.0	 0.4	 0.0000	 0.4512
5.0	 6.0	 0.60	 0.65	 0.0	 0.4	 0.4512	 0.7000
5.0	 6.0	 0.60	 0.65	 0.4	 1.6	 0.0000	 0.7000
5.0	 6.0	 0.65	 0.70	 0.0	 0.6	 0.0000	 0.4483
5.0	 6.0	 0.65	 0.70	 0.0	 0.6	 0.4483	 0.7000
6.0	 8.0	 0.30	 0.35	 0.0	 0.2	 0.0000	 0.5090
6.0	 8.0	 0.30	 0.35	 0.0	 0.2	 0.5090	 0.5783
6.0	 8.0	 0.30	 0.35	 0.0	 0.2	 0.5783	 0.7000
6.0	 8.0	 0.30	 0.35	 0.2	 0.4	 0.0000	 0.5188
6.0	 8.0	 0.30	 0.35	 0.2	 0.4	 0.5188	 0.6208
6.0	 8.0	 0.30	 0.35	 0.2	 0.4	 0.6208	 0.7000
6.0	 8.0	 0.30	 0.35	 0.4	 1.6	 0.0000	 0.7000
6.0	 8.0	 0.35	 0.40	 0.0	 0.2	 0.0000	 0.5318
6.0	 8.0	 0.35	 0.40	 0.0	 0.2	 0.5318	 0.7000
6.0	 8.0	 0.35	 0.40	 0.2	 0.4	 0.0000	 0.5347
6.0	 8.0	 0.35	 0.40	 0.2	 0.4	 0.5347	 0.7000
6.0	 8.0	 0.35	 0.40	 0.4	 1.6	 0.0000	 0.7000
6.0	 8.0	 0.40	 0.45	 0.0	 0.2	 0.0000	 0.5755
6.0	 8.0	 0.40	 0.45	 0.0	 0.2	 0.5755	 0.7000
6.0	 8.0	 0.40	 0.45	 0.2	 0.4	 0.0000	 0.5585
6.0	 8.0	 0.40	 0.45	 0.2	 0.4	 0.5585	 0.7000
6.0	 8.0	 0.40	 0.45	 0.4	 1.6	 0.0000	 0.7000
6.0	 8.0	 0.45	 0.50	 0.0	 0.4	 0.0000	 0.5230
6.0	 8.0	 0.45	 0.50	 0.0	 0.4	 0.5230	 0.7000
6.0	 8.0	 0.45	 0.50	 0.4	 1.6	 0.0000	 0.7000
6.0	 8.0	 0.50	 0.55	 0.0	 0.4	 0.0000	 0.5491
6.0	 8.0	 0.50	 0.55	 0.0	 0.4	 0.5491	 0.7000
6.0	 8.0	 0.50	 0.55	 0.4	 1.6	 0.0000	 0.7000
6.0	 8.0	 0.55	 0.60	 0.0	 0.6	 0.0000	 0.5499
6.0	 8.0	 0.55	 0.60	 0.0	 0.6	 0.5499	 0.7000
6.0	 8.0	 0.60	 0.65	 0.0	 1.6	 0.0000	 0.7000
6.0	 8.0	 0.65	 0.70	 0.0	 1.6	 0.0000	 0.7000
