Q2l	 Q2u	 zl	 zu	 Ptl	 Ptu	 xl	 xu
1.0	 2.0	 0.30	 0.35	 0.0	 0.4	 0.0000	 0.0705
1.0	 2.0	 0.30	 0.35	 0.0	 0.4	 0.0705	 0.0779
1.0	 2.0	 0.30	 0.35	 0.0	 0.4	 0.0779	 0.0865
1.0	 2.0	 0.30	 0.35	 0.0	 0.4	 0.0865	 0.0962
1.0	 2.0	 0.30	 0.35	 0.0	 0.4	 0.0962	 0.1076
1.0	 2.0	 0.30	 0.35	 0.0	 0.4	 0.1076	 0.1223
1.0	 2.0	 0.30	 0.35	 0.0	 0.4	 0.1223	 0.7000
1.0	 2.0	 0.30	 0.35	 0.4	 0.6	 0.0000	 0.0644
1.0	 2.0	 0.30	 0.35	 0.4	 0.6	 0.0644	 0.0690
1.0	 2.0	 0.30	 0.35	 0.4	 0.6	 0.0690	 0.0735
1.0	 2.0	 0.30	 0.35	 0.4	 0.6	 0.0735	 0.0785
1.0	 2.0	 0.30	 0.35	 0.4	 0.6	 0.0785	 0.0840
1.0	 2.0	 0.30	 0.35	 0.4	 0.6	 0.0840	 0.0905
1.0	 2.0	 0.30	 0.35	 0.4	 0.6	 0.0905	 0.0992
1.0	 2.0	 0.30	 0.35	 0.4	 0.6	 0.0992	 0.1100
1.0	 2.0	 0.30	 0.35	 0.4	 0.6	 0.1100	 0.1290
1.0	 2.0	 0.30	 0.35	 0.4	 0.6	 0.1290	 0.7000
1.0	 2.0	 0.30	 0.35	 0.6	 0.8	 0.0000	 0.0719
1.0	 2.0	 0.30	 0.35	 0.6	 0.8	 0.0719	 0.0889
1.0	 2.0	 0.30	 0.35	 0.6	 0.8	 0.0889	 0.1394
1.0	 2.0	 0.30	 0.35	 0.6	 0.8	 0.1394	 0.7000
1.0	 2.0	 0.35	 0.40	 0.0	 0.4	 0.0000	 0.0750
1.0	 2.0	 0.35	 0.40	 0.0	 0.4	 0.0750	 0.0817
1.0	 2.0	 0.35	 0.40	 0.0	 0.4	 0.0817	 0.0880
1.0	 2.0	 0.35	 0.40	 0.0	 0.4	 0.0880	 0.0947
1.0	 2.0	 0.35	 0.40	 0.0	 0.4	 0.0947	 0.1016
1.0	 2.0	 0.35	 0.40	 0.0	 0.4	 0.1016	 0.1089
1.0	 2.0	 0.35	 0.40	 0.0	 0.4	 0.1089	 0.1174
1.0	 2.0	 0.35	 0.40	 0.0	 0.4	 0.1174	 0.1266
1.0	 2.0	 0.35	 0.40	 0.0	 0.4	 0.1266	 0.1379
1.0	 2.0	 0.35	 0.40	 0.0	 0.4	 0.1379	 0.7000
1.0	 2.0	 0.35	 0.40	 0.4	 0.6	 0.0000	 0.0673
1.0	 2.0	 0.35	 0.40	 0.4	 0.6	 0.0673	 0.0729
1.0	 2.0	 0.35	 0.40	 0.4	 0.6	 0.0729	 0.0776
1.0	 2.0	 0.35	 0.40	 0.4	 0.6	 0.0776	 0.0821
1.0	 2.0	 0.35	 0.40	 0.4	 0.6	 0.0821	 0.0871
1.0	 2.0	 0.35	 0.40	 0.4	 0.6	 0.0871	 0.0926
1.0	 2.0	 0.35	 0.40	 0.4	 0.6	 0.0926	 0.0988
1.0	 2.0	 0.35	 0.40	 0.4	 0.6	 0.0988	 0.1061
1.0	 2.0	 0.35	 0.40	 0.4	 0.6	 0.1061	 0.1148
1.0	 2.0	 0.35	 0.40	 0.4	 0.6	 0.1148	 0.1261
1.0	 2.0	 0.35	 0.40	 0.4	 0.6	 0.1261	 0.1520
1.0	 2.0	 0.35	 0.40	 0.4	 0.6	 0.1520	 0.7000
1.0	 2.0	 0.35	 0.40	 0.6	 0.8	 0.0000	 0.0707
1.0	 2.0	 0.35	 0.40	 0.6	 0.8	 0.0707	 0.0809
1.0	 2.0	 0.35	 0.40	 0.6	 0.8	 0.0809	 0.0924
1.0	 2.0	 0.35	 0.40	 0.6	 0.8	 0.0924	 0.1096
1.0	 2.0	 0.35	 0.40	 0.6	 0.8	 0.1096	 0.7000
1.0	 2.0	 0.35	 0.40	 0.8	 1.6	 0.0000	 0.7000
1.0	 2.0	 0.40	 0.45	 0.0	 0.2	 0.0000	 0.1349
1.0	 2.0	 0.40	 0.45	 0.0	 0.2	 0.1349	 0.7000
1.0	 2.0	 0.40	 0.45	 0.2	 0.4	 0.0000	 0.0819
1.0	 2.0	 0.40	 0.45	 0.2	 0.4	 0.0819	 0.0903
1.0	 2.0	 0.40	 0.45	 0.2	 0.4	 0.0903	 0.0976
1.0	 2.0	 0.40	 0.45	 0.2	 0.4	 0.0976	 0.1049
1.0	 2.0	 0.40	 0.45	 0.2	 0.4	 0.1049	 0.1125
1.0	 2.0	 0.40	 0.45	 0.2	 0.4	 0.1125	 0.1205
1.0	 2.0	 0.40	 0.45	 0.2	 0.4	 0.1205	 0.1296
1.0	 2.0	 0.40	 0.45	 0.2	 0.4	 0.1296	 0.1410
1.0	 2.0	 0.40	 0.45	 0.2	 0.4	 0.1410	 0.1600
1.0	 2.0	 0.40	 0.45	 0.2	 0.4	 0.1600	 0.7000
1.0	 2.0	 0.40	 0.45	 0.4	 0.6	 0.0000	 0.0709
1.0	 2.0	 0.40	 0.45	 0.4	 0.6	 0.0709	 0.0779
1.0	 2.0	 0.40	 0.45	 0.4	 0.6	 0.0779	 0.0838
1.0	 2.0	 0.40	 0.45	 0.4	 0.6	 0.0838	 0.0898
1.0	 2.0	 0.40	 0.45	 0.4	 0.6	 0.0898	 0.0956
1.0	 2.0	 0.40	 0.45	 0.4	 0.6	 0.0956	 0.1019
1.0	 2.0	 0.40	 0.45	 0.4	 0.6	 0.1019	 0.1093
1.0	 2.0	 0.40	 0.45	 0.4	 0.6	 0.1093	 0.1177
1.0	 2.0	 0.40	 0.45	 0.4	 0.6	 0.1177	 0.1281
1.0	 2.0	 0.40	 0.45	 0.4	 0.6	 0.1281	 0.1439
1.0	 2.0	 0.40	 0.45	 0.4	 0.6	 0.1439	 0.7000
1.0	 2.0	 0.40	 0.45	 0.6	 0.8	 0.0000	 0.0723
1.0	 2.0	 0.40	 0.45	 0.6	 0.8	 0.0723	 0.0829
1.0	 2.0	 0.40	 0.45	 0.6	 0.8	 0.0829	 0.0940
1.0	 2.0	 0.40	 0.45	 0.6	 0.8	 0.0940	 0.1080
1.0	 2.0	 0.40	 0.45	 0.6	 0.8	 0.1080	 0.1295
1.0	 2.0	 0.40	 0.45	 0.6	 0.8	 0.1295	 0.7000
1.0	 2.0	 0.40	 0.45	 0.8	 1.0	 0.0000	 0.1089
1.0	 2.0	 0.40	 0.45	 0.8	 1.0	 0.1089	 0.7000
1.0	 2.0	 0.45	 0.50	 0.0	 0.2	 0.0000	 0.1385
1.0	 2.0	 0.45	 0.50	 0.0	 0.2	 0.1385	 0.7000
1.0	 2.0	 0.45	 0.50	 0.2	 0.4	 0.0000	 0.0885
1.0	 2.0	 0.45	 0.50	 0.2	 0.4	 0.0885	 0.0996
1.0	 2.0	 0.45	 0.50	 0.2	 0.4	 0.0996	 0.1094
1.0	 2.0	 0.45	 0.50	 0.2	 0.4	 0.1094	 0.1187
1.0	 2.0	 0.45	 0.50	 0.2	 0.4	 0.1187	 0.1282
1.0	 2.0	 0.45	 0.50	 0.2	 0.4	 0.1282	 0.1392
1.0	 2.0	 0.45	 0.50	 0.2	 0.4	 0.1392	 0.1538
1.0	 2.0	 0.45	 0.50	 0.2	 0.4	 0.1538	 0.1857
1.0	 2.0	 0.45	 0.50	 0.2	 0.4	 0.1857	 0.7000
1.0	 2.0	 0.45	 0.50	 0.4	 0.6	 0.0000	 0.0751
1.0	 2.0	 0.45	 0.50	 0.4	 0.6	 0.0751	 0.0838
1.0	 2.0	 0.45	 0.50	 0.4	 0.6	 0.0838	 0.0916
1.0	 2.0	 0.45	 0.50	 0.4	 0.6	 0.0916	 0.0993
1.0	 2.0	 0.45	 0.50	 0.4	 0.6	 0.0993	 0.1078
1.0	 2.0	 0.45	 0.50	 0.4	 0.6	 0.1078	 0.1169
1.0	 2.0	 0.45	 0.50	 0.4	 0.6	 0.1169	 0.1271
1.0	 2.0	 0.45	 0.50	 0.4	 0.6	 0.1271	 0.1407
1.0	 2.0	 0.45	 0.50	 0.4	 0.6	 0.1407	 0.1724
1.0	 2.0	 0.45	 0.50	 0.4	 0.6	 0.1724	 0.7000
1.0	 2.0	 0.45	 0.50	 0.6	 0.8	 0.0000	 0.0753
1.0	 2.0	 0.45	 0.50	 0.6	 0.8	 0.0753	 0.0873
1.0	 2.0	 0.45	 0.50	 0.6	 0.8	 0.0873	 0.1008
1.0	 2.0	 0.45	 0.50	 0.6	 0.8	 0.1008	 0.1183
1.0	 2.0	 0.45	 0.50	 0.6	 0.8	 0.1183	 0.1479
1.0	 2.0	 0.45	 0.50	 0.6	 0.8	 0.1479	 0.7000
1.0	 2.0	 0.45	 0.50	 0.8	 1.0	 0.0000	 0.0967
1.0	 2.0	 0.45	 0.50	 0.8	 1.0	 0.0967	 0.7000
1.0	 2.0	 0.45	 0.50	 1.0	 1.6	 0.0000	 0.7000
1.0	 2.0	 0.50	 0.55	 0.0	 0.2	 0.0000	 0.1496
1.0	 2.0	 0.50	 0.55	 0.0	 0.2	 0.1496	 0.2023
1.0	 2.0	 0.50	 0.55	 0.0	 0.2	 0.2023	 0.7000
1.0	 2.0	 0.50	 0.55	 0.2	 0.4	 0.0000	 0.0967
1.0	 2.0	 0.50	 0.55	 0.2	 0.4	 0.0967	 0.1115
1.0	 2.0	 0.50	 0.55	 0.2	 0.4	 0.1115	 0.1248
1.0	 2.0	 0.50	 0.55	 0.2	 0.4	 0.1248	 0.1379
1.0	 2.0	 0.50	 0.55	 0.2	 0.4	 0.1379	 0.1528
1.0	 2.0	 0.50	 0.55	 0.2	 0.4	 0.1528	 0.1756
1.0	 2.0	 0.50	 0.55	 0.2	 0.4	 0.1756	 0.7000
1.0	 2.0	 0.50	 0.55	 0.4	 0.6	 0.0000	 0.0804
1.0	 2.0	 0.50	 0.55	 0.4	 0.6	 0.0804	 0.0911
1.0	 2.0	 0.50	 0.55	 0.4	 0.6	 0.0911	 0.1012
1.0	 2.0	 0.50	 0.55	 0.4	 0.6	 0.1012	 0.1121
1.0	 2.0	 0.50	 0.55	 0.4	 0.6	 0.1121	 0.1246
1.0	 2.0	 0.50	 0.55	 0.4	 0.6	 0.1246	 0.1391
1.0	 2.0	 0.50	 0.55	 0.4	 0.6	 0.1391	 0.1640
1.0	 2.0	 0.50	 0.55	 0.4	 0.6	 0.1640	 0.7000
1.0	 2.0	 0.50	 0.55	 0.6	 0.8	 0.0000	 0.0789
1.0	 2.0	 0.50	 0.55	 0.6	 0.8	 0.0789	 0.0938
1.0	 2.0	 0.50	 0.55	 0.6	 0.8	 0.0938	 0.1111
1.0	 2.0	 0.50	 0.55	 0.6	 0.8	 0.1111	 0.1362
1.0	 2.0	 0.50	 0.55	 0.6	 0.8	 0.1362	 0.7000
1.0	 2.0	 0.50	 0.55	 0.8	 1.0	 0.0000	 0.0939
1.0	 2.0	 0.50	 0.55	 0.8	 1.0	 0.0939	 0.1563
1.0	 2.0	 0.50	 0.55	 0.8	 1.0	 0.1563	 0.7000
1.0	 2.0	 0.50	 0.55	 1.0	 1.6	 0.0000	 0.7000
1.0	 2.0	 0.55	 0.60	 0.0	 0.2	 0.0000	 0.1641
1.0	 2.0	 0.55	 0.60	 0.0	 0.2	 0.1641	 0.7000
1.0	 2.0	 0.55	 0.60	 0.2	 0.4	 0.0000	 0.1058
1.0	 2.0	 0.55	 0.60	 0.2	 0.4	 0.1058	 0.1252
1.0	 2.0	 0.55	 0.60	 0.2	 0.4	 0.1252	 0.1437
1.0	 2.0	 0.55	 0.60	 0.2	 0.4	 0.1437	 0.1660
1.0	 2.0	 0.55	 0.60	 0.2	 0.4	 0.1660	 0.2180
1.0	 2.0	 0.55	 0.60	 0.2	 0.4	 0.2180	 0.7000
1.0	 2.0	 0.55	 0.60	 0.4	 0.6	 0.0000	 0.0861
1.0	 2.0	 0.55	 0.60	 0.4	 0.6	 0.0861	 0.1001
1.0	 2.0	 0.55	 0.60	 0.4	 0.6	 0.1001	 0.1143
1.0	 2.0	 0.55	 0.60	 0.4	 0.6	 0.1143	 0.1299
1.0	 2.0	 0.55	 0.60	 0.4	 0.6	 0.1299	 0.1513
1.0	 2.0	 0.55	 0.60	 0.4	 0.6	 0.1513	 0.2107
1.0	 2.0	 0.55	 0.60	 0.4	 0.6	 0.2107	 0.7000
1.0	 2.0	 0.55	 0.60	 0.6	 0.8	 0.0000	 0.0827
1.0	 2.0	 0.55	 0.60	 0.6	 0.8	 0.0827	 0.1002
1.0	 2.0	 0.55	 0.60	 0.6	 0.8	 0.1002	 0.1230
1.0	 2.0	 0.55	 0.60	 0.6	 0.8	 0.1230	 0.1694
1.0	 2.0	 0.55	 0.60	 0.6	 0.8	 0.1694	 0.7000
1.0	 2.0	 0.55	 0.60	 0.8	 1.0	 0.0000	 0.0968
1.0	 2.0	 0.55	 0.60	 0.8	 1.0	 0.0968	 0.1830
1.0	 2.0	 0.55	 0.60	 0.8	 1.0	 0.1830	 0.7000
1.0	 2.0	 0.55	 0.60	 1.0	 1.6	 0.0000	 0.7000
1.0	 2.0	 0.60	 0.65	 0.0	 0.2	 0.0000	 0.1823
1.0	 2.0	 0.60	 0.65	 0.0	 0.2	 0.1823	 0.7000
1.0	 2.0	 0.60	 0.65	 0.2	 0.4	 0.0000	 0.1159
1.0	 2.0	 0.60	 0.65	 0.2	 0.4	 0.1159	 0.1413
1.0	 2.0	 0.60	 0.65	 0.2	 0.4	 0.1413	 0.1707
1.0	 2.0	 0.60	 0.65	 0.2	 0.4	 0.1707	 0.7000
1.0	 2.0	 0.60	 0.65	 0.4	 0.6	 0.0000	 0.0929
1.0	 2.0	 0.60	 0.65	 0.4	 0.6	 0.0929	 0.1110
1.0	 2.0	 0.60	 0.65	 0.4	 0.6	 0.1110	 0.1307
1.0	 2.0	 0.60	 0.65	 0.4	 0.6	 0.1307	 0.1584
1.0	 2.0	 0.60	 0.65	 0.4	 0.6	 0.1584	 0.7000
1.0	 2.0	 0.60	 0.65	 0.6	 0.8	 0.0000	 0.0878
1.0	 2.0	 0.60	 0.65	 0.6	 0.8	 0.0878	 0.1105
1.0	 2.0	 0.60	 0.65	 0.6	 0.8	 0.1105	 0.1436
1.0	 2.0	 0.60	 0.65	 0.6	 0.8	 0.1436	 0.7000
1.0	 2.0	 0.60	 0.65	 0.8	 1.0	 0.0000	 0.1007
1.0	 2.0	 0.60	 0.65	 0.8	 1.0	 0.1007	 0.7000
1.0	 2.0	 0.60	 0.65	 1.0	 1.6	 0.0000	 0.7000
1.0	 2.0	 0.65	 0.70	 0.0	 0.2	 0.0000	 0.2106
1.0	 2.0	 0.65	 0.70	 0.0	 0.2	 0.2106	 0.7000
1.0	 2.0	 0.65	 0.70	 0.2	 0.4	 0.0000	 0.1292
1.0	 2.0	 0.65	 0.70	 0.2	 0.4	 0.1292	 0.1652
1.0	 2.0	 0.65	 0.70	 0.2	 0.4	 0.1652	 0.7000
1.0	 2.0	 0.65	 0.70	 0.4	 0.6	 0.0000	 0.1015
1.0	 2.0	 0.65	 0.70	 0.4	 0.6	 0.1015	 0.1263
1.0	 2.0	 0.65	 0.70	 0.4	 0.6	 0.1263	 0.1593
1.0	 2.0	 0.65	 0.70	 0.4	 0.6	 0.1593	 0.7000
1.0	 2.0	 0.65	 0.70	 0.6	 0.8	 0.0000	 0.0941
1.0	 2.0	 0.65	 0.70	 0.6	 0.8	 0.0941	 0.1248
1.0	 2.0	 0.65	 0.70	 0.6	 0.8	 0.1248	 0.7000
1.0	 2.0	 0.65	 0.70	 0.8	 1.0	 0.0000	 0.1087
1.0	 2.0	 0.65	 0.70	 0.8	 1.0	 0.1087	 0.7000
1.0	 2.0	 0.65	 0.70	 1.0	 1.6	 0.0000	 0.7000
2.0	 3.0	 0.30	 0.35	 0.0	 0.4	 0.0000	 0.1544
2.0	 3.0	 0.30	 0.35	 0.0	 0.4	 0.1544	 0.7000
2.0	 3.0	 0.30	 0.35	 0.4	 0.8	 0.0000	 0.1626
2.0	 3.0	 0.30	 0.35	 0.4	 0.8	 0.1626	 0.7000
2.0	 3.0	 0.35	 0.40	 0.0	 0.2	 0.0000	 0.1966
2.0	 3.0	 0.35	 0.40	 0.0	 0.2	 0.1966	 0.7000
2.0	 3.0	 0.35	 0.40	 0.2	 0.4	 0.0000	 0.1531
2.0	 3.0	 0.35	 0.40	 0.2	 0.4	 0.1531	 0.1658
2.0	 3.0	 0.35	 0.40	 0.2	 0.4	 0.1658	 0.1810
2.0	 3.0	 0.35	 0.40	 0.2	 0.4	 0.1810	 0.2036
2.0	 3.0	 0.35	 0.40	 0.2	 0.4	 0.2036	 0.7000
2.0	 3.0	 0.35	 0.40	 0.4	 0.6	 0.0000	 0.1549
2.0	 3.0	 0.35	 0.40	 0.4	 0.6	 0.1549	 0.1769
2.0	 3.0	 0.35	 0.40	 0.4	 0.6	 0.1769	 0.7000
2.0	 3.0	 0.35	 0.40	 0.6	 0.8	 0.0000	 0.2072
2.0	 3.0	 0.35	 0.40	 0.6	 0.8	 0.2072	 0.7000
2.0	 3.0	 0.40	 0.45	 0.0	 0.2	 0.0000	 0.1902
2.0	 3.0	 0.40	 0.45	 0.0	 0.2	 0.1902	 0.2268
2.0	 3.0	 0.40	 0.45	 0.0	 0.2	 0.2268	 0.7000
2.0	 3.0	 0.40	 0.45	 0.2	 0.4	 0.0000	 0.1594
2.0	 3.0	 0.40	 0.45	 0.2	 0.4	 0.1594	 0.1734
2.0	 3.0	 0.40	 0.45	 0.2	 0.4	 0.1734	 0.1857
2.0	 3.0	 0.40	 0.45	 0.2	 0.4	 0.1857	 0.1999
2.0	 3.0	 0.40	 0.45	 0.2	 0.4	 0.1999	 0.2188
2.0	 3.0	 0.40	 0.45	 0.2	 0.4	 0.2188	 0.2750
2.0	 3.0	 0.40	 0.45	 0.2	 0.4	 0.2750	 0.7000
2.0	 3.0	 0.40	 0.45	 0.4	 0.6	 0.0000	 0.1587
2.0	 3.0	 0.40	 0.45	 0.4	 0.6	 0.1587	 0.1789
2.0	 3.0	 0.40	 0.45	 0.4	 0.6	 0.1789	 0.2045
2.0	 3.0	 0.40	 0.45	 0.4	 0.6	 0.2045	 0.7000
2.0	 3.0	 0.40	 0.45	 0.6	 0.8	 0.0000	 0.1921
2.0	 3.0	 0.40	 0.45	 0.6	 0.8	 0.1921	 0.7000
2.0	 3.0	 0.40	 0.45	 0.8	 1.6	 0.0000	 0.7000
2.0	 3.0	 0.45	 0.50	 0.0	 0.2	 0.0000	 0.2001
2.0	 3.0	 0.45	 0.50	 0.0	 0.2	 0.2001	 0.2302
2.0	 3.0	 0.45	 0.50	 0.0	 0.2	 0.2302	 0.7000
2.0	 3.0	 0.45	 0.50	 0.2	 0.4	 0.0000	 0.1669
2.0	 3.0	 0.45	 0.50	 0.2	 0.4	 0.1669	 0.1840
2.0	 3.0	 0.45	 0.50	 0.2	 0.4	 0.1840	 0.1989
2.0	 3.0	 0.45	 0.50	 0.2	 0.4	 0.1989	 0.2152
2.0	 3.0	 0.45	 0.50	 0.2	 0.4	 0.2152	 0.2379
2.0	 3.0	 0.45	 0.50	 0.2	 0.4	 0.2379	 0.7000
2.0	 3.0	 0.45	 0.50	 0.4	 0.6	 0.0000	 0.1641
2.0	 3.0	 0.45	 0.50	 0.4	 0.6	 0.1641	 0.1870
2.0	 3.0	 0.45	 0.50	 0.4	 0.6	 0.1870	 0.2138
2.0	 3.0	 0.45	 0.50	 0.4	 0.6	 0.2138	 0.7000
2.0	 3.0	 0.45	 0.50	 0.6	 0.8	 0.0000	 0.1960
2.0	 3.0	 0.45	 0.50	 0.6	 0.8	 0.1960	 0.7000
2.0	 3.0	 0.45	 0.50	 0.8	 1.6	 0.0000	 0.7000
2.0	 3.0	 0.50	 0.55	 0.0	 0.2	 0.0000	 0.2114
2.0	 3.0	 0.50	 0.55	 0.0	 0.2	 0.2114	 0.2446
2.0	 3.0	 0.50	 0.55	 0.0	 0.2	 0.2446	 0.7000
2.0	 3.0	 0.50	 0.55	 0.2	 0.4	 0.0000	 0.1751
2.0	 3.0	 0.50	 0.55	 0.2	 0.4	 0.1751	 0.1958
2.0	 3.0	 0.50	 0.55	 0.2	 0.4	 0.1958	 0.2156
2.0	 3.0	 0.50	 0.55	 0.2	 0.4	 0.2156	 0.2388
2.0	 3.0	 0.50	 0.55	 0.2	 0.4	 0.2388	 0.2907
2.0	 3.0	 0.50	 0.55	 0.2	 0.4	 0.2907	 0.7000
2.0	 3.0	 0.50	 0.55	 0.4	 0.6	 0.0000	 0.1695
2.0	 3.0	 0.50	 0.55	 0.4	 0.6	 0.1695	 0.1969
2.0	 3.0	 0.50	 0.55	 0.4	 0.6	 0.1969	 0.2305
2.0	 3.0	 0.50	 0.55	 0.4	 0.6	 0.2305	 0.7000
2.0	 3.0	 0.50	 0.55	 0.6	 0.8	 0.0000	 0.2009
2.0	 3.0	 0.50	 0.55	 0.6	 0.8	 0.2009	 0.7000
2.0	 3.0	 0.50	 0.55	 0.8	 1.6	 0.0000	 0.7000
2.0	 3.0	 0.55	 0.60	 0.0	 0.2	 0.0000	 0.2237
2.0	 3.0	 0.55	 0.60	 0.0	 0.2	 0.2237	 0.2698
2.0	 3.0	 0.55	 0.60	 0.0	 0.2	 0.2698	 0.7000
2.0	 3.0	 0.55	 0.60	 0.2	 0.4	 0.0000	 0.1843
2.0	 3.0	 0.55	 0.60	 0.2	 0.4	 0.1843	 0.2103
2.0	 3.0	 0.55	 0.60	 0.2	 0.4	 0.2103	 0.2372
2.0	 3.0	 0.55	 0.60	 0.2	 0.4	 0.2372	 0.2795
2.0	 3.0	 0.55	 0.60	 0.2	 0.4	 0.2795	 0.7000
2.0	 3.0	 0.55	 0.60	 0.4	 0.6	 0.0000	 0.1775
2.0	 3.0	 0.55	 0.60	 0.4	 0.6	 0.1775	 0.2115
2.0	 3.0	 0.55	 0.60	 0.4	 0.6	 0.2115	 0.2616
2.0	 3.0	 0.55	 0.60	 0.4	 0.6	 0.2616	 0.7000
2.0	 3.0	 0.55	 0.60	 0.6	 0.8	 0.0000	 0.2073
2.0	 3.0	 0.55	 0.60	 0.6	 0.8	 0.2073	 0.7000
2.0	 3.0	 0.55	 0.60	 0.8	 1.6	 0.0000	 0.7000
2.0	 3.0	 0.60	 0.65	 0.0	 0.2	 0.0000	 0.2395
2.0	 3.0	 0.60	 0.65	 0.0	 0.2	 0.2395	 0.7000
2.0	 3.0	 0.60	 0.65	 0.2	 0.4	 0.0000	 0.1954
2.0	 3.0	 0.60	 0.65	 0.2	 0.4	 0.1954	 0.2292
2.0	 3.0	 0.60	 0.65	 0.2	 0.4	 0.2292	 0.2724
2.0	 3.0	 0.60	 0.65	 0.2	 0.4	 0.2724	 0.7000
2.0	 3.0	 0.60	 0.65	 0.4	 0.6	 0.0000	 0.1872
2.0	 3.0	 0.60	 0.65	 0.4	 0.6	 0.1872	 0.2328
2.0	 3.0	 0.60	 0.65	 0.4	 0.6	 0.2328	 0.7000
2.0	 3.0	 0.60	 0.65	 0.6	 0.8	 0.0000	 0.2163
2.0	 3.0	 0.60	 0.65	 0.6	 0.8	 0.2163	 0.7000
2.0	 3.0	 0.60	 0.65	 0.8	 1.6	 0.0000	 0.7000
2.0	 3.0	 0.65	 0.70	 0.0	 0.2	 0.0000	 0.2629
2.0	 3.0	 0.65	 0.70	 0.0	 0.2	 0.2629	 0.7000
2.0	 3.0	 0.65	 0.70	 0.2	 0.4	 0.0000	 0.2087
2.0	 3.0	 0.65	 0.70	 0.2	 0.4	 0.2087	 0.2558
2.0	 3.0	 0.65	 0.70	 0.2	 0.4	 0.2558	 0.7000
2.0	 3.0	 0.65	 0.70	 0.4	 0.6	 0.0000	 0.1997
2.0	 3.0	 0.65	 0.70	 0.4	 0.6	 0.1997	 0.2973
2.0	 3.0	 0.65	 0.70	 0.4	 0.6	 0.2973	 0.7000
2.0	 3.0	 0.65	 0.70	 0.6	 0.8	 0.0000	 0.2400
2.0	 3.0	 0.65	 0.70	 0.6	 0.8	 0.2400	 0.7000
2.0	 3.0	 0.65	 0.70	 0.8	 1.6	 0.0000	 0.7000
3.0	 4.0	 0.30	 0.35	 0.0	 1.6	 0.0000	 0.7000
3.0	 4.0	 0.35	 0.40	 0.0	 0.4	 0.0000	 0.2588
3.0	 4.0	 0.35	 0.40	 0.0	 0.4	 0.2588	 0.2864
3.0	 4.0	 0.35	 0.40	 0.0	 0.4	 0.2864	 0.7000
3.0	 4.0	 0.35	 0.40	 0.4	 1.0	 0.0000	 0.3029
3.0	 4.0	 0.35	 0.40	 0.4	 1.0	 0.3029	 0.7000
3.0	 4.0	 0.40	 0.45	 0.0	 0.2	 0.0000	 0.2812
3.0	 4.0	 0.40	 0.45	 0.0	 0.2	 0.2812	 0.7000
3.0	 4.0	 0.40	 0.45	 0.2	 0.4	 0.0000	 0.2643
3.0	 4.0	 0.40	 0.45	 0.2	 0.4	 0.2643	 0.2895
3.0	 4.0	 0.40	 0.45	 0.2	 0.4	 0.2895	 0.7000
3.0	 4.0	 0.40	 0.45	 0.4	 0.6	 0.0000	 0.2902
3.0	 4.0	 0.40	 0.45	 0.4	 0.6	 0.2902	 0.7000
3.0	 4.0	 0.40	 0.45	 0.6	 1.6	 0.0000	 0.7000
3.0	 4.0	 0.45	 0.50	 0.0	 0.2	 0.0000	 0.2892
3.0	 4.0	 0.45	 0.50	 0.0	 0.2	 0.2892	 0.3336
3.0	 4.0	 0.45	 0.50	 0.0	 0.2	 0.3336	 0.7000
3.0	 4.0	 0.45	 0.50	 0.2	 0.4	 0.0000	 0.2714
3.0	 4.0	 0.45	 0.50	 0.2	 0.4	 0.2714	 0.2993
3.0	 4.0	 0.45	 0.50	 0.2	 0.4	 0.2993	 0.3557
3.0	 4.0	 0.45	 0.50	 0.2	 0.4	 0.3557	 0.7000
3.0	 4.0	 0.45	 0.50	 0.4	 0.6	 0.0000	 0.2935
3.0	 4.0	 0.45	 0.50	 0.4	 0.6	 0.2935	 0.7000
3.0	 4.0	 0.45	 0.50	 0.6	 1.6	 0.0000	 0.3654
3.0	 4.0	 0.45	 0.50	 0.6	 1.6	 0.3654	 0.7000
3.0	 4.0	 0.50	 0.55	 0.0	 0.2	 0.0000	 0.3032
3.0	 4.0	 0.50	 0.55	 0.0	 0.2	 0.3032	 0.3705
3.0	 4.0	 0.50	 0.55	 0.0	 0.2	 0.3705	 0.7000
3.0	 4.0	 0.50	 0.55	 0.2	 0.4	 0.0000	 0.2803
3.0	 4.0	 0.50	 0.55	 0.2	 0.4	 0.2803	 0.3198
3.0	 4.0	 0.50	 0.55	 0.2	 0.4	 0.3198	 0.3865
3.0	 4.0	 0.50	 0.55	 0.2	 0.4	 0.3865	 0.7000
3.0	 4.0	 0.50	 0.55	 0.4	 0.6	 0.0000	 0.3025
3.0	 4.0	 0.50	 0.55	 0.4	 0.6	 0.3025	 0.7000
3.0	 4.0	 0.50	 0.55	 0.6	 1.6	 0.0000	 0.3923
3.0	 4.0	 0.50	 0.55	 0.6	 1.6	 0.3923	 0.7000
3.0	 4.0	 0.55	 0.60	 0.0	 0.2	 0.0000	 0.3238
3.0	 4.0	 0.55	 0.60	 0.0	 0.2	 0.3238	 0.7000
3.0	 4.0	 0.55	 0.60	 0.2	 0.4	 0.0000	 0.2913
3.0	 4.0	 0.55	 0.60	 0.2	 0.4	 0.2913	 0.3471
3.0	 4.0	 0.55	 0.60	 0.2	 0.4	 0.3471	 0.7000
3.0	 4.0	 0.55	 0.60	 0.4	 0.6	 0.0000	 0.3183
3.0	 4.0	 0.55	 0.60	 0.4	 0.6	 0.3183	 0.7000
3.0	 4.0	 0.55	 0.60	 0.6	 1.6	 0.0000	 0.7000
3.0	 4.0	 0.60	 0.65	 0.0	 0.2	 0.0000	 0.3574
3.0	 4.0	 0.60	 0.65	 0.0	 0.2	 0.3574	 0.7000
3.0	 4.0	 0.60	 0.65	 0.2	 0.4	 0.0000	 0.3064
3.0	 4.0	 0.60	 0.65	 0.2	 0.4	 0.3064	 0.3976
3.0	 4.0	 0.60	 0.65	 0.2	 0.4	 0.3976	 0.7000
3.0	 4.0	 0.60	 0.65	 0.4	 0.6	 0.0000	 0.3388
3.0	 4.0	 0.60	 0.65	 0.4	 0.6	 0.3388	 0.7000
3.0	 4.0	 0.60	 0.65	 0.6	 1.6	 0.0000	 0.7000
3.0	 4.0	 0.65	 0.70	 0.0	 0.4	 0.0000	 0.2991
3.0	 4.0	 0.65	 0.70	 0.0	 0.4	 0.2991	 0.3636
3.0	 4.0	 0.65	 0.70	 0.0	 0.4	 0.3636	 0.7000
3.0	 4.0	 0.65	 0.70	 0.4	 0.8	 0.0000	 0.3229
3.0	 4.0	 0.65	 0.70	 0.4	 0.8	 0.3229	 0.7000
4.0	 5.0	 0.30	 0.35	 0.0	 1.6	 0.0000	 0.7000
4.0	 5.0	 0.35	 0.40	 0.0	 0.2	 0.0000	 0.3432
4.0	 5.0	 0.35	 0.40	 0.0	 0.2	 0.3432	 0.7000
4.0	 5.0	 0.35	 0.40	 0.2	 0.4	 0.0000	 0.3254
4.0	 5.0	 0.35	 0.40	 0.2	 0.4	 0.3254	 0.3589
4.0	 5.0	 0.35	 0.40	 0.2	 0.4	 0.3589	 0.7000
4.0	 5.0	 0.35	 0.40	 0.4	 0.6	 0.0000	 0.3745
4.0	 5.0	 0.35	 0.40	 0.4	 0.6	 0.3745	 0.7000
4.0	 5.0	 0.35	 0.40	 0.6	 1.6	 0.0000	 0.7000
4.0	 5.0	 0.40	 0.45	 0.0	 0.2	 0.0000	 0.3491
4.0	 5.0	 0.40	 0.45	 0.0	 0.2	 0.3491	 0.4081
4.0	 5.0	 0.40	 0.45	 0.0	 0.2	 0.4081	 0.7000
4.0	 5.0	 0.40	 0.45	 0.2	 0.4	 0.0000	 0.3303
4.0	 5.0	 0.40	 0.45	 0.2	 0.4	 0.3303	 0.3629
4.0	 5.0	 0.40	 0.45	 0.2	 0.4	 0.3629	 0.7000
4.0	 5.0	 0.40	 0.45	 0.4	 0.6	 0.0000	 0.3672
4.0	 5.0	 0.40	 0.45	 0.4	 0.6	 0.3672	 0.7000
4.0	 5.0	 0.40	 0.45	 0.6	 1.6	 0.0000	 0.7000
4.0	 5.0	 0.45	 0.50	 0.0	 0.2	 0.0000	 0.3682
4.0	 5.0	 0.45	 0.50	 0.0	 0.2	 0.3682	 0.7000
4.0	 5.0	 0.45	 0.50	 0.2	 0.4	 0.0000	 0.3395
4.0	 5.0	 0.45	 0.50	 0.2	 0.4	 0.3395	 0.3885
4.0	 5.0	 0.45	 0.50	 0.2	 0.4	 0.3885	 0.7000
4.0	 5.0	 0.45	 0.50	 0.4	 0.6	 0.0000	 0.3842
4.0	 5.0	 0.45	 0.50	 0.4	 0.6	 0.3842	 0.7000
4.0	 5.0	 0.45	 0.50	 0.6	 1.6	 0.0000	 0.7000
4.0	 5.0	 0.50	 0.55	 0.0	 0.2	 0.0000	 0.4001
4.0	 5.0	 0.50	 0.55	 0.0	 0.2	 0.4001	 0.7000
4.0	 5.0	 0.50	 0.55	 0.2	 0.4	 0.0000	 0.3531
4.0	 5.0	 0.50	 0.55	 0.2	 0.4	 0.3531	 0.4474
4.0	 5.0	 0.50	 0.55	 0.2	 0.4	 0.4474	 0.7000
4.0	 5.0	 0.50	 0.55	 0.4	 0.6	 0.0000	 0.4122
4.0	 5.0	 0.50	 0.55	 0.4	 0.6	 0.4122	 0.7000
4.0	 5.0	 0.50	 0.55	 0.6	 1.6	 0.0000	 0.7000
4.0	 5.0	 0.55	 0.60	 0.0	 0.4	 0.0000	 0.3479
4.0	 5.0	 0.55	 0.60	 0.0	 0.4	 0.3479	 0.4039
4.0	 5.0	 0.55	 0.60	 0.0	 0.4	 0.4039	 0.7000
4.0	 5.0	 0.55	 0.60	 0.4	 0.8	 0.0000	 0.3768
4.0	 5.0	 0.55	 0.60	 0.4	 0.8	 0.3768	 0.7000
4.0	 5.0	 0.60	 0.65	 0.0	 0.4	 0.0000	 0.3637
4.0	 5.0	 0.60	 0.65	 0.0	 0.4	 0.3637	 0.7000
4.0	 5.0	 0.60	 0.65	 0.4	 0.8	 0.0000	 0.4050
4.0	 5.0	 0.60	 0.65	 0.4	 0.8	 0.4050	 0.7000
4.0	 5.0	 0.65	 0.70	 0.0	 0.4	 0.0000	 0.3907
4.0	 5.0	 0.65	 0.70	 0.0	 0.4	 0.3907	 0.7000
4.0	 5.0	 0.65	 0.70	 0.4	 1.6	 0.0000	 0.7000
5.0	 6.0	 0.30	 0.35	 0.0	 1.6	 0.0000	 0.7000
5.0	 6.0	 0.35	 0.40	 0.0	 0.2	 0.0000	 0.4243
5.0	 6.0	 0.35	 0.40	 0.0	 0.2	 0.4243	 0.7000
5.0	 6.0	 0.35	 0.40	 0.2	 0.4	 0.0000	 0.4153
5.0	 6.0	 0.35	 0.40	 0.2	 0.4	 0.4153	 0.7000
5.0	 6.0	 0.35	 0.40	 0.4	 0.8	 0.0000	 0.4613
5.0	 6.0	 0.35	 0.40	 0.4	 0.8	 0.4613	 0.7000
5.0	 6.0	 0.40	 0.45	 0.0	 0.2	 0.0000	 0.4298
5.0	 6.0	 0.40	 0.45	 0.0	 0.2	 0.4298	 0.7000
5.0	 6.0	 0.40	 0.45	 0.2	 0.4	 0.0000	 0.4184
5.0	 6.0	 0.40	 0.45	 0.2	 0.4	 0.4184	 0.4722
5.0	 6.0	 0.40	 0.45	 0.2	 0.4	 0.4722	 0.7000
5.0	 6.0	 0.40	 0.45	 0.4	 0.6	 0.0000	 0.4824
5.0	 6.0	 0.40	 0.45	 0.4	 0.6	 0.4824	 0.7000
5.0	 6.0	 0.40	 0.45	 0.6	 1.6	 0.0000	 0.7000
5.0	 6.0	 0.45	 0.50	 0.0	 0.2	 0.0000	 0.4506
5.0	 6.0	 0.45	 0.50	 0.0	 0.2	 0.4506	 0.7000
5.0	 6.0	 0.45	 0.50	 0.2	 0.4	 0.0000	 0.4300
5.0	 6.0	 0.45	 0.50	 0.2	 0.4	 0.4300	 0.5129
5.0	 6.0	 0.45	 0.50	 0.2	 0.4	 0.5129	 0.7000
5.0	 6.0	 0.45	 0.50	 0.4	 0.6	 0.0000	 0.5099
5.0	 6.0	 0.45	 0.50	 0.4	 0.6	 0.5099	 0.7000
5.0	 6.0	 0.45	 0.50	 0.6	 1.6	 0.0000	 0.7000
5.0	 6.0	 0.50	 0.55	 0.0	 0.2	 0.0000	 0.4919
5.0	 6.0	 0.50	 0.55	 0.0	 0.2	 0.4919	 0.7000
5.0	 6.0	 0.50	 0.55	 0.2	 0.4	 0.0000	 0.4454
5.0	 6.0	 0.50	 0.55	 0.2	 0.4	 0.4454	 0.7000
5.0	 6.0	 0.50	 0.55	 0.4	 0.8	 0.0000	 0.4744
5.0	 6.0	 0.50	 0.55	 0.4	 0.8	 0.4744	 0.7000
5.0	 6.0	 0.55	 0.60	 0.0	 0.4	 0.0000	 0.4318
5.0	 6.0	 0.55	 0.60	 0.0	 0.4	 0.4318	 0.5114
5.0	 6.0	 0.55	 0.60	 0.0	 0.4	 0.5114	 0.7000
5.0	 6.0	 0.55	 0.60	 0.4	 1.6	 0.0000	 0.5283
5.0	 6.0	 0.55	 0.60	 0.4	 1.6	 0.5283	 0.7000
5.0	 6.0	 0.60	 0.65	 0.0	 0.4	 0.0000	 0.4511
5.0	 6.0	 0.60	 0.65	 0.0	 0.4	 0.4511	 0.7000
5.0	 6.0	 0.60	 0.65	 0.4	 1.6	 0.0000	 0.7000
5.0	 6.0	 0.65	 0.70	 0.0	 0.6	 0.0000	 0.4487
5.0	 6.0	 0.65	 0.70	 0.0	 0.6	 0.4487	 0.7000
6.0	 8.0	 0.35	 0.40	 0.0	 0.4	 0.0000	 0.4977
6.0	 8.0	 0.35	 0.40	 0.0	 0.4	 0.4977	 0.7000
6.0	 8.0	 0.35	 0.40	 0.4	 1.6	 0.0000	 0.7000
6.0	 8.0	 0.40	 0.45	 0.0	 0.2	 0.0000	 0.5849
6.0	 8.0	 0.40	 0.45	 0.0	 0.2	 0.5849	 0.7000
6.0	 8.0	 0.40	 0.45	 0.2	 0.4	 0.0000	 0.5626
6.0	 8.0	 0.40	 0.45	 0.2	 0.4	 0.5626	 0.7000
6.0	 8.0	 0.40	 0.45	 0.4	 1.6	 0.0000	 0.7000
6.0	 8.0	 0.45	 0.50	 0.0	 0.4	 0.0000	 0.5226
6.0	 8.0	 0.45	 0.50	 0.0	 0.4	 0.5226	 0.7000
6.0	 8.0	 0.45	 0.50	 0.4	 1.6	 0.0000	 0.7000
6.0	 8.0	 0.50	 0.55	 0.0	 0.4	 0.0000	 0.5498
6.0	 8.0	 0.50	 0.55	 0.0	 0.4	 0.5498	 0.7000
6.0	 8.0	 0.50	 0.55	 0.4	 1.6	 0.0000	 0.7000
6.0	 8.0	 0.55	 0.60	 0.0	 0.6	 0.0000	 0.5502
6.0	 8.0	 0.55	 0.60	 0.0	 0.6	 0.5502	 0.7000
6.0	 8.0	 0.60	 0.65	 0.0	 1.6	 0.0000	 0.7000
6.0	 8.0	 0.65	 0.70	 0.0	 1.6	 0.0000	 0.7000
