Q2l	 Q2u	 zl	 zu	 Ptl	 Ptu	 xl	 xu
1.0	 2.0	 0.30	 0.35	 0.0	 0.2	 0.0000	 0.1468
1.0	 2.0	 0.30	 0.35	 0.0	 0.2	 0.1468	 0.2212
1.0	 2.0	 0.30	 0.35	 0.0	 0.2	 0.2212	 0.7000
1.0	 2.0	 0.30	 0.35	 0.2	 0.4	 0.0000	 0.1087
1.0	 2.0	 0.30	 0.35	 0.2	 0.4	 0.1087	 0.7000
1.0	 2.0	 0.30	 0.35	 0.4	 1.6	 0.0000	 0.7000
1.0	 2.0	 0.35	 0.40	 0.0	 0.2	 0.0000	 0.1442
1.0	 2.0	 0.35	 0.40	 0.0	 0.2	 0.1442	 0.2153
1.0	 2.0	 0.35	 0.40	 0.0	 0.2	 0.2153	 0.7000
1.0	 2.0	 0.35	 0.40	 0.2	 0.4	 0.0000	 0.1254
1.0	 2.0	 0.35	 0.40	 0.2	 0.4	 0.1254	 0.7000
1.0	 2.0	 0.35	 0.40	 0.4	 0.6	 0.0000	 0.1125
1.0	 2.0	 0.35	 0.40	 0.4	 0.6	 0.1125	 0.7000
1.0	 2.0	 0.40	 0.45	 0.0	 0.2	 0.0000	 0.1520
1.0	 2.0	 0.40	 0.45	 0.0	 0.2	 0.1520	 0.7000
1.0	 2.0	 0.40	 0.45	 0.2	 0.4	 0.0000	 0.1340
1.0	 2.0	 0.40	 0.45	 0.2	 0.4	 0.1340	 0.2471
1.0	 2.0	 0.40	 0.45	 0.2	 0.4	 0.2471	 0.7000
1.0	 2.0	 0.40	 0.45	 0.4	 0.6	 0.0000	 0.1114
1.0	 2.0	 0.40	 0.45	 0.4	 0.6	 0.1114	 0.7000
1.0	 2.0	 0.40	 0.45	 0.6	 1.6	 0.0000	 0.7000
1.0	 2.0	 0.45	 0.50	 0.0	 0.2	 0.0000	 0.1723
1.0	 2.0	 0.45	 0.50	 0.0	 0.2	 0.1723	 0.7000
1.0	 2.0	 0.45	 0.50	 0.2	 0.4	 0.0000	 0.1380
1.0	 2.0	 0.45	 0.50	 0.2	 0.4	 0.1380	 0.2560
1.0	 2.0	 0.45	 0.50	 0.2	 0.4	 0.2560	 0.7000
1.0	 2.0	 0.45	 0.50	 0.4	 0.6	 0.0000	 0.1418
1.0	 2.0	 0.45	 0.50	 0.4	 0.6	 0.1418	 0.7000
1.0	 2.0	 0.45	 0.50	 0.6	 1.6	 0.0000	 0.7000
1.0	 2.0	 0.50	 0.55	 0.0	 0.2	 0.0000	 0.2205
1.0	 2.0	 0.50	 0.55	 0.0	 0.2	 0.2205	 0.7000
1.0	 2.0	 0.50	 0.55	 0.2	 0.4	 0.0000	 0.1471
1.0	 2.0	 0.50	 0.55	 0.2	 0.4	 0.1471	 0.7000
1.0	 2.0	 0.50	 0.55	 0.4	 0.6	 0.0000	 0.1967
1.0	 2.0	 0.50	 0.55	 0.4	 0.6	 0.1967	 0.7000
1.0	 2.0	 0.50	 0.55	 0.6	 1.6	 0.0000	 0.7000
1.0	 2.0	 0.55	 0.60	 0.0	 0.4	 0.0000	 0.1379
1.0	 2.0	 0.55	 0.60	 0.0	 0.4	 0.1379	 0.2022
1.0	 2.0	 0.55	 0.60	 0.0	 0.4	 0.2022	 0.7000
1.0	 2.0	 0.55	 0.60	 0.4	 0.8	 0.0000	 0.1243
1.0	 2.0	 0.55	 0.60	 0.4	 0.8	 0.1243	 0.7000
1.0	 2.0	 0.60	 0.65	 0.0	 0.4	 0.0000	 0.1503
1.0	 2.0	 0.60	 0.65	 0.0	 0.4	 0.1503	 0.7000
1.0	 2.0	 0.60	 0.65	 0.4	 0.8	 0.0000	 0.1474
1.0	 2.0	 0.60	 0.65	 0.4	 0.8	 0.1474	 0.7000
1.0	 2.0	 0.65	 0.70	 0.0	 0.4	 0.0000	 0.1757
1.0	 2.0	 0.65	 0.70	 0.0	 0.4	 0.1757	 0.7000
1.0	 2.0	 0.65	 0.70	 0.4	 1.0	 0.0000	 0.1533
1.0	 2.0	 0.65	 0.70	 0.4	 1.0	 0.1533	 0.7000
2.0	 3.0	 0.30	 0.35	 0.0	 0.2	 0.0000	 0.2010
2.0	 3.0	 0.30	 0.35	 0.0	 0.2	 0.2010	 0.2650
2.0	 3.0	 0.30	 0.35	 0.0	 0.2	 0.2650	 0.7000
2.0	 3.0	 0.30	 0.35	 0.2	 0.4	 0.0000	 0.2166
2.0	 3.0	 0.30	 0.35	 0.2	 0.4	 0.2166	 0.3854
2.0	 3.0	 0.30	 0.35	 0.2	 0.4	 0.3854	 0.7000
2.0	 3.0	 0.35	 0.40	 0.0	 0.2	 0.0000	 0.2195
2.0	 3.0	 0.35	 0.40	 0.0	 0.2	 0.2195	 0.7000
2.0	 3.0	 0.35	 0.40	 0.2	 0.4	 0.0000	 0.2073
2.0	 3.0	 0.35	 0.40	 0.2	 0.4	 0.2073	 0.2926
2.0	 3.0	 0.35	 0.40	 0.2	 0.4	 0.2926	 0.7000
2.0	 3.0	 0.40	 0.45	 0.0	 0.2	 0.0000	 0.2518
2.0	 3.0	 0.40	 0.45	 0.0	 0.2	 0.2518	 0.7000
2.0	 3.0	 0.40	 0.45	 0.2	 0.4	 0.0000	 0.2145
2.0	 3.0	 0.40	 0.45	 0.2	 0.4	 0.2145	 0.3415
2.0	 3.0	 0.40	 0.45	 0.2	 0.4	 0.3415	 0.7000
2.0	 3.0	 0.40	 0.45	 0.4	 1.6	 0.0000	 0.7000
2.0	 3.0	 0.45	 0.50	 0.0	 0.4	 0.0000	 0.2039
2.0	 3.0	 0.45	 0.50	 0.0	 0.4	 0.2039	 0.2650
2.0	 3.0	 0.45	 0.50	 0.0	 0.4	 0.2650	 0.7000
2.0	 3.0	 0.45	 0.50	 0.4	 1.6	 0.0000	 0.7000
2.0	 3.0	 0.50	 0.55	 0.0	 0.4	 0.0000	 0.2216
2.0	 3.0	 0.50	 0.55	 0.0	 0.4	 0.2216	 0.7000
2.0	 3.0	 0.50	 0.55	 0.4	 1.6	 0.0000	 0.7000
2.0	 3.0	 0.55	 0.60	 0.0	 0.4	 0.0000	 0.2504
2.0	 3.0	 0.55	 0.60	 0.0	 0.4	 0.2504	 0.7000
2.0	 3.0	 0.55	 0.60	 0.4	 1.6	 0.0000	 0.7000
2.0	 3.0	 0.60	 0.65	 0.0	 0.4	 0.0000	 0.3495
2.0	 3.0	 0.60	 0.65	 0.0	 0.4	 0.3495	 0.7000
2.0	 3.0	 0.60	 0.65	 0.4	 1.6	 0.0000	 0.7000
2.0	 3.0	 0.65	 0.70	 0.0	 0.8	 0.0000	 0.2661
2.0	 3.0	 0.65	 0.70	 0.0	 0.8	 0.2661	 0.7000
3.0	 4.0	 0.30	 0.35	 0.0	 0.2	 0.0000	 0.3090
3.0	 4.0	 0.30	 0.35	 0.0	 0.2	 0.3090	 0.7000
3.0	 4.0	 0.30	 0.35	 0.2	 0.4	 0.0000	 0.2934
3.0	 4.0	 0.30	 0.35	 0.2	 0.4	 0.2934	 0.7000
3.0	 4.0	 0.35	 0.40	 0.0	 0.2	 0.0000	 0.3839
3.0	 4.0	 0.35	 0.40	 0.0	 0.2	 0.3839	 0.7000
3.0	 4.0	 0.35	 0.40	 0.2	 0.4	 0.0000	 0.3054
3.0	 4.0	 0.35	 0.40	 0.2	 0.4	 0.3054	 0.7000
3.0	 4.0	 0.35	 0.40	 0.4	 1.6	 0.0000	 0.7000
3.0	 4.0	 0.40	 0.45	 0.0	 0.4	 0.0000	 0.2874
3.0	 4.0	 0.40	 0.45	 0.0	 0.4	 0.2874	 0.4099
3.0	 4.0	 0.40	 0.45	 0.0	 0.4	 0.4099	 0.7000
3.0	 4.0	 0.40	 0.45	 0.4	 1.6	 0.0000	 0.7000
3.0	 4.0	 0.45	 0.50	 0.0	 0.4	 0.0000	 0.3127
3.0	 4.0	 0.45	 0.50	 0.0	 0.4	 0.3127	 0.7000
3.0	 4.0	 0.45	 0.50	 0.4	 1.6	 0.0000	 0.7000
3.0	 4.0	 0.50	 0.55	 0.0	 0.4	 0.0000	 0.3723
3.0	 4.0	 0.50	 0.55	 0.0	 0.4	 0.3723	 0.7000
3.0	 4.0	 0.50	 0.55	 0.4	 1.6	 0.0000	 0.7000
3.0	 4.0	 0.55	 0.60	 0.0	 0.6	 0.0000	 0.3553
3.0	 4.0	 0.55	 0.60	 0.0	 0.6	 0.3553	 0.7000
3.0	 4.0	 0.60	 0.65	 0.0	 1.6	 0.0000	 0.7000
3.0	 4.0	 0.65	 0.70	 0.0	 1.6	 0.0000	 0.7000
4.0	 5.0	 0.30	 0.35	 0.0	 0.2	 0.0000	 0.3836
4.0	 5.0	 0.30	 0.35	 0.0	 0.2	 0.3836	 0.7000
4.0	 5.0	 0.30	 0.35	 0.2	 0.4	 0.0000	 0.3753
4.0	 5.0	 0.30	 0.35	 0.2	 0.4	 0.3753	 0.7000
4.0	 5.0	 0.30	 0.35	 0.4	 1.6	 0.0000	 0.7000
4.0	 5.0	 0.35	 0.40	 0.0	 0.2	 0.0000	 0.4493
4.0	 5.0	 0.35	 0.40	 0.0	 0.2	 0.4493	 0.7000
4.0	 5.0	 0.35	 0.40	 0.2	 0.4	 0.0000	 0.3991
4.0	 5.0	 0.35	 0.40	 0.2	 0.4	 0.3991	 0.7000
4.0	 5.0	 0.35	 0.40	 0.4	 1.6	 0.0000	 0.7000
4.0	 5.0	 0.40	 0.45	 0.0	 0.4	 0.0000	 0.3671
4.0	 5.0	 0.40	 0.45	 0.0	 0.4	 0.3671	 0.7000
4.0	 5.0	 0.40	 0.45	 0.4	 1.6	 0.0000	 0.7000
4.0	 5.0	 0.45	 0.50	 0.0	 0.4	 0.0000	 0.3968
4.0	 5.0	 0.45	 0.50	 0.0	 0.4	 0.3968	 0.7000
4.0	 5.0	 0.45	 0.50	 0.4	 1.6	 0.0000	 0.7000
4.0	 5.0	 0.50	 0.55	 0.0	 0.4	 0.0000	 0.5029
4.0	 5.0	 0.50	 0.55	 0.0	 0.4	 0.5029	 0.7000
4.0	 5.0	 0.50	 0.55	 0.4	 1.6	 0.0000	 0.7000
4.0	 5.0	 0.55	 0.60	 0.0	 0.8	 0.0000	 0.4383
4.0	 5.0	 0.55	 0.60	 0.0	 0.8	 0.4383	 0.7000
4.0	 5.0	 0.60	 0.65	 0.0	 1.6	 0.0000	 0.7000
4.0	 5.0	 0.65	 0.70	 0.0	 1.6	 0.0000	 0.7000
5.0	 6.0	 0.30	 0.35	 0.0	 0.4	 0.0000	 0.4539
5.0	 6.0	 0.30	 0.35	 0.0	 0.4	 0.4539	 0.7000
5.0	 6.0	 0.30	 0.35	 0.4	 1.6	 0.0000	 0.7000
5.0	 6.0	 0.35	 0.40	 0.0	 0.4	 0.0000	 0.4816
5.0	 6.0	 0.35	 0.40	 0.0	 0.4	 0.4816	 0.7000
5.0	 6.0	 0.35	 0.40	 0.4	 1.6	 0.0000	 0.7000
5.0	 6.0	 0.40	 0.45	 0.0	 0.6	 0.0000	 0.4897
5.0	 6.0	 0.40	 0.45	 0.0	 0.6	 0.4897	 0.7000
5.0	 6.0	 0.45	 0.50	 0.0	 0.8	 0.0000	 0.5488
5.0	 6.0	 0.45	 0.50	 0.0	 0.8	 0.5488	 0.7000
5.0	 6.0	 0.50	 0.55	 0.0	 1.6	 0.0000	 0.7000
5.0	 6.0	 0.55	 0.60	 0.0	 1.6	 0.0000	 0.7000
5.0	 6.0	 0.60	 0.65	 0.0	 1.6	 0.0000	 0.7000
5.0	 6.0	 0.65	 0.70	 0.0	 1.6	 0.0000	 0.7000
6.0	 8.0	 0.30	 0.35	 0.0	 1.6	 0.0000	 0.7000
6.0	 8.0	 0.35	 0.40	 0.0	 1.6	 0.0000	 0.7000
6.0	 8.0	 0.40	 0.45	 0.0	 1.6	 0.0000	 0.7000
6.0	 8.0	 0.45	 0.50	 0.0	 1.6	 0.0000	 0.7000
6.0	 8.0	 0.50	 0.55	 0.0	 1.6	 0.0000	 0.7000
