Nu	au	bu	cu	Nd	ad	bd	cd	Nub	Ndb	kt2	chi2
-0.029512970283249285	0.6041215287967672	5.365444878514644	2.6186040551451506	0.06045760997619998	0.40198636438043256	2.069907234330696	-1.1232360481187293	0.0	0.0	0.15967011391229027	1146.2167389965841
-0.030103033392878564	0.619943502624771	5.3252079920185516	2.410361337924175	0.0451584402775711	0.32817386546520555	3.6611769258627818	1.4181311389039526	0.0	0.0	0.15819902291589866	1231.6890853034156
-0.043027907130286924	0.6705624171010309	3.568439261893076	-0.6751082216288603	0.05460180714960061	0.40618419770230485	2.856196612398547	-0.4969638744129426	0.0	0.0	0.15787553760888307	1217.8517827346604
-0.04228883695150809	0.6431214731375594	3.3639762345191935	-0.6278117651598742	0.046862925421385704	0.36171603517611906	3.6267341387261154	0.9157920096424351	0.0	0.0	0.1589001769768253	1263.908690524372
-0.04699635503913302	0.6615812743464903	3.0254064131167278	-1.1839811888277532	0.04090711044908946	0.28452440175906485	4.269338555343335	3.0231316062493487	0.0	0.0	0.159335930850158	1183.8955020756107
-0.02997388461186279	0.551055996242374	4.722154431789472	2.2637015847776567	0.05526508111165085	0.3841610560162077	2.488186634280102	-0.579320091314381	0.0	0.0	0.15984543931981451	1269.0940810981374
-0.03059502335830211	0.6169192826670394	5.282316025812625	2.2479286232430704	0.04327845474183545	0.37648190502473516	4.310527113630797	1.9868711347012828	0.0	0.0	0.16177005562968227	1129.0773748362144
-0.03573877256702318	0.6652782935338178	4.5539171311161635	0.6391069024099267	0.05457805261378801	0.3959200943748691	2.745013806840751	-0.4795570232646555	0.0	0.0	0.16185950863020923	1164.312827296073
-0.04196192206806337	0.5929288969608506	3.122106787560832	-0.5842246120131024	0.047959165714614116	0.357930716076506	3.482263839229102	0.6918513235133128	0.0	0.0	0.15921858805415665	1278.8178327002852
-0.03972324537486038	0.6394455548759723	3.7609219187644216	-0.2930215898371494	0.050943774741631476	0.3689697094636898	3.0420354731738564	0.045267163851557296	0.0	0.0	0.1568400610253414	1223.0178439562733
-0.020463556299511798	0.4300959800019105	5.6324359297295	8.572585488463815	0.04492039632825717	0.3256999127092713	3.7192065340077263	1.4670430974677404	0.0	0.0	0.1576745732868891	1261.4328493703588
-0.04285259887476167	0.6620260894692898	3.4315736290751797	-0.6768054597125278	0.04755742517529171	0.35012915166511344	3.4297636879638866	0.7825786257188976	0.0	0.0	0.1589015749689285	1170.3199227077603
-0.042414410692690474	0.6532978842266284	3.492785371705483	-0.6500251947855451	0.04053392205230999	0.2570012126997588	4.13650773421236	3.3019100779554975	0.0	0.0	0.16134501235330484	1197.0519243046087
-0.04448986100601715	0.7021141199948909	3.646390400064561	-0.8050919830837545	0.046065291511448336	0.3198136748561632	3.6494695827651924	1.23688580023949	0.0	0.0	0.1588703155168913	1205.3202447310243
-0.04231450071968379	0.6284477937545392	3.4281255547646348	-0.6340026862070942	0.04122614776599631	0.26756542210903533	4.187238485868861	3.057865076806009	0.0	0.0	0.16099494733676314	1160.2300650196635
-0.038792943282660364	0.6712437872546935	4.0738648712404055	-0.10723509983778046	0.05436302389544778	0.43245770329139344	3.0151679456596403	-0.4455423794266668	0.0	0.0	0.16162166746609963	1168.8214435266923
-0.032448759689236106	0.6333698864368043	4.937869343924365	1.512842740828784	0.055414591172441074	0.3941708928976112	2.647316755290841	-0.6013860304183821	0.0	0.0	0.15963438597139423	1217.2510598355589
-0.025356179421075487	0.5719394371968523	5.834834274224043	4.690010340090672	0.04396290548102311	0.40730720574027324	4.507453774143645	1.7517440334046521	0.0	0.0	0.15925779990902658	1164.694296569587
-0.02821823103428278	0.6019437076096663	5.453887848204268	3.1892688579300135	0.05328640830618858	0.39232936624664616	2.8263320950238695	-0.31867009769262233	0.0	0.0	0.16273805361953192	1260.3275418672952
-0.047508229848124084	0.617743713378356	2.573775682121617	-1.1966110644370112	0.04231044094331171	0.28282692263925696	4.055526968213635	2.5005190402041313	0.0	0.0	0.16040577513046905	1158.779515889689
-0.027848892578329898	0.5958840863119776	5.641847339610915	3.38147079988673	0.05479504901167109	0.43737612727963743	3.0353050539085102	-0.49812769692733955	0.0	0.0	0.1600856034455075	1236.1202503315994
-0.04269402291014446	0.6621450808271023	3.525151378727469	-0.5965471805878622	0.05547812141221309	0.3916297242499006	2.5082008486440937	-0.5890605434300185	0.0	0.0	0.16138139124364367	1193.8466121511763
-0.041017996841212545	0.6837638254987479	3.985662505832117	-0.44657279733661726	0.055586623835574	0.4293652867147407	2.8147997538860503	-0.5865221749101448	0.0	0.0	0.16032871654792408	1231.8143826621886
-0.046569719352324124	0.694866003523665	3.095385434622564	-1.1161527718577977	0.040642956929325624	0.2987320559621781	4.325848838038102	3.0435105170097234	0.0	0.0	0.16116909550099237	1214.1026851450206
-0.03572526157473177	0.6992666774439587	4.718991722031432	0.5416618485949407	0.054617009486391144	0.4674583094873417	3.224762072497121	-0.47975784789643605	0.0	0.0	0.1620622127360882	1180.7473574964004
-0.042740271293772114	0.6730075745791078	3.5116380210500155	-0.6201129256587985	0.048432186116579734	0.3926043469810745	3.6102309418482372	0.6343451404249952	0.0	0.0	0.16167213762353266	1173.0590168952458
-0.030696044758715568	0.5997034881662149	4.9427429709737645	2.081058373125488	0.045756662461331254	0.3606019711101057	3.744403708005344	1.261850130441302	0.0	0.0	0.16070045437680447	1063.6531904878632
-0.04180719097951946	0.6522550535413039	3.6224970750663656	-0.5932611025193509	0.042992145676270965	0.3394156579817281	4.359343397183197	2.240784357087008	0.0	0.0	0.15741289711795156	1184.0714036579407
-0.03044956122587117	0.5645786201791057	4.703681080650229	2.1191926862966017	0.050054426361841875	0.32367281413642934	2.953015052761624	0.22725915146149112	0.0	0.0	0.15761997857296775	1257.8850240030956
-0.03515384100081731	0.6491863596592186	4.644195534142341	0.7864951441685889	0.05381844321238649	0.4016881752098027	2.97883222053322	-0.3588613313673405	0.0	0.0	0.15778597576587872	1096.9134711498723
