# Q2	x	y	z	pT	obs	target	hadron	value	stat	systrel	systabs
1.0745E+00	6.5521E-02	7.9572E-01	3.2259E-01	3.3871E-01	AUT	neutron	pi+	0.0000E+00	2.1570E-03	7.0207E-02	1.0850E-03
1.1634E+00	7.4191E-02	7.5977E-01	3.2674E-01	3.2599E-01	AUT	neutron	pi+	0.0000E+00	2.1660E-03	7.0207E-02	1.0980E-03
1.2761E+00	8.2020E-02	7.5374E-01	3.2739E-01	3.2107E-01	AUT	neutron	pi+	0.0000E+00	2.1400E-03	7.0207E-02	1.1090E-03
1.4021E+00	9.0787E-02	7.4824E-01	3.2790E-01	3.1621E-01	AUT	neutron	pi+	0.0000E+00	2.1860E-03	7.0207E-02	1.1220E-03
1.5452E+00	1.0108E-01	7.4063E-01	3.2877E-01	3.1033E-01	AUT	neutron	pi+	0.0000E+00	2.1470E-03	7.0207E-02	1.1390E-03
1.7272E+00	1.1451E-01	7.3088E-01	3.3020E-01	3.0296E-01	AUT	neutron	pi+	0.0000E+00	2.1740E-03	7.0207E-02	1.1620E-03
1.8994E+00	1.2968E-01	7.1015E-01	3.3486E-01	2.9446E-01	AUT	neutron	pi+	0.0000E+00	3.0600E-03	7.0207E-02	1.1890E-03
1.0490E+00	6.1084E-02	8.3263E-01	3.2309E-01	5.0121E-01	AUT	neutron	pi+	0.0000E+00	2.0680E-03	7.0207E-02	1.0780E-03
1.0937E+00	6.6648E-02	7.9512E-01	3.2406E-01	4.9790E-01	AUT	neutron	pi+	0.0000E+00	2.1780E-03	7.0207E-02	1.0860E-03
1.1397E+00	7.0994E-02	7.7780E-01	3.2590E-01	4.9568E-01	AUT	neutron	pi+	0.0000E+00	2.1600E-03	7.0207E-02	1.0930E-03
1.2012E+00	7.5549E-02	7.7026E-01	3.2674E-01	4.9432E-01	AUT	neutron	pi+	0.0000E+00	2.1790E-03	7.0207E-02	1.1000E-03
1.2758E+00	8.0723E-02	7.6567E-01	3.2702E-01	4.9333E-01	AUT	neutron	pi+	0.0000E+00	2.1970E-03	7.0207E-02	1.1070E-03
1.3641E+00	8.6891E-02	7.6059E-01	3.2735E-01	4.9212E-01	AUT	neutron	pi+	0.0000E+00	2.2140E-03	7.0207E-02	1.1160E-03
1.4707E+00	9.4510E-02	7.5393E-01	3.2789E-01	4.9017E-01	AUT	neutron	pi+	0.0000E+00	2.2750E-03	7.0207E-02	1.1280E-03
1.6021E+00	1.0411E-01	7.4556E-01	3.2874E-01	4.8773E-01	AUT	neutron	pi+	0.0000E+00	2.4640E-03	7.0207E-02	1.1440E-03
1.7905E+00	1.1843E-01	7.3270E-01	3.3052E-01	4.8466E-01	AUT	neutron	pi+	0.0000E+00	2.6690E-03	7.0207E-02	1.1690E-03
1.9348E+00	1.3425E-01	6.9850E-01	3.3805E-01	4.8287E-01	AUT	neutron	pi+	0.0000E+00	9.1830E-03	7.0207E-02	1.1980E-03
1.0911E+00	6.5070E-02	8.1395E-01	3.2653E-01	6.6866E-01	AUT	neutron	pi+	0.0000E+00	2.0790E-03	7.0207E-02	1.0840E-03
1.2771E+00	8.0203E-02	7.7178E-01	3.2872E-01	6.6912E-01	AUT	neutron	pi+	0.0000E+00	2.1110E-03	7.0207E-02	1.1070E-03
1.6316E+00	1.0668E-01	7.4255E-01	3.3069E-01	6.7112E-01	AUT	neutron	pi+	0.0000E+00	2.2380E-03	7.0207E-02	1.1490E-03
1.0838E+00	6.9491E-02	7.5741E-01	3.7176E-01	3.3861E-01	AUT	neutron	pi+	0.0000E+00	2.5390E-03	7.0207E-02	1.0940E-03
1.1407E+00	7.8535E-02	7.0383E-01	3.7362E-01	3.1884E-01	AUT	neutron	pi+	0.0000E+00	2.2240E-03	7.0207E-02	1.1080E-03
1.2051E+00	8.4643E-02	6.8975E-01	3.7544E-01	3.1245E-01	AUT	neutron	pi+	0.0000E+00	2.2970E-03	7.0207E-02	1.1170E-03
1.2851E+00	9.0684E-02	6.8654E-01	3.7564E-01	3.0873E-01	AUT	neutron	pi+	0.0000E+00	2.1930E-03	7.0207E-02	1.1270E-03
1.3723E+00	9.7315E-02	6.8315E-01	3.7578E-01	3.0505E-01	AUT	neutron	pi+	0.0000E+00	2.1600E-03	7.0207E-02	1.1370E-03
1.4633E+00	1.0416E-01	6.8061E-01	3.7599E-01	3.0112E-01	AUT	neutron	pi+	0.0000E+00	2.2630E-03	7.0207E-02	1.1490E-03
1.5582E+00	1.1144E-01	6.7738E-01	3.7610E-01	2.9716E-01	AUT	neutron	pi+	0.0000E+00	2.2290E-03	7.0207E-02	1.1610E-03
1.6610E+00	1.1943E-01	6.7378E-01	3.7627E-01	2.9299E-01	AUT	neutron	pi+	0.0000E+00	2.2990E-03	7.0207E-02	1.1750E-03
1.7658E+00	1.2847E-01	6.6596E-01	3.7667E-01	2.8730E-01	AUT	neutron	pi+	0.0000E+00	2.2580E-03	7.0207E-02	1.1920E-03
1.8641E+00	1.4120E-01	6.3997E-01	3.7917E-01	2.7560E-01	AUT	neutron	pi+	0.0000E+00	2.3480E-03	7.0207E-02	1.2160E-03
1.9444E+00	1.5660E-01	6.0170E-01	3.8904E-01	2.5699E-01	AUT	neutron	pi+	0.0000E+00	6.8770E-03	7.0207E-02	1.2470E-03
1.0631E+00	6.3238E-02	8.1553E-01	3.7288E-01	5.0332E-01	AUT	neutron	pi+	0.0000E+00	2.0480E-03	7.0207E-02	1.0840E-03
1.1130E+00	7.0524E-02	7.6478E-01	3.7326E-01	4.9918E-01	AUT	neutron	pi+	0.0000E+00	2.1440E-03	7.0207E-02	1.0960E-03
1.1508E+00	7.5535E-02	7.3817E-01	3.7362E-01	4.9622E-01	AUT	neutron	pi+	0.0000E+00	2.2210E-03	7.0207E-02	1.1030E-03
1.1953E+00	8.0186E-02	7.2221E-01	3.7454E-01	4.9397E-01	AUT	neutron	pi+	0.0000E+00	2.2020E-03	7.0207E-02	1.1110E-03
1.2556E+00	8.5152E-02	7.1436E-01	3.7525E-01	4.9253E-01	AUT	neutron	pi+	0.0000E+00	2.2470E-03	7.0207E-02	1.1180E-03
1.3287E+00	9.0647E-02	7.1014E-01	3.7536E-01	4.9153E-01	AUT	neutron	pi+	0.0000E+00	2.2890E-03	7.0207E-02	1.1270E-03
1.4070E+00	9.6627E-02	7.0544E-01	3.7556E-01	4.9022E-01	AUT	neutron	pi+	0.0000E+00	2.4090E-03	7.0207E-02	1.1360E-03
1.4977E+00	1.0344E-01	7.0149E-01	3.7567E-01	4.8911E-01	AUT	neutron	pi+	0.0000E+00	2.4500E-03	7.0207E-02	1.1480E-03
1.6033E+00	1.1163E-01	6.9588E-01	3.7585E-01	4.8760E-01	AUT	neutron	pi+	0.0000E+00	2.5880E-03	7.0207E-02	1.1620E-03
1.7314E+00	1.2179E-01	6.8879E-01	3.7614E-01	4.8607E-01	AUT	neutron	pi+	0.0000E+00	2.8090E-03	7.0207E-02	1.1800E-03
1.8571E+00	1.3745E-01	6.5574E-01	3.7869E-01	4.8327E-01	AUT	neutron	pi+	0.0000E+00	4.1230E-03	7.0207E-02	1.2090E-03
1.0815E+00	6.4733E-02	8.1093E-01	3.7466E-01	6.7924E-01	AUT	neutron	pi+	0.0000E+00	2.0700E-03	7.0207E-02	1.0870E-03
1.1810E+00	7.6131E-02	7.5199E-01	3.7529E-01	6.7600E-01	AUT	neutron	pi+	0.0000E+00	2.1140E-03	7.0207E-02	1.1040E-03
1.3057E+00	8.7298E-02	7.2476E-01	3.7634E-01	6.7615E-01	AUT	neutron	pi+	0.0000E+00	2.2020E-03	7.0207E-02	1.1220E-03
1.4907E+00	1.0211E-01	7.0751E-01	3.7657E-01	6.7755E-01	AUT	neutron	pi+	0.0000E+00	2.2540E-03	7.0207E-02	1.1460E-03
1.7605E+00	1.2661E-01	6.7550E-01	3.7768E-01	6.8042E-01	AUT	neutron	pi+	0.0000E+00	2.5090E-03	7.0207E-02	1.1890E-03
1.3716E+00	9.1000E-02	7.4231E-01	3.7879E-01	8.6173E-01	AUT	neutron	pi+	0.0000E+00	2.8420E-03	7.0207E-02	1.1280E-03
1.3727E+00	1.1175E-01	5.9550E-01	4.2530E-01	1.5704E-01	AUT	neutron	pi+	0.0000E+00	2.7180E-03	7.0207E-02	1.1660E-03
1.7975E+00	1.5161E-01	5.7564E-01	4.2806E-01	1.3912E-01	AUT	neutron	pi+	0.0000E+00	2.9850E-03	7.0207E-02	1.2410E-03
1.1034E+00	7.5196E-02	7.1292E-01	4.2215E-01	3.3554E-01	AUT	neutron	pi+	0.0000E+00	2.4800E-03	7.0207E-02	1.1060E-03
1.1749E+00	8.6122E-02	6.6107E-01	4.2294E-01	3.2069E-01	AUT	neutron	pi+	0.0000E+00	2.2190E-03	7.0207E-02	1.1230E-03
1.2537E+00	9.3841E-02	6.4728E-01	4.2352E-01	3.1728E-01	AUT	neutron	pi+	0.0000E+00	2.1890E-03	7.0207E-02	1.1350E-03
1.3337E+00	1.0119E-01	6.3860E-01	4.2427E-01	3.1473E-01	AUT	neutron	pi+	0.0000E+00	2.1670E-03	7.0207E-02	1.1480E-03
1.4222E+00	1.0870E-01	6.3385E-01	4.2491E-01	3.1277E-01	AUT	neutron	pi+	0.0000E+00	2.2020E-03	7.0207E-02	1.1610E-03
1.5189E+00	1.1658E-01	6.3118E-01	4.2509E-01	3.1086E-01	AUT	neutron	pi+	0.0000E+00	2.2650E-03	7.0207E-02	1.1750E-03
1.6216E+00	1.2515E-01	6.2774E-01	4.2512E-01	3.0909E-01	AUT	neutron	pi+	0.0000E+00	2.2890E-03	7.0207E-02	1.1900E-03
1.7131E+00	1.3533E-01	6.1336E-01	4.2546E-01	3.0655E-01	AUT	neutron	pi+	0.0000E+00	2.3190E-03	7.0207E-02	1.2100E-03
1.8156E+00	1.5007E-01	5.8649E-01	4.2653E-01	3.0205E-01	AUT	neutron	pi+	0.0000E+00	2.4740E-03	7.0207E-02	1.2380E-03
1.9172E+00	1.6857E-01	5.5133E-01	4.3185E-01	2.9332E-01	AUT	neutron	pi+	0.0000E+00	5.6950E-03	7.0207E-02	1.2750E-03
1.0764E+00	6.5546E-02	7.9720E-01	4.2303E-01	5.0606E-01	AUT	neutron	pi+	0.0000E+00	2.0890E-03	7.0207E-02	1.0910E-03
1.1360E+00	7.4554E-02	7.3844E-01	4.2343E-01	5.0069E-01	AUT	neutron	pi+	0.0000E+00	2.1240E-03	7.0207E-02	1.1050E-03
1.1808E+00	8.1007E-02	7.0632E-01	4.2364E-01	4.9682E-01	AUT	neutron	pi+	0.0000E+00	2.1570E-03	7.0207E-02	1.1150E-03
1.2326E+00	8.6838E-02	6.8769E-01	4.2385E-01	4.9412E-01	AUT	neutron	pi+	0.0000E+00	2.2640E-03	7.0207E-02	1.1240E-03
1.2951E+00	9.2579E-02	6.7777E-01	4.2408E-01	4.9285E-01	AUT	neutron	pi+	0.0000E+00	2.3670E-03	7.0207E-02	1.1340E-03
1.3633E+00	9.8602E-02	6.6983E-01	4.2441E-01	4.9166E-01	AUT	neutron	pi+	0.0000E+00	2.4420E-03	7.0207E-02	1.1430E-03
1.4421E+00	1.0527E-01	6.6364E-01	4.2485E-01	4.9084E-01	AUT	neutron	pi+	0.0000E+00	2.5330E-03	7.0207E-02	1.1550E-03
1.5348E+00	1.1298E-01	6.5816E-01	4.2507E-01	4.8988E-01	AUT	neutron	pi+	0.0000E+00	2.6250E-03	7.0207E-02	1.1690E-03
1.6455E+00	1.2212E-01	6.5281E-01	4.2514E-01	4.8894E-01	AUT	neutron	pi+	0.0000E+00	2.8010E-03	7.0207E-02	1.1850E-03
1.7460E+00	1.3375E-01	6.3275E-01	4.2559E-01	4.8622E-01	AUT	neutron	pi+	0.0000E+00	3.3710E-03	7.0207E-02	1.2070E-03
1.8451E+00	1.5316E-01	5.8481E-01	4.2783E-01	4.8522E-01	AUT	neutron	pi+	0.0000E+00	8.8120E-03	7.0207E-02	1.2450E-03
1.0842E+00	6.5615E-02	8.0227E-01	4.2402E-01	6.8969E-01	AUT	neutron	pi+	0.0000E+00	2.1740E-03	7.0207E-02	1.0910E-03
1.1810E+00	7.7326E-02	7.4043E-01	4.2449E-01	6.8468E-01	AUT	neutron	pi+	0.0000E+00	2.2510E-03	7.0207E-02	1.1090E-03
1.2791E+00	8.8100E-02	7.0361E-01	4.2462E-01	6.8360E-01	AUT	neutron	pi+	0.0000E+00	2.3660E-03	7.0207E-02	1.1260E-03
1.4100E+00	1.0050E-01	6.7994E-01	4.2514E-01	6.8343E-01	AUT	neutron	pi+	0.0000E+00	2.4510E-03	7.0207E-02	1.1470E-03
1.5972E+00	1.1750E-01	6.5887E-01	4.2566E-01	6.8405E-01	AUT	neutron	pi+	0.0000E+00	2.6780E-03	7.0207E-02	1.1770E-03
1.7869E+00	1.4366E-01	6.0476E-01	4.2689E-01	6.8669E-01	AUT	neutron	pi+	0.0000E+00	3.5290E-03	7.0207E-02	1.2260E-03
1.2443E+00	8.2302E-02	7.4102E-01	4.2650E-01	8.6880E-01	AUT	neutron	pi+	0.0000E+00	2.1460E-03	7.0207E-02	1.1170E-03
1.6909E+00	1.2921E-01	6.3800E-01	4.2766E-01	8.6917E-01	AUT	neutron	pi+	0.0000E+00	4.6030E-03	7.0207E-02	1.1990E-03
1.3576E+00	1.1736E-01	5.6203E-01	4.7392E-01	1.4961E-01	AUT	neutron	pi+	0.0000E+00	2.4230E-03	7.0207E-02	1.1800E-03
1.7358E+00	1.5895E-01	5.3053E-01	4.7656E-01	1.3240E-01	AUT	neutron	pi+	0.0000E+00	2.4190E-03	7.0207E-02	1.2610E-03
1.9517E+00	1.9778E-01	4.7817E-01	4.8789E-01	1.2702E-01	AUT	neutron	pi+	0.0000E+00	1.5222E-02	7.0207E-02	1.3420E-03
1.1190E+00	8.0219E-02	6.7785E-01	4.7254E-01	3.3199E-01	AUT	neutron	pi+	0.0000E+00	2.6000E-03	7.0207E-02	1.1160E-03
1.2363E+00	9.3940E-02	6.3776E-01	4.7313E-01	3.1946E-01	AUT	neutron	pi+	0.0000E+00	2.2650E-03	7.0207E-02	1.1390E-03
1.3359E+00	1.0452E-01	6.1931E-01	4.7328E-01	3.1526E-01	AUT	neutron	pi+	0.0000E+00	2.2090E-03	7.0207E-02	1.1570E-03
1.4234E+00	1.1422E-01	6.0382E-01	4.7352E-01	3.1149E-01	AUT	neutron	pi+	0.0000E+00	2.2430E-03	7.0207E-02	1.1740E-03
1.5133E+00	1.2366E-01	5.9294E-01	4.7416E-01	3.0826E-01	AUT	neutron	pi+	0.0000E+00	2.2730E-03	7.0207E-02	1.1920E-03
1.6011E+00	1.3376E-01	5.7999E-01	4.7477E-01	3.0502E-01	AUT	neutron	pi+	0.0000E+00	2.3390E-03	7.0207E-02	1.2110E-03
1.6934E+00	1.4605E-01	5.6188E-01	4.7515E-01	3.0200E-01	AUT	neutron	pi+	0.0000E+00	2.4960E-03	7.0207E-02	1.2360E-03
1.8105E+00	1.6533E-01	5.3116E-01	4.7620E-01	2.9542E-01	AUT	neutron	pi+	0.0000E+00	2.9190E-03	7.0207E-02	1.2740E-03
1.9289E+00	1.9042E-01	4.9098E-01	4.8212E-01	2.8888E-01	AUT	neutron	pi+	0.0000E+00	1.5840E-02	7.0207E-02	1.3260E-03
1.0935E+00	6.8806E-02	7.7211E-01	4.7300E-01	5.0937E-01	AUT	neutron	pi+	0.0000E+00	2.1150E-03	7.0207E-02	1.0980E-03
1.1640E+00	7.9935E-02	7.0583E-01	4.7356E-01	5.0139E-01	AUT	neutron	pi+	0.0000E+00	2.1030E-03	7.0207E-02	1.1160E-03
1.2304E+00	8.7891E-02	6.7828E-01	4.7379E-01	4.9742E-01	AUT	neutron	pi+	0.0000E+00	2.1960E-03	7.0207E-02	1.1290E-03
1.3095E+00	9.5627E-02	6.6348E-01	4.7389E-01	4.9538E-01	AUT	neutron	pi+	0.0000E+00	2.2580E-03	7.0207E-02	1.1420E-03
1.3932E+00	1.0374E-01	6.5069E-01	4.7396E-01	4.9352E-01	AUT	neutron	pi+	0.0000E+00	2.3710E-03	7.0207E-02	1.1560E-03
1.4810E+00	1.1262E-01	6.3719E-01	4.7410E-01	4.9211E-01	AUT	neutron	pi+	0.0000E+00	2.5120E-03	7.0207E-02	1.1720E-03
1.5807E+00	1.2246E-01	6.2538E-01	4.7442E-01	4.9094E-01	AUT	neutron	pi+	0.0000E+00	2.7410E-03	7.0207E-02	1.1900E-03
1.6685E+00	1.3406E-01	6.0324E-01	4.7495E-01	4.8883E-01	AUT	neutron	pi+	0.0000E+00	3.2310E-03	7.0207E-02	1.2130E-03
1.7669E+00	1.5381E-01	5.5768E-01	4.7584E-01	4.8668E-01	AUT	neutron	pi+	0.0000E+00	6.2410E-03	7.0207E-02	1.2510E-03
1.8989E+00	1.8365E-01	5.0134E-01	4.7972E-01	4.8879E-01	AUT	neutron	pi+	0.0000E+00	3.3598E-02	7.0207E-02	1.3120E-03
1.0966E+00	6.7767E-02	7.8628E-01	4.7385E-01	6.9337E-01	AUT	neutron	pi+	0.0000E+00	2.1960E-03	7.0207E-02	1.0960E-03
1.2037E+00	8.1100E-02	7.1956E-01	4.7429E-01	6.8804E-01	AUT	neutron	pi+	0.0000E+00	2.4160E-03	7.0207E-02	1.1180E-03
1.3284E+00	9.3589E-02	6.8795E-01	4.7441E-01	6.8653E-01	AUT	neutron	pi+	0.0000E+00	2.6560E-03	7.0207E-02	1.1390E-03
1.4759E+00	1.0882E-01	6.5755E-01	4.7448E-01	6.8573E-01	AUT	neutron	pi+	0.0000E+00	2.8910E-03	7.0207E-02	1.1650E-03
1.6404E+00	1.3035E-01	6.1106E-01	4.7519E-01	6.8596E-01	AUT	neutron	pi+	0.0000E+00	3.4360E-03	7.0207E-02	1.2050E-03
1.7977E+00	1.6306E-01	5.3571E-01	4.7681E-01	6.8813E-01	AUT	neutron	pi+	0.0000E+00	6.2200E-03	7.0207E-02	1.2700E-03
1.1924E+00	7.7433E-02	7.5245E-01	4.7557E-01	8.7543E-01	AUT	neutron	pi+	0.0000E+00	2.1350E-03	7.0207E-02	1.1120E-03
1.5801E+00	1.2477E-01	6.2208E-01	4.7611E-01	8.7556E-01	AUT	neutron	pi+	0.0000E+00	2.4940E-03	7.0207E-02	1.1950E-03
1.3917E+00	9.7269E-02	7.1339E-01	4.7814E-01	1.0683E+00	AUT	neutron	pi+	0.0000E+00	4.9500E-03	7.0207E-02	1.1460E-03
1.4099E+00	1.2695E-01	5.4048E-01	5.2342E-01	1.4351E-01	AUT	neutron	pi+	0.0000E+00	2.3410E-03	7.0207E-02	1.2030E-03
1.7193E+00	1.7056E-01	4.8962E-01	5.2566E-01	1.2859E-01	AUT	neutron	pi+	0.0000E+00	2.4980E-03	7.0207E-02	1.2910E-03
1.9266E+00	2.0961E-01	4.4549E-01	5.3122E-01	1.2507E-01	AUT	neutron	pi+	0.0000E+00	9.3900E-03	7.0207E-02	1.3730E-03
1.1556E+00	8.6411E-02	6.4980E-01	5.2287E-01	3.2845E-01	AUT	neutron	pi+	0.0000E+00	2.5020E-03	7.0207E-02	1.1300E-03
1.3240E+00	1.0468E-01	6.1303E-01	5.2329E-01	3.1704E-01	AUT	neutron	pi+	0.0000E+00	2.2440E-03	7.0207E-02	1.1620E-03
1.4491E+00	1.1894E-01	5.9039E-01	5.2350E-01	3.1206E-01	AUT	neutron	pi+	0.0000E+00	2.2430E-03	7.0207E-02	1.1880E-03
1.5458E+00	1.3190E-01	5.6799E-01	5.2363E-01	3.0674E-01	AUT	neutron	pi+	0.0000E+00	2.3720E-03	7.0207E-02	1.2130E-03
1.6229E+00	1.4567E-01	5.3997E-01	5.2413E-01	3.0192E-01	AUT	neutron	pi+	0.0000E+00	2.4990E-03	7.0207E-02	1.2410E-03
1.7247E+00	1.6413E-01	5.0945E-01	5.2509E-01	2.9636E-01	AUT	neutron	pi+	0.0000E+00	2.9910E-03	7.0207E-02	1.2780E-03
1.8531E+00	1.9104E-01	4.7074E-01	5.2705E-01	2.9123E-01	AUT	neutron	pi+	0.0000E+00	7.6650E-03	7.0207E-02	1.3340E-03
1.1110E+00	7.2413E-02	7.4600E-01	5.2314E-01	5.1145E-01	AUT	neutron	pi+	0.0000E+00	2.2080E-03	7.0207E-02	1.1060E-03
1.2005E+00	8.5715E-02	6.7883E-01	5.2364E-01	5.0196E-01	AUT	neutron	pi+	0.0000E+00	2.1390E-03	7.0207E-02	1.1290E-03
1.3035E+00	9.6280E-02	6.5608E-01	5.2379E-01	4.9833E-01	AUT	neutron	pi+	0.0000E+00	2.1800E-03	7.0207E-02	1.1470E-03
1.4085E+00	1.0692E-01	6.3830E-01	5.2396E-01	4.9551E-01	AUT	neutron	pi+	0.0000E+00	2.3370E-03	7.0207E-02	1.1660E-03
1.5194E+00	1.1842E-01	6.2175E-01	5.2405E-01	4.9354E-01	AUT	neutron	pi+	0.0000E+00	2.4980E-03	7.0207E-02	1.1880E-03
1.6189E+00	1.3150E-01	5.9672E-01	5.2416E-01	4.9149E-01	AUT	neutron	pi+	0.0000E+00	2.9020E-03	7.0207E-02	1.2130E-03
1.6890E+00	1.4955E-01	5.4795E-01	5.2478E-01	4.8832E-01	AUT	neutron	pi+	0.0000E+00	4.4470E-03	7.0207E-02	1.2490E-03
1.8042E+00	1.8045E-01	4.8584E-01	5.2646E-01	4.8938E-01	AUT	neutron	pi+	0.0000E+00	1.6748E-02	7.0207E-02	1.3120E-03
1.1117E+00	7.0291E-02	7.6922E-01	5.2391E-01	6.9455E-01	AUT	neutron	pi+	0.0000E+00	2.1700E-03	7.0207E-02	1.1030E-03
1.2432E+00	8.6188E-02	6.9928E-01	5.2432E-01	6.8881E-01	AUT	neutron	pi+	0.0000E+00	2.4270E-03	7.0207E-02	1.1300E-03
1.4081E+00	1.0208E-01	6.6871E-01	5.2445E-01	6.8737E-01	AUT	neutron	pi+	0.0000E+00	2.8220E-03	7.0207E-02	1.1580E-03
1.5882E+00	1.2267E-01	6.2825E-01	5.2452E-01	6.8580E-01	AUT	neutron	pi+	0.0000E+00	3.4640E-03	7.0207E-02	1.1960E-03
1.7133E+00	1.5885E-01	5.2672E-01	5.2556E-01	6.8678E-01	AUT	neutron	pi+	0.0000E+00	5.4640E-03	7.0207E-02	1.2670E-03
1.1819E+00	7.6858E-02	7.5067E-01	5.2490E-01	8.8300E-01	AUT	neutron	pi+	0.0000E+00	2.2240E-03	7.0207E-02	1.1140E-03
1.5226E+00	1.1922E-01	6.2567E-01	5.2504E-01	8.8201E-01	AUT	neutron	pi+	0.0000E+00	2.3330E-03	7.0207E-02	1.1890E-03
1.7797E+00	1.7555E-01	4.9258E-01	5.2598E-01	8.7853E-01	AUT	neutron	pi+	0.0000E+00	1.0735E-02	7.0207E-02	1.3020E-03
1.3801E+00	9.8375E-02	7.0070E-01	5.2675E-01	1.0862E+00	AUT	neutron	pi+	0.0000E+00	3.2410E-03	7.0207E-02	1.1510E-03
1.4687E+00	1.3710E-01	5.2222E-01	5.7351E-01	1.3859E-01	AUT	neutron	pi+	0.0000E+00	2.3710E-03	7.0207E-02	1.2290E-03
1.7443E+00	1.8830E-01	4.5061E-01	5.7530E-01	1.2676E-01	AUT	neutron	pi+	0.0000E+00	2.7330E-03	7.0207E-02	1.3360E-03
1.1979E+00	9.2495E-02	6.2938E-01	5.7311E-01	3.2618E-01	AUT	neutron	pi+	0.0000E+00	2.5110E-03	7.0207E-02	1.1440E-03
1.4092E+00	1.1571E-01	5.9040E-01	5.7350E-01	3.1481E-01	AUT	neutron	pi+	0.0000E+00	2.2850E-03	7.0207E-02	1.1870E-03
1.5462E+00	1.3403E-01	5.5927E-01	5.7369E-01	3.0805E-01	AUT	neutron	pi+	0.0000E+00	2.3570E-03	7.0207E-02	1.2240E-03
1.6397E+00	1.5334E-01	5.1856E-01	5.7389E-01	3.0107E-01	AUT	neutron	pi+	0.0000E+00	2.6510E-03	7.0207E-02	1.2640E-03
1.7488E+00	1.8237E-01	4.6582E-01	5.7499E-01	2.9382E-01	AUT	neutron	pi+	0.0000E+00	4.0890E-03	7.0207E-02	1.3240E-03
1.9019E+00	2.2227E-01	4.1486E-01	5.7891E-01	2.9151E-01	AUT	neutron	pi+	0.0000E+00	1.3589E-02	7.0207E-02	1.4090E-03
1.1289E+00	7.6689E-02	7.1627E-01	5.7322E-01	5.1178E-01	AUT	neutron	pi+	0.0000E+00	2.2470E-03	7.0207E-02	1.1170E-03
1.2586E+00	9.2770E-02	6.5758E-01	5.7371E-01	5.0255E-01	AUT	neutron	pi+	0.0000E+00	2.1940E-03	7.0207E-02	1.1450E-03
1.3911E+00	1.0652E-01	6.3290E-01	5.7385E-01	4.9815E-01	AUT	neutron	pi+	0.0000E+00	2.2740E-03	7.0207E-02	1.1700E-03
1.5274E+00	1.2112E-01	6.1116E-01	5.7406E-01	4.9528E-01	AUT	neutron	pi+	0.0000E+00	2.4770E-03	7.0207E-02	1.1990E-03
1.6380E+00	1.3850E-01	5.7358E-01	5.7422E-01	4.9206E-01	AUT	neutron	pi+	0.0000E+00	2.9940E-03	7.0207E-02	1.2340E-03
1.7154E+00	1.6872E-01	4.9501E-01	5.7469E-01	4.8934E-01	AUT	neutron	pi+	0.0000E+00	7.2100E-03	7.0207E-02	1.2960E-03
1.8687E+00	2.1400E-01	4.2359E-01	5.7762E-01	4.9095E-01	AUT	neutron	pi+	0.0000E+00	2.4342E-02	7.0207E-02	1.3920E-03
1.1281E+00	7.3221E-02	7.5021E-01	5.7390E-01	6.9613E-01	AUT	neutron	pi+	0.0000E+00	2.1280E-03	7.0207E-02	1.1110E-03
1.2892E+00	9.1813E-02	6.8074E-01	5.7434E-01	6.9039E-01	AUT	neutron	pi+	0.0000E+00	2.4620E-03	7.0207E-02	1.1440E-03
1.4918E+00	1.1162E-01	6.4810E-01	5.7449E-01	6.8830E-01	AUT	neutron	pi+	0.0000E+00	2.8970E-03	7.0207E-02	1.1810E-03
1.6557E+00	1.4228E-01	5.6784E-01	5.7457E-01	6.8686E-01	AUT	neutron	pi+	0.0000E+00	4.8470E-03	7.0207E-02	1.2420E-03
1.7775E+00	1.9083E-01	4.5273E-01	5.7547E-01	6.8532E-01	AUT	neutron	pi+	0.0000E+00	1.2071E-02	7.0207E-02	1.3420E-03
1.1916E+00	7.8540E-02	7.4080E-01	5.7454E-01	8.8760E-01	AUT	neutron	pi+	0.0000E+00	2.3400E-03	7.0207E-02	1.1200E-03
1.5553E+00	1.2547E-01	6.1038E-01	5.7455E-01	8.8416E-01	AUT	neutron	pi+	0.0000E+00	2.6980E-03	7.0207E-02	1.2070E-03
1.8586E+00	1.9315E-01	4.6663E-01	5.7144E-01	8.5772E-01	AUT	neutron	pi+	0.0000E+00	2.7818E-02	7.0207E-02	1.3480E-03
1.3609E+00	9.5853E-02	7.0612E-01	5.7578E-01	1.1004E+00	AUT	neutron	pi+	0.0000E+00	2.6100E-03	7.0207E-02	1.1510E-03
1.5263E+00	1.4873E-01	5.0183E-01	6.2360E-01	1.3510E-01	AUT	neutron	pi+	0.0000E+00	2.4070E-03	7.0207E-02	1.2610E-03
1.7702E+00	2.0583E-01	4.1824E-01	6.2483E-01	1.2604E-01	AUT	neutron	pi+	0.0000E+00	3.5860E-03	7.0207E-02	1.3850E-03
1.2503E+00	9.9498E-02	6.1101E-01	6.2327E-01	3.2368E-01	AUT	neutron	pi+	0.0000E+00	2.4710E-03	7.0207E-02	1.1620E-03
1.5005E+00	1.2892E-01	5.6458E-01	6.2363E-01	3.1156E-01	AUT	neutron	pi+	0.0000E+00	2.3320E-03	7.0207E-02	1.2210E-03
1.6361E+00	1.5503E-01	5.1219E-01	6.2387E-01	3.0203E-01	AUT	neutron	pi+	0.0000E+00	2.6400E-03	7.0207E-02	1.2770E-03
1.7608E+00	1.9733E-01	4.3535E-01	6.2488E-01	2.9313E-01	AUT	neutron	pi+	0.0000E+00	3.9010E-03	7.0207E-02	1.3660E-03
1.1555E+00	8.1551E-02	6.8965E-01	6.2331E-01	5.1157E-01	AUT	neutron	pi+	0.0000E+00	2.2710E-03	7.0207E-02	1.1290E-03
1.3369E+00	1.0207E-01	6.3504E-01	6.2373E-01	5.0220E-01	AUT	neutron	pi+	0.0000E+00	2.2140E-03	7.0207E-02	1.1680E-03
1.5095E+00	1.2091E-01	6.0519E-01	6.2396E-01	4.9729E-01	AUT	neutron	pi+	0.0000E+00	2.4170E-03	7.0207E-02	1.2060E-03
1.6462E+00	1.4366E-01	5.5627E-01	6.2415E-01	4.9296E-01	AUT	neutron	pi+	0.0000E+00	3.0580E-03	7.0207E-02	1.2530E-03
1.7433E+00	1.8671E-01	4.5645E-01	6.2434E-01	4.8912E-01	AUT	neutron	pi+	0.0000E+00	9.4410E-03	7.0207E-02	1.3430E-03
1.1425E+00	7.5944E-02	7.3321E-01	6.2383E-01	6.9778E-01	AUT	neutron	pi+	0.0000E+00	2.1710E-03	7.0207E-02	1.1190E-03
1.3428E+00	9.8079E-02	6.6396E-01	6.2425E-01	6.9167E-01	AUT	neutron	pi+	0.0000E+00	2.4340E-03	7.0207E-02	1.1600E-03
1.5829E+00	1.2434E-01	6.1830E-01	6.2443E-01	6.8908E-01	AUT	neutron	pi+	0.0000E+00	3.1680E-03	7.0207E-02	1.2130E-03
1.7130E+00	1.6678E-01	5.0219E-01	6.2374E-01	6.8356E-01	AUT	neutron	pi+	0.0000E+00	9.9740E-03	7.0207E-02	1.3010E-03
1.2097E+00	8.1057E-02	7.2925E-01	6.2448E-01	8.8884E-01	AUT	neutron	pi+	0.0000E+00	2.4350E-03	7.0207E-02	1.1290E-03
1.5885E+00	1.2715E-01	6.1303E-01	6.2421E-01	8.8271E-01	AUT	neutron	pi+	0.0000E+00	4.0170E-03	7.0207E-02	1.2190E-03
1.3411E+00	9.2486E-02	7.1696E-01	6.2502E-01	1.1123E+00	AUT	neutron	pi+	0.0000E+00	2.5220E-03	7.0207E-02	1.1500E-03
1.5824E+00	1.6241E-01	4.7910E-01	6.7365E-01	1.3295E-01	AUT	neutron	pi+	0.0000E+00	2.4900E-03	7.0207E-02	1.3000E-03
1.8165E+00	2.2718E-01	3.8801E-01	6.7253E-01	1.2387E-01	AUT	neutron	pi+	0.0000E+00	6.5500E-03	7.0207E-02	1.4450E-03
1.3117E+00	1.0765E-01	5.9304E-01	6.7334E-01	3.2088E-01	AUT	neutron	pi+	0.0000E+00	2.4250E-03	7.0207E-02	1.1850E-03
1.5860E+00	1.4573E-01	5.2873E-01	6.7369E-01	3.0684E-01	AUT	neutron	pi+	0.0000E+00	2.4690E-03	7.0207E-02	1.2660E-03
1.7418E+00	1.9312E-01	4.4061E-01	6.7321E-01	2.9270E-01	AUT	neutron	pi+	0.0000E+00	3.4960E-03	7.0207E-02	1.3700E-03
1.1952E+00	8.7368E-02	6.6599E-01	6.7335E-01	5.1098E-01	AUT	neutron	pi+	0.0000E+00	2.2690E-03	7.0207E-02	1.1450E-03
1.4352E+00	1.1398E-01	6.1067E-01	6.7380E-01	5.0104E-01	AUT	neutron	pi+	0.0000E+00	2.2950E-03	7.0207E-02	1.1990E-03
1.6271E+00	1.4188E-01	5.5716E-01	6.7402E-01	4.9489E-01	AUT	neutron	pi+	0.0000E+00	2.8200E-03	7.0207E-02	1.2590E-03
1.7486E+00	1.8314E-01	4.6523E-01	6.7288E-01	4.8567E-01	AUT	neutron	pi+	0.0000E+00	1.0985E-02	7.0207E-02	1.3490E-03
1.1698E+00	8.0158E-02	7.1195E-01	6.7382E-01	6.9911E-01	AUT	neutron	pi+	0.0000E+00	2.1670E-03	7.0207E-02	1.1320E-03
1.4286E+00	1.0782E-01	6.4281E-01	6.7419E-01	6.9239E-01	AUT	neutron	pi+	0.0000E+00	2.5350E-03	7.0207E-02	1.1870E-03
1.6806E+00	1.4627E-01	5.6217E-01	6.7361E-01	6.8507E-01	AUT	neutron	pi+	0.0000E+00	4.7990E-03	7.0207E-02	1.2690E-03
1.2362E+00	8.4386E-02	7.1655E-01	6.7432E-01	8.9000E-01	AUT	neutron	pi+	0.0000E+00	2.4360E-03	7.0207E-02	1.1400E-03
1.6386E+00	1.2787E-01	6.2486E-01	6.7365E-01	8.8002E-01	AUT	neutron	pi+	0.0000E+00	5.8460E-03	7.0207E-02	1.2300E-03
1.3225E+00	8.8390E-02	7.3501E-01	6.7411E-01	1.1182E+00	AUT	neutron	pi+	0.0000E+00	2.8810E-03	7.0207E-02	1.1480E-03
2.1244E+00	1.4378E-01	7.1664E-01	3.3312E-01	2.9053E-01	AUT	neutron	pi+	0.0000E+00	3.0040E-03	7.0207E-02	1.2150E-03
2.4336E+00	1.7181E-01	6.8673E-01	3.4056E-01	2.7461E-01	AUT	neutron	pi+	0.0000E+00	4.2970E-03	7.0207E-02	1.2700E-03
2.1378E+00	1.4433E-01	7.1861E-01	3.3336E-01	5.2854E-01	AUT	neutron	pi+	0.0000E+00	3.6680E-03	7.0207E-02	1.2160E-03
2.4781E+00	1.7531E-01	6.8524E-01	3.4118E-01	5.3316E-01	AUT	neutron	pi+	0.0000E+00	9.9190E-03	7.0207E-02	1.2770E-03
2.2803E+00	1.6970E-01	6.5257E-01	3.7714E-01	1.4823E-01	AUT	neutron	pi+	0.0000E+00	3.4120E-03	7.0207E-02	1.2710E-03
2.7391E+00	2.1379E-01	6.2126E-01	3.8296E-01	1.3316E-01	AUT	neutron	pi+	0.0000E+00	5.3700E-03	7.0207E-02	1.3580E-03
2.0937E+00	1.4423E-01	7.0415E-01	3.7316E-01	3.1087E-01	AUT	neutron	pi+	0.0000E+00	3.0820E-03	7.0207E-02	1.2220E-03
2.1834E+00	1.5912E-01	6.6489E-01	3.7536E-01	3.0687E-01	AUT	neutron	pi+	0.0000E+00	3.2130E-03	7.0207E-02	1.2510E-03
2.3122E+00	1.7242E-01	6.4971E-01	3.7771E-01	3.0404E-01	AUT	neutron	pi+	0.0000E+00	3.2670E-03	7.0207E-02	1.2770E-03
2.5163E+00	1.9066E-01	6.3951E-01	3.7899E-01	3.0025E-01	AUT	neutron	pi+	0.0000E+00	3.4530E-03	7.0207E-02	1.3130E-03
2.7845E+00	2.1704E-01	6.2198E-01	3.8288E-01	2.9442E-01	AUT	neutron	pi+	0.0000E+00	4.9040E-03	7.0207E-02	1.3650E-03
2.1012E+00	1.4410E-01	7.0738E-01	3.7434E-01	4.8485E-01	AUT	neutron	pi+	0.0000E+00	3.8690E-03	7.0207E-02	1.2220E-03
2.2497E+00	1.6436E-01	6.6341E-01	3.7693E-01	4.8240E-01	AUT	neutron	pi+	0.0000E+00	6.5460E-03	7.0207E-02	1.2610E-03
2.5835E+00	1.9673E-01	6.3718E-01	3.8025E-01	4.8407E-01	AUT	neutron	pi+	0.0000E+00	1.4355E-02	7.0207E-02	1.3240E-03
2.2761E+00	1.6534E-01	6.7038E-01	3.7694E-01	6.8344E-01	AUT	neutron	pi+	0.0000E+00	3.4310E-03	7.0207E-02	1.2630E-03
2.8332E+00	2.2254E-01	6.1714E-01	3.8437E-01	6.8665E-01	AUT	neutron	pi+	0.0000E+00	1.5640E-02	7.0207E-02	1.3760E-03
2.2099E+00	1.7346E-01	6.1922E-01	4.2424E-01	1.4251E-01	AUT	neutron	pi+	0.0000E+00	3.2220E-03	7.0207E-02	1.2860E-03
2.5279E+00	2.0915E-01	5.8573E-01	4.2672E-01	1.3037E-01	AUT	neutron	pi+	0.0000E+00	3.4560E-03	7.0207E-02	1.3570E-03
2.8195E+00	2.4405E-01	5.6028E-01	4.2992E-01	1.2655E-01	AUT	neutron	pi+	0.0000E+00	5.5040E-03	7.0207E-02	1.4260E-03
2.1134E+00	1.4868E-01	6.8985E-01	4.2321E-01	3.1171E-01	AUT	neutron	pi+	0.0000E+00	3.1030E-03	7.0207E-02	1.2380E-03
2.1972E+00	1.6665E-01	6.3896E-01	4.2351E-01	3.0610E-01	AUT	neutron	pi+	0.0000E+00	3.2360E-03	7.0207E-02	1.2730E-03
2.2751E+00	1.7961E-01	6.1374E-01	4.2462E-01	3.0146E-01	AUT	neutron	pi+	0.0000E+00	3.4000E-03	7.0207E-02	1.2990E-03
2.3947E+00	1.9274E-01	6.0196E-01	4.2585E-01	2.9847E-01	AUT	neutron	pi+	0.0000E+00	3.6690E-03	7.0207E-02	1.3250E-03
2.5646E+00	2.0878E-01	5.9513E-01	4.2610E-01	2.9567E-01	AUT	neutron	pi+	0.0000E+00	3.9520E-03	7.0207E-02	1.3570E-03
2.7807E+00	2.3485E-01	5.7440E-01	4.2809E-01	2.9063E-01	AUT	neutron	pi+	0.0000E+00	5.0470E-03	7.0207E-02	1.4080E-03
2.1143E+00	1.4689E-01	6.9851E-01	4.2411E-01	4.8988E-01	AUT	neutron	pi+	0.0000E+00	3.4150E-03	7.0207E-02	1.2350E-03
2.2375E+00	1.6847E-01	6.4383E-01	4.2455E-01	4.8414E-01	AUT	neutron	pi+	0.0000E+00	5.3760E-03	7.0207E-02	1.2770E-03
2.3963E+00	1.9023E-01	6.1050E-01	4.2599E-01	4.8491E-01	AUT	neutron	pi+	0.0000E+00	1.0293E-02	7.0207E-02	1.3200E-03
2.7001E+00	2.2453E-01	5.8369E-01	4.2762E-01	4.8643E-01	AUT	neutron	pi+	0.0000E+00	2.0399E-02	7.0207E-02	1.3870E-03
2.2063E+00	1.6365E-01	6.5718E-01	4.2478E-01	6.8494E-01	AUT	neutron	pi+	0.0000E+00	4.9700E-03	7.0207E-02	1.2670E-03
2.6139E+00	2.1579E-01	5.8810E-01	4.2734E-01	6.8575E-01	AUT	neutron	pi+	0.0000E+00	7.4840E-03	7.0207E-02	1.3700E-03
2.3661E+00	1.8393E-01	6.3051E-01	4.2735E-01	8.8841E-01	AUT	neutron	pi+	0.0000E+00	6.4610E-03	7.0207E-02	1.3050E-03
2.2177E+00	1.8096E-01	5.9611E-01	4.7340E-01	1.3805E-01	AUT	neutron	pi+	0.0000E+00	3.2920E-03	7.0207E-02	1.3080E-03
2.4256E+00	2.1437E-01	5.4832E-01	4.7544E-01	1.2826E-01	AUT	neutron	pi+	0.0000E+00	3.5010E-03	7.0207E-02	1.3760E-03
2.7175E+00	2.5281E-01	5.2177E-01	4.7699E-01	1.2632E-01	AUT	neutron	pi+	0.0000E+00	3.8390E-03	7.0207E-02	1.4520E-03
2.1364E+00	1.5401E-01	6.7370E-01	4.7331E-01	3.1188E-01	AUT	neutron	pi+	0.0000E+00	3.1340E-03	7.0207E-02	1.2550E-03
2.2361E+00	1.7609E-01	6.1550E-01	4.7362E-01	3.0525E-01	AUT	neutron	pi+	0.0000E+00	3.3070E-03	7.0207E-02	1.2990E-03
2.3160E+00	1.9203E-01	5.8446E-01	4.7388E-01	2.9947E-01	AUT	neutron	pi+	0.0000E+00	3.6160E-03	7.0207E-02	1.3310E-03
2.4288E+00	2.0748E-01	5.6717E-01	4.7490E-01	2.9619E-01	AUT	neutron	pi+	0.0000E+00	4.1060E-03	7.0207E-02	1.3630E-03
2.5989E+00	2.2662E-01	5.5573E-01	4.7538E-01	2.9345E-01	AUT	neutron	pi+	0.0000E+00	4.7920E-03	7.0207E-02	1.4010E-03
2.7692E+00	2.5780E-01	5.2133E-01	4.7729E-01	2.9026E-01	AUT	neutron	pi+	0.0000E+00	9.4490E-03	7.0207E-02	1.4620E-03
2.1310E+00	1.5047E-01	6.8764E-01	4.7394E-01	4.9333E-01	AUT	neutron	pi+	0.0000E+00	3.3000E-03	7.0207E-02	1.2480E-03
2.2711E+00	1.7560E-01	6.2708E-01	4.7438E-01	4.8620E-01	AUT	neutron	pi+	0.0000E+00	4.8560E-03	7.0207E-02	1.2990E-03
2.4054E+00	2.0030E-01	5.8219E-01	4.7487E-01	4.8611E-01	AUT	neutron	pi+	0.0000E+00	9.6720E-03	7.0207E-02	1.3480E-03
2.6662E+00	2.3921E-01	5.4173E-01	4.7660E-01	4.8769E-01	AUT	neutron	pi+	0.0000E+00	1.6978E-02	7.0207E-02	1.4250E-03
2.2137E+00	1.6611E-01	6.5056E-01	4.7466E-01	6.8317E-01	AUT	neutron	pi+	0.0000E+00	7.3890E-03	7.0207E-02	1.2790E-03
2.5644E+00	2.2606E-01	5.5182E-01	4.7617E-01	6.8550E-01	AUT	neutron	pi+	0.0000E+00	8.8600E-03	7.0207E-02	1.3980E-03
2.3641E+00	1.9197E-01	6.0672E-01	4.7567E-01	9.0870E-01	AUT	neutron	pi+	0.0000E+00	4.4540E-03	7.0207E-02	1.3280E-03
2.2433E+00	1.8948E-01	5.7631E-01	5.2346E-01	1.3471E-01	AUT	neutron	pi+	0.0000E+00	3.3550E-03	7.0207E-02	1.3340E-03
2.4207E+00	2.2718E-01	5.1653E-01	5.2453E-01	1.2734E-01	AUT	neutron	pi+	0.0000E+00	3.5950E-03	7.0207E-02	1.4120E-03
2.6846E+00	2.6948E-01	4.8375E-01	5.2584E-01	1.2559E-01	AUT	neutron	pi+	0.0000E+00	4.1140E-03	7.0207E-02	1.4960E-03
2.1596E+00	1.5985E-01	6.5673E-01	5.2345E-01	3.1198E-01	AUT	neutron	pi+	0.0000E+00	3.1890E-03	7.0207E-02	1.2750E-03
2.2764E+00	1.8620E-01	5.9264E-01	5.2376E-01	3.0407E-01	AUT	neutron	pi+	0.0000E+00	3.4560E-03	7.0207E-02	1.3290E-03
2.3771E+00	2.0599E-01	5.5929E-01	5.2392E-01	2.9813E-01	AUT	neutron	pi+	0.0000E+00	3.9700E-03	7.0207E-02	1.3700E-03
2.4936E+00	2.2658E-01	5.3336E-01	5.2459E-01	2.9499E-01	AUT	neutron	pi+	0.0000E+00	4.9000E-03	7.0207E-02	1.4110E-03
2.6494E+00	2.5825E-01	4.9783E-01	5.2561E-01	2.9117E-01	AUT	neutron	pi+	0.0000E+00	6.7530E-03	7.0207E-02	1.4740E-03
2.8479E+00	3.0437E-01	4.5364E-01	5.2921E-01	2.9079E-01	AUT	neutron	pi+	0.0000E+00	1.1500E-02	7.0207E-02	1.5660E-03
2.1492E+00	1.5461E-01	6.7535E-01	5.2392E-01	4.9564E-01	AUT	neutron	pi+	0.0000E+00	3.2810E-03	7.0207E-02	1.2640E-03
2.3114E+00	1.8391E-01	6.0954E-01	5.2430E-01	4.8807E-01	AUT	neutron	pi+	0.0000E+00	4.7990E-03	7.0207E-02	1.3250E-03
2.4495E+00	2.1376E-01	5.5583E-01	5.2453E-01	4.8764E-01	AUT	neutron	pi+	0.0000E+00	1.0162E-02	7.0207E-02	1.3860E-03
2.6492E+00	2.5933E-01	4.9688E-01	5.2608E-01	4.8933E-01	AUT	neutron	pi+	0.0000E+00	1.5323E-02	7.0207E-02	1.4760E-03
2.2272E+00	1.6841E-01	6.4616E-01	5.2472E-01	6.8396E-01	AUT	neutron	pi+	0.0000E+00	6.9610E-03	7.0207E-02	1.2920E-03
2.5380E+00	2.3699E-01	5.2233E-01	5.2541E-01	6.8579E-01	AUT	neutron	pi+	0.0000E+00	1.0021E-02	7.0207E-02	1.4300E-03
2.3487E+00	1.9270E-01	6.0180E-01	5.2477E-01	9.2156E-01	AUT	neutron	pi+	0.0000E+00	4.2250E-03	7.0207E-02	1.3390E-03
2.2735E+00	1.9853E-01	5.5798E-01	5.7352E-01	1.3283E-01	AUT	neutron	pi+	0.0000E+00	3.4150E-03	7.0207E-02	1.3640E-03
2.4626E+00	2.4531E-01	4.8704E-01	5.7415E-01	1.2690E-01	AUT	neutron	pi+	0.0000E+00	3.7050E-03	7.0207E-02	1.4610E-03
2.7063E+00	2.9503E-01	4.4538E-01	5.7532E-01	1.2574E-01	AUT	neutron	pi+	0.0000E+00	6.0090E-03	7.0207E-02	1.5620E-03
2.1848E+00	1.6634E-01	6.3908E-01	5.7359E-01	3.1180E-01	AUT	neutron	pi+	0.0000E+00	3.2600E-03	7.0207E-02	1.2970E-03
2.3250E+00	1.9792E-01	5.6956E-01	5.7378E-01	3.0228E-01	AUT	neutron	pi+	0.0000E+00	3.6730E-03	7.0207E-02	1.3640E-03
2.4458E+00	2.2377E-01	5.2992E-01	5.7396E-01	2.9645E-01	AUT	neutron	pi+	0.0000E+00	4.5240E-03	7.0207E-02	1.4180E-03
2.5389E+00	2.5624E-01	4.8073E-01	5.7489E-01	2.9176E-01	AUT	neutron	pi+	0.0000E+00	5.4140E-03	7.0207E-02	1.4840E-03
2.7380E+00	3.0637E-01	4.3380E-01	5.7652E-01	2.9359E-01	AUT	neutron	pi+	0.0000E+00	6.3960E-03	7.0207E-02	1.5850E-03
2.1702E+00	1.5930E-01	6.6248E-01	5.7387E-01	4.9719E-01	AUT	neutron	pi+	0.0000E+00	3.3240E-03	7.0207E-02	1.2830E-03
2.3596E+00	1.9416E-01	5.8963E-01	5.7425E-01	4.8955E-01	AUT	neutron	pi+	0.0000E+00	5.0730E-03	7.0207E-02	1.3570E-03
2.4903E+00	2.3385E-01	5.1751E-01	5.7450E-01	4.8954E-01	AUT	neutron	pi+	0.0000E+00	1.1711E-02	7.0207E-02	1.4390E-03
2.6726E+00	2.8994E-01	4.4778E-01	5.7574E-01	4.8840E-01	AUT	neutron	pi+	0.0000E+00	1.5079E-02	7.0207E-02	1.5510E-03
2.2395E+00	1.7067E-01	6.4143E-01	5.7457E-01	6.8566E-01	AUT	neutron	pi+	0.0000E+00	5.8370E-03	7.0207E-02	1.3060E-03
2.5220E+00	2.4146E-01	5.0951E-01	5.7417E-01	6.8288E-01	AUT	neutron	pi+	0.0000E+00	1.2524E-02	7.0207E-02	1.4520E-03
2.3384E+00	1.8747E-01	6.1443E-01	5.7429E-01	9.2739E-01	AUT	neutron	pi+	0.0000E+00	5.4640E-03	7.0207E-02	1.3390E-03
2.3064E+00	2.0818E-01	5.4053E-01	6.2364E-01	1.3163E-01	AUT	neutron	pi+	0.0000E+00	3.5310E-03	7.0207E-02	1.3970E-03
2.5392E+00	2.7383E-01	4.5154E-01	6.2405E-01	1.2809E-01	AUT	neutron	pi+	0.0000E+00	4.0100E-03	7.0207E-02	1.5340E-03
2.2140E+00	1.7394E-01	6.2008E-01	6.2353E-01	3.1073E-01	AUT	neutron	pi+	0.0000E+00	3.3120E-03	7.0207E-02	1.3250E-03
2.3867E+00	2.1283E-01	5.4391E-01	6.2387E-01	2.9998E-01	AUT	neutron	pi+	0.0000E+00	3.9900E-03	7.0207E-02	1.4090E-03
2.4789E+00	2.4998E-01	4.8153E-01	6.2413E-01	2.9350E-01	AUT	neutron	pi+	0.0000E+00	4.7580E-03	7.0207E-02	1.4870E-03
2.6315E+00	3.0160E-01	4.2358E-01	6.2392E-01	2.9297E-01	AUT	neutron	pi+	0.0000E+00	5.2770E-03	7.0207E-02	1.5930E-03
2.1967E+00	1.6518E-01	6.4739E-01	6.2390E-01	4.9790E-01	AUT	neutron	pi+	0.0000E+00	3.3880E-03	7.0207E-02	1.3060E-03
2.4188E+00	2.0833E-01	5.6384E-01	6.2416E-01	4.9053E-01	AUT	neutron	pi+	0.0000E+00	5.7520E-03	7.0207E-02	1.4000E-03
2.5551E+00	2.6407E-01	4.7113E-01	6.2330E-01	4.8543E-01	AUT	neutron	pi+	0.0000E+00	1.1768E-02	7.0207E-02	1.5150E-03
2.2644E+00	1.7590E-01	6.3034E-01	6.2446E-01	6.8748E-01	AUT	neutron	pi+	0.0000E+00	5.2990E-03	7.0207E-02	1.3290E-03
2.5702E+00	2.4300E-01	5.1408E-01	6.2311E-01	6.7940E-01	AUT	neutron	pi+	0.0000E+00	2.1706E-02	7.0207E-02	1.4730E-03
2.3223E+00	1.8061E-01	6.3150E-01	6.2393E-01	9.2393E-01	AUT	neutron	pi+	0.0000E+00	8.4910E-03	7.0207E-02	1.3380E-03
2.3461E+00	2.2064E-01	5.2024E-01	6.7360E-01	1.3078E-01	AUT	neutron	pi+	0.0000E+00	3.6130E-03	7.0207E-02	1.4380E-03
2.6032E+00	2.8704E-01	4.4008E-01	6.7206E-01	1.2667E-01	AUT	neutron	pi+	0.0000E+00	6.7370E-03	7.0207E-02	1.5830E-03
2.2451E+00	1.8237E-01	6.0052E-01	6.7359E-01	3.0940E-01	AUT	neutron	pi+	0.0000E+00	3.4180E-03	7.0207E-02	1.3560E-03
2.4401E+00	2.3119E-01	5.1260E-01	6.7384E-01	2.9719E-01	AUT	neutron	pi+	0.0000E+00	4.3390E-03	7.0207E-02	1.4640E-03
2.6069E+00	2.8073E-01	4.5070E-01	6.7154E-01	2.8892E-01	AUT	neutron	pi+	0.0000E+00	5.7820E-03	7.0207E-02	1.5690E-03
2.2299E+00	1.7242E-01	6.3053E-01	6.7382E-01	4.9814E-01	AUT	neutron	pi+	0.0000E+00	3.4940E-03	7.0207E-02	1.3340E-03
2.5074E+00	2.3095E-01	5.2896E-01	6.7336E-01	4.8837E-01	AUT	neutron	pi+	0.0000E+00	7.4500E-03	7.0207E-02	1.4630E-03
2.8356E+00	3.0000E-01	4.5810E-01	6.6659E-01	4.6132E-01	AUT	neutron	pi+	0.0000E+00	4.8330E-02	7.0207E-02	1.6120E-03
2.3130E+00	1.8313E-01	6.1957E-01	6.7399E-01	6.8723E-01	AUT	neutron	pi+	0.0000E+00	5.1800E-03	7.0207E-02	1.3570E-03
2.7497E+00	2.5353E-01	5.2594E-01	6.7023E-01	6.6828E-01	AUT	neutron	pi+	0.0000E+00	6.6640E-02	7.0207E-02	1.5150E-03
2.2988E+00	1.7278E-01	6.5101E-01	6.7330E-01	9.1215E-01	AUT	neutron	pi+	0.0000E+00	1.1936E-02	7.0207E-02	1.3340E-03
3.5973E+00	2.5926E-01	6.7231E-01	3.4431E-01	3.3425E-01	AUT	neutron	pi+	0.0000E+00	9.8250E-03	7.0207E-02	1.4350E-03
3.2361E+00	2.4410E-01	6.4251E-01	3.7899E-01	2.4100E-01	AUT	neutron	pi+	0.0000E+00	5.6970E-03	7.0207E-02	1.4160E-03
3.6479E+00	2.7253E-01	6.4838E-01	3.7744E-01	2.3524E-01	AUT	neutron	pi+	0.0000E+00	6.0370E-03	7.0207E-02	1.4690E-03
3.8796E+00	2.9656E-01	6.3413E-01	3.7944E-01	2.2435E-01	AUT	neutron	pi+	0.0000E+00	9.7730E-03	7.0207E-02	1.5130E-03
3.4886E+00	2.6123E-01	6.4697E-01	3.7836E-01	5.6426E-01	AUT	neutron	pi+	0.0000E+00	9.3960E-03	7.0207E-02	1.4470E-03
3.9125E+00	3.0498E-01	6.2172E-01	3.8318E-01	5.6814E-01	AUT	neutron	pi+	0.0000E+00	3.7839E-02	7.0207E-02	1.5290E-03
3.2499E+00	2.6138E-01	6.0319E-01	4.2475E-01	1.2839E-01	AUT	neutron	pi+	0.0000E+00	5.5080E-03	7.0207E-02	1.4590E-03
3.5628E+00	3.0340E-01	5.6989E-01	4.3019E-01	1.2588E-01	AUT	neutron	pi+	0.0000E+00	6.4010E-03	7.0207E-02	1.5390E-03
3.2082E+00	2.4963E-01	6.2322E-01	4.2397E-01	2.9549E-01	AUT	neutron	pi+	0.0000E+00	6.1370E-03	7.0207E-02	1.4370E-03
3.4512E+00	2.7688E-01	6.0389E-01	4.2612E-01	2.9280E-01	AUT	neutron	pi+	0.0000E+00	7.7110E-03	7.0207E-02	1.4890E-03
3.6380E+00	3.0857E-01	5.7219E-01	4.3035E-01	2.9030E-01	AUT	neutron	pi+	0.0000E+00	1.4660E-02	7.0207E-02	1.5490E-03
3.3350E+00	2.6287E-01	6.1554E-01	4.2554E-01	4.8554E-01	AUT	neutron	pi+	0.0000E+00	2.6308E-02	7.0207E-02	1.4620E-03
3.6311E+00	3.0917E-01	5.6999E-01	4.3085E-01	4.8674E-01	AUT	neutron	pi+	0.0000E+00	4.4732E-02	7.0207E-02	1.5500E-03
3.4009E+00	2.7478E-01	6.0188E-01	4.2707E-01	7.4470E-01	AUT	neutron	pi+	0.0000E+00	7.9560E-03	7.0207E-02	1.4840E-03
3.2567E+00	2.6785E-01	5.9026E-01	4.7352E-01	1.2849E-01	AUT	neutron	pi+	0.0000E+00	5.5800E-03	7.0207E-02	1.4830E-03
3.4031E+00	3.0912E-01	5.3386E-01	4.7530E-01	1.2556E-01	AUT	neutron	pi+	0.0000E+00	5.9220E-03	7.0207E-02	1.5620E-03
3.6961E+00	3.5616E-01	5.0315E-01	4.7862E-01	1.2257E-01	AUT	neutron	pi+	0.0000E+00	1.0075E-02	7.0207E-02	1.6560E-03
3.2297E+00	2.5428E-01	6.1605E-01	4.7380E-01	2.9813E-01	AUT	neutron	pi+	0.0000E+00	6.0920E-03	7.0207E-02	1.4580E-03
3.4117E+00	2.8507E-01	5.8013E-01	4.7403E-01	2.9339E-01	AUT	neutron	pi+	0.0000E+00	8.3510E-03	7.0207E-02	1.5170E-03
3.4839E+00	3.2161E-01	5.2547E-01	4.7667E-01	2.8989E-01	AUT	neutron	pi+	0.0000E+00	1.0915E-02	7.0207E-02	1.5870E-03
3.7962E+00	3.7275E-01	4.9368E-01	4.8141E-01	2.9024E-01	AUT	neutron	pi+	0.0000E+00	1.6317E-02	7.0207E-02	1.6920E-03
3.3270E+00	2.6622E-01	6.0691E-01	4.7437E-01	4.8604E-01	AUT	neutron	pi+	0.0000E+00	1.8463E-02	7.0207E-02	1.4810E-03
3.5199E+00	3.2627E-01	5.2418E-01	4.7722E-01	4.8800E-01	AUT	neutron	pi+	0.0000E+00	2.3364E-02	7.0207E-02	1.5960E-03
3.3932E+00	2.9056E-01	5.7082E-01	4.7553E-01	7.3320E-01	AUT	neutron	pi+	0.0000E+00	9.5820E-03	7.0207E-02	1.5250E-03
3.9473E+00	4.0797E-01	4.6875E-01	4.9268E-01	6.5244E-01	AUT	neutron	pi+	0.0000E+00	9.4511E-01	7.0207E-02	1.7760E-03
3.2797E+00	2.7616E-01	5.7712E-01	5.2357E-01	1.2859E-01	AUT	neutron	pi+	0.0000E+00	5.6820E-03	7.0207E-02	1.5130E-03
3.4272E+00	3.3221E-01	5.0066E-01	5.2438E-01	1.2478E-01	AUT	neutron	pi+	0.0000E+00	6.1260E-03	7.0207E-02	1.6240E-03
3.7512E+00	3.9201E-01	4.6401E-01	5.2678E-01	1.2928E-01	AUT	neutron	pi+	0.0000E+00	1.4847E-02	7.0207E-02	1.7540E-03
3.2586E+00	2.5992E-01	6.0827E-01	5.2383E-01	2.9936E-01	AUT	neutron	pi+	0.0000E+00	6.1230E-03	7.0207E-02	1.4820E-03
3.3965E+00	2.9855E-01	5.5204E-01	5.2406E-01	2.9245E-01	AUT	neutron	pi+	0.0000E+00	8.7060E-03	7.0207E-02	1.5580E-03
3.4739E+00	3.4673E-01	4.8593E-01	5.2551E-01	2.9140E-01	AUT	neutron	pi+	0.0000E+00	7.2280E-03	7.0207E-02	1.6540E-03
3.7870E+00	4.0383E-01	4.5465E-01	5.2888E-01	2.9654E-01	AUT	neutron	pi+	0.0000E+00	1.5397E-02	7.0207E-02	1.7830E-03
3.3397E+00	2.7058E-01	6.0000E-01	5.2434E-01	4.8741E-01	AUT	neutron	pi+	0.0000E+00	1.4341E-02	7.0207E-02	1.5030E-03
3.4919E+00	3.4607E-01	4.9077E-01	5.2569E-01	4.8838E-01	AUT	neutron	pi+	0.0000E+00	1.6753E-02	7.0207E-02	1.6520E-03
3.3734E+00	2.9225E-01	5.6522E-01	5.2449E-01	7.3841E-01	AUT	neutron	pi+	0.0000E+00	1.2027E-02	7.0207E-02	1.5440E-03
3.7909E+00	3.8963E-01	4.7147E-01	5.2294E-01	6.5150E-01	AUT	neutron	pi+	0.0000E+00	1.3179E-01	7.0207E-02	1.7470E-03
3.2990E+00	2.8727E-01	5.5920E-01	5.7365E-01	1.2867E-01	AUT	neutron	pi+	0.0000E+00	5.8120E-03	7.0207E-02	1.5520E-03
3.5037E+00	3.6175E-01	4.7075E-01	5.7401E-01	1.2940E-01	AUT	neutron	pi+	0.0000E+00	7.5250E-03	7.0207E-02	1.7070E-03
3.2883E+00	2.6645E-01	5.9909E-01	5.7384E-01	2.9990E-01	AUT	neutron	pi+	0.0000E+00	6.2450E-03	7.0207E-02	1.5110E-03
3.3784E+00	3.1741E-01	5.1701E-01	5.7399E-01	2.9233E-01	AUT	neutron	pi+	0.0000E+00	7.7110E-03	7.0207E-02	1.6130E-03
3.5447E+00	3.8191E-01	4.5057E-01	5.7456E-01	2.9670E-01	AUT	neutron	pi+	0.0000E+00	7.3930E-03	7.0207E-02	1.7530E-03
3.3460E+00	2.7602E-01	5.9024E-01	5.7423E-01	4.8903E-01	AUT	neutron	pi+	0.0000E+00	1.2083E-02	7.0207E-02	1.5300E-03
3.4772E+00	3.5640E-01	4.7404E-01	5.7362E-01	4.8372E-01	AUT	neutron	pi+	0.0000E+00	1.5771E-02	7.0207E-02	1.6950E-03
3.3814E+00	2.8953E-01	5.7150E-01	5.7388E-01	7.3242E-01	AUT	neutron	pi+	0.0000E+00	1.8760E-02	7.0207E-02	1.5560E-03
3.3284E+00	3.0148E-01	5.3941E-01	6.2363E-01	1.2857E-01	AUT	neutron	pi+	0.0000E+00	5.9650E-03	7.0207E-02	1.6000E-03
3.5788E+00	3.8226E-01	4.5412E-01	6.2272E-01	1.3356E-01	AUT	neutron	pi+	0.0000E+00	1.3683E-02	7.0207E-02	1.7810E-03
3.3076E+00	2.7483E-01	5.8503E-01	6.2389E-01	2.9944E-01	AUT	neutron	pi+	0.0000E+00	6.4390E-03	7.0207E-02	1.5460E-03
3.4260E+00	3.4542E-01	4.8221E-01	6.2344E-01	2.9463E-01	AUT	neutron	pi+	0.0000E+00	6.6350E-03	7.0207E-02	1.6950E-03
3.7496E+00	4.0958E-01	4.4360E-01	6.1843E-01	2.8526E-01	AUT	neutron	pi+	0.0000E+00	2.6277E-02	7.0207E-02	1.8490E-03
3.3503E+00	2.8550E-01	5.7333E-01	6.2410E-01	4.8996E-01	AUT	neutron	pi+	0.0000E+00	1.0915E-02	7.0207E-02	1.5680E-03
3.5736E+00	3.6285E-01	4.7735E-01	6.2108E-01	4.7339E-01	AUT	neutron	pi+	0.0000E+00	2.4634E-02	7.0207E-02	1.7340E-03
3.3822E+00	2.8077E-01	5.8765E-01	6.2327E-01	7.2659E-01	AUT	neutron	pi+	0.0000E+00	3.1030E-02	7.0207E-02	1.5580E-03
3.2862E+00	2.7261E-01	5.8558E-01	6.7368E-01	2.4333E-01	AUT	neutron	pi+	0.0000E+00	6.0270E-03	7.0207E-02	1.5620E-03
3.4003E+00	3.2730E-01	5.0431E-01	6.7311E-01	2.2699E-01	AUT	neutron	pi+	0.0000E+00	6.6070E-03	7.0207E-02	1.6800E-03
3.6955E+00	3.7778E-01	4.7403E-01	6.6869E-01	2.1096E-01	AUT	neutron	pi+	0.0000E+00	1.5177E-02	7.0207E-02	1.7990E-03
3.3567E+00	2.7634E-01	5.9140E-01	6.7352E-01	5.4726E-01	AUT	neutron	pi+	0.0000E+00	1.1146E-02	7.0207E-02	1.5700E-03
3.5798E+00	3.4198E-01	5.0732E-01	6.6823E-01	4.7733E-01	AUT	neutron	pi+	0.0000E+00	4.0395E-02	7.0207E-02	1.7130E-03
4.4412E+00	3.2055E-01	6.7128E-01	3.4455E-01	3.1615E-01	AUT	neutron	pi+	0.0000E+00	1.2326E-02	7.0207E-02	1.5460E-03
4.2821E+00	3.1946E-01	6.4973E-01	3.7623E-01	1.2738E-01	AUT	neutron	pi+	0.0000E+00	7.6680E-03	7.0207E-02	1.5550E-03
4.7099E+00	3.6306E-01	6.2904E-01	3.8117E-01	1.2619E-01	AUT	neutron	pi+	0.0000E+00	9.1960E-03	7.0207E-02	1.6400E-03
4.1945E+00	3.0930E-01	6.5723E-01	3.7532E-01	2.9068E-01	AUT	neutron	pi+	0.0000E+00	9.2810E-03	7.0207E-02	1.5360E-03
4.5415E+00	3.4123E-01	6.4481E-01	3.7788E-01	2.8801E-01	AUT	neutron	pi+	0.0000E+00	1.1735E-02	7.0207E-02	1.5960E-03
4.7985E+00	3.7347E-01	6.2288E-01	3.8283E-01	2.8791E-01	AUT	neutron	pi+	0.0000E+00	3.0283E-02	7.0207E-02	1.6610E-03
4.4123E+00	3.3005E-01	6.4829E-01	3.7739E-01	4.8501E-01	AUT	neutron	pi+	0.0000E+00	4.4334E-02	7.0207E-02	1.5750E-03
4.8396E+00	3.8509E-01	6.0908E-01	3.8681E-01	4.8626E-01	AUT	neutron	pi+	0.0000E+00	1.1692E-01	7.0207E-02	1.6860E-03
4.4430E+00	3.3438E-01	6.4480E-01	3.7839E-01	7.3273E-01	AUT	neutron	pi+	0.0000E+00	1.2908E-02	7.0207E-02	1.5830E-03
4.2961E+00	3.2525E-01	6.4047E-01	4.2347E-01	1.2714E-01	AUT	neutron	pi+	0.0000E+00	7.7850E-03	7.0207E-02	1.5810E-03
4.6491E+00	3.7396E-01	6.0299E-01	4.2420E-01	1.2658E-01	AUT	neutron	pi+	0.0000E+00	8.1010E-03	7.0207E-02	1.6780E-03
4.8542E+00	4.2362E-01	5.5543E-01	4.2982E-01	1.2249E-01	AUT	neutron	pi+	0.0000E+00	2.3775E-02	7.0207E-02	1.7910E-03
4.2143E+00	3.1339E-01	6.5183E-01	4.2399E-01	2.9471E-01	AUT	neutron	pi+	0.0000E+00	8.6910E-03	7.0207E-02	1.5590E-03
4.5205E+00	3.4670E-01	6.3179E-01	4.2403E-01	2.9015E-01	AUT	neutron	pi+	0.0000E+00	1.1526E-02	7.0207E-02	1.6230E-03
4.7275E+00	3.8897E-01	5.8990E-01	4.2591E-01	2.8889E-01	AUT	neutron	pi+	0.0000E+00	1.9382E-02	7.0207E-02	1.7100E-03
4.3752E+00	3.3121E-01	6.4081E-01	4.2431E-01	4.8587E-01	AUT	neutron	pi+	0.0000E+00	5.2340E-02	7.0207E-02	1.5930E-03
4.7340E+00	3.9182E-01	5.8630E-01	4.2621E-01	4.8677E-01	AUT	neutron	pi+	0.0000E+00	5.2109E-02	7.0207E-02	1.7170E-03
4.4688E+00	3.4701E-01	6.2648E-01	4.2507E-01	7.4087E-01	AUT	neutron	pi+	0.0000E+00	1.3297E-02	7.0207E-02	1.6230E-03
4.3797E+00	3.3555E-01	6.3322E-01	4.7356E-01	1.2760E-01	AUT	neutron	pi+	0.0000E+00	7.8820E-03	7.0207E-02	1.6180E-03
4.6448E+00	3.9986E-01	5.6432E-01	4.7465E-01	1.2647E-01	AUT	neutron	pi+	0.0000E+00	1.0120E-02	7.0207E-02	1.7550E-03
4.2578E+00	3.1871E-01	6.4765E-01	4.7377E-01	2.9801E-01	AUT	neutron	pi+	0.0000E+00	8.4710E-03	7.0207E-02	1.5850E-03
4.5916E+00	3.6211E-01	6.1496E-01	4.7402E-01	2.9118E-01	AUT	neutron	pi+	0.0000E+00	1.1736E-02	7.0207E-02	1.6730E-03
4.6474E+00	4.1723E-01	5.4064E-01	4.7639E-01	2.9049E-01	AUT	neutron	pi+	0.0000E+00	1.5395E-02	7.0207E-02	1.7970E-03
4.4103E+00	3.3718E-01	6.3509E-01	4.7430E-01	4.8645E-01	AUT	neutron	pi+	0.0000E+00	4.2719E-02	7.0207E-02	1.6220E-03
4.6428E+00	4.1252E-01	5.4644E-01	4.7626E-01	4.8791E-01	AUT	neutron	pi+	0.0000E+00	4.3483E-02	7.0207E-02	1.7860E-03
4.4604E+00	3.5088E-01	6.1959E-01	4.7468E-01	7.4135E-01	AUT	neutron	pi+	0.0000E+00	1.8495E-02	7.0207E-02	1.6490E-03
4.4459E+00	3.4979E-01	6.1794E-01	5.2358E-01	1.2834E-01	AUT	neutron	pi+	0.0000E+00	8.0800E-03	7.0207E-02	1.6670E-03
4.5426E+00	4.3019E-01	5.1302E-01	5.2438E-01	1.3015E-01	AUT	neutron	pi+	0.0000E+00	1.6082E-02	7.0207E-02	1.8550E-03
4.3183E+00	3.2558E-01	6.4313E-01	5.2382E-01	2.9982E-01	AUT	neutron	pi+	0.0000E+00	8.5520E-03	7.0207E-02	1.6170E-03
4.5711E+00	3.8976E-01	5.7117E-01	5.2409E-01	2.9236E-01	AUT	neutron	pi+	0.0000E+00	1.0289E-02	7.0207E-02	1.7550E-03
4.4692E+00	4.6612E-01	4.6481E-01	5.2794E-01	2.9898E-01	AUT	neutron	pi+	0.0000E+00	2.6733E-02	7.0207E-02	1.9590E-03
4.4350E+00	3.4583E-01	6.2422E-01	5.2431E-01	4.8728E-01	AUT	neutron	pi+	0.0000E+00	2.7518E-02	7.0207E-02	1.6590E-03
4.4810E+00	4.3854E-01	4.9582E-01	5.2463E-01	4.8104E-01	AUT	neutron	pi+	0.0000E+00	3.8181E-02	7.0207E-02	1.8770E-03
4.4523E+00	3.4970E-01	6.2049E-01	5.2434E-01	7.3953E-01	AUT	neutron	pi+	0.0000E+00	2.8222E-02	7.0207E-02	1.6670E-03
4.2914E+00	3.2384E-01	6.4254E-01	5.7368E-01	2.4419E-01	AUT	neutron	pi+	0.0000E+00	8.1420E-03	7.0207E-02	1.6340E-03
4.5966E+00	3.7249E-01	5.9883E-01	5.7384E-01	2.2970E-01	AUT	neutron	pi+	0.0000E+00	9.0200E-03	7.0207E-02	1.7410E-03
4.4792E+00	4.3620E-01	4.9908E-01	5.7303E-01	2.3726E-01	AUT	neutron	pi+	0.0000E+00	1.1805E-02	7.0207E-02	1.9010E-03
4.3964E+00	3.3422E-01	6.3841E-01	5.7432E-01	5.4936E-01	AUT	neutron	pi+	0.0000E+00	2.2631E-02	7.0207E-02	1.6560E-03
4.5920E+00	4.0738E-01	5.4790E-01	5.7334E-01	5.2820E-01	AUT	neutron	pi+	0.0000E+00	3.1803E-02	7.0207E-02	1.8250E-03
4.3633E+00	3.3215E-01	6.3718E-01	6.2378E-01	2.4447E-01	AUT	neutron	pi+	0.0000E+00	8.3840E-03	7.0207E-02	1.6760E-03
4.5793E+00	4.0092E-01	5.5600E-01	6.2328E-01	2.3088E-01	AUT	neutron	pi+	0.0000E+00	9.8930E-03	7.0207E-02	1.8400E-03
4.4361E+00	3.4292E-01	6.2899E-01	6.2412E-01	5.4980E-01	AUT	neutron	pi+	0.0000E+00	1.9531E-02	7.0207E-02	1.7000E-03
4.6942E+00	4.2273E-01	5.3821E-01	6.2068E-01	4.8975E-01	AUT	neutron	pi+	0.0000E+00	6.1334E-02	7.0207E-02	1.8980E-03
4.4291E+00	3.4385E-01	6.2566E-01	6.7370E-01	2.4406E-01	AUT	neutron	pi+	0.0000E+00	8.5980E-03	7.0207E-02	1.7290E-03
4.6531E+00	4.1132E-01	5.4857E-01	6.7178E-01	2.2167E-01	AUT	neutron	pi+	0.0000E+00	1.8475E-02	7.0207E-02	1.9020E-03
4.4379E+00	3.4029E-01	6.3388E-01	6.7324E-01	5.5696E-01	AUT	neutron	pi+	0.0000E+00	1.8148E-02	7.0207E-02	1.7200E-03
5.4427E+00	3.9284E-01	6.7127E-01	3.4453E-01	2.9960E-01	AUT	neutron	pi+	0.0000E+00	2.0468E-02	7.0207E-02	1.6860E-03
5.3151E+00	3.9704E-01	6.4893E-01	3.7654E-01	1.2644E-01	AUT	neutron	pi+	0.0000E+00	1.0245E-02	7.0207E-02	1.7090E-03
5.7109E+00	4.4327E-01	6.2459E-01	3.8227E-01	1.2510E-01	AUT	neutron	pi+	0.0000E+00	1.5564E-02	7.0207E-02	1.8190E-03
5.2756E+00	3.9071E-01	6.5448E-01	3.7601E-01	2.8747E-01	AUT	neutron	pi+	0.0000E+00	1.7610E-02	7.0207E-02	1.6950E-03
5.6744E+00	4.3607E-01	6.3089E-01	3.8115E-01	2.8817E-01	AUT	neutron	pi+	0.0000E+00	3.5863E-02	7.0207E-02	1.8010E-03
5.4213E+00	4.0744E-01	6.4544E-01	3.7804E-01	5.3808E-01	AUT	neutron	pi+	0.0000E+00	2.9715E-02	7.0207E-02	1.7330E-03
5.8603E+00	4.7544E-01	5.9726E-01	3.9054E-01	5.3948E-01	AUT	neutron	pi+	0.0000E+00	1.7805E-01	7.0207E-02	1.9110E-03
5.3047E+00	4.0339E-01	6.3777E-01	4.2353E-01	1.2706E-01	AUT	neutron	pi+	0.0000E+00	1.0359E-02	7.0207E-02	1.7440E-03
5.5687E+00	4.6135E-01	5.8578E-01	4.2607E-01	1.2429E-01	AUT	neutron	pi+	0.0000E+00	1.1386E-02	7.0207E-02	1.8910E-03
5.2755E+00	3.9489E-01	6.4771E-01	4.2403E-01	2.8965E-01	AUT	neutron	pi+	0.0000E+00	1.5392E-02	7.0207E-02	1.7250E-03
5.5081E+00	4.4304E-01	6.0289E-01	4.2512E-01	2.8872E-01	AUT	neutron	pi+	0.0000E+00	2.0386E-02	7.0207E-02	1.8410E-03
5.6996E+00	4.9605E-01	5.5705E-01	4.3061E-01	2.8929E-01	AUT	neutron	pi+	0.0000E+00	2.4673E-02	7.0207E-02	1.9980E-03
5.4010E+00	4.2207E-01	6.2199E-01	4.2492E-01	4.8635E-01	AUT	neutron	pi+	0.0000E+00	4.5411E-02	7.0207E-02	1.7890E-03
5.7356E+00	5.0362E-01	5.5207E-01	4.3186E-01	4.8615E-01	AUT	neutron	pi+	0.0000E+00	9.9607E-02	7.0207E-02	2.0240E-03
5.4190E+00	4.2488E-01	6.2039E-01	4.2524E-01	7.2254E-01	AUT	neutron	pi+	0.0000E+00	2.7885E-02	7.0207E-02	1.7960E-03
5.3523E+00	4.1399E-01	6.2746E-01	4.7354E-01	1.2801E-01	AUT	neutron	pi+	0.0000E+00	1.0624E-02	7.0207E-02	1.7920E-03
5.5593E+00	4.8544E-01	5.5607E-01	4.7387E-01	1.2582E-01	AUT	neutron	pi+	0.0000E+00	1.4868E-02	7.0207E-02	1.9930E-03
5.3145E+00	4.0106E-01	6.4262E-01	4.7397E-01	2.9196E-01	AUT	neutron	pi+	0.0000E+00	1.4148E-02	7.0207E-02	1.7620E-03
5.4994E+00	4.6393E-01	5.7553E-01	4.7406E-01	2.9024E-01	AUT	neutron	pi+	0.0000E+00	1.4219E-02	7.0207E-02	1.9260E-03
5.6742E+00	5.3276E-01	5.1620E-01	4.7575E-01	2.9633E-01	AUT	neutron	pi+	0.0000E+00	2.9798E-02	7.0207E-02	2.1640E-03
5.4075E+00	4.3309E-01	6.0839E-01	4.7429E-01	4.8716E-01	AUT	neutron	pi+	0.0000E+00	3.8651E-02	7.0207E-02	1.8420E-03
5.6880E+00	5.3219E-01	5.1794E-01	4.7501E-01	4.7486E-01	AUT	neutron	pi+	0.0000E+00	9.0647E-02	7.0207E-02	2.1610E-03
5.4099E+00	4.2635E-01	6.1757E-01	4.7425E-01	7.1815E-01	AUT	neutron	pi+	0.0000E+00	3.8832E-02	7.0207E-02	1.8240E-03
5.3993E+00	4.3025E-01	6.1034E-01	5.2359E-01	1.2794E-01	AUT	neutron	pi+	0.0000E+00	1.1030E-02	7.0207E-02	1.8620E-03
5.6251E+00	5.1718E-01	5.2740E-01	5.2348E-01	1.3020E-01	AUT	neutron	pi+	0.0000E+00	3.1613E-02	7.0207E-02	2.1430E-03
5.3502E+00	4.0917E-01	6.3451E-01	5.2401E-01	2.9352E-01	AUT	neutron	pi+	0.0000E+00	1.3398E-02	7.0207E-02	1.8070E-03
5.5364E+00	4.8769E-01	5.5169E-01	5.2383E-01	2.9443E-01	AUT	neutron	pi+	0.0000E+00	1.4423E-02	7.0207E-02	2.0360E-03
5.3822E+00	4.2007E-01	6.2270E-01	5.2432E-01	5.4680E-01	AUT	neutron	pi+	0.0000E+00	4.4262E-02	7.0207E-02	1.8350E-03
5.5809E+00	4.9904E-01	5.4232E-01	5.2296E-01	5.0009E-01	AUT	neutron	pi+	0.0000E+00	4.9568E-02	7.0207E-02	2.0750E-03
5.3147E+00	4.0346E-01	6.3888E-01	5.7374E-01	2.3454E-01	AUT	neutron	pi+	0.0000E+00	1.1392E-02	7.0207E-02	1.8210E-03
5.5040E+00	4.6469E-01	5.7493E-01	5.7379E-01	2.2767E-01	AUT	neutron	pi+	0.0000E+00	1.2340E-02	7.0207E-02	1.9980E-03
5.6685E+00	5.2894E-01	5.1932E-01	5.7153E-01	2.3172E-01	AUT	neutron	pi+	0.0000E+00	3.5397E-02	7.0207E-02	2.2380E-03
5.4085E+00	4.2662E-01	6.1725E-01	5.7372E-01	5.5373E-01	AUT	neutron	pi+	0.0000E+00	3.5058E-02	7.0207E-02	1.8840E-03
5.3562E+00	4.1334E-01	6.2897E-01	6.2374E-01	2.3674E-01	AUT	neutron	pi+	0.0000E+00	1.1616E-02	7.0207E-02	1.8800E-03
5.5495E+00	4.7897E-01	5.6196E-01	6.2268E-01	2.2517E-01	AUT	neutron	pi+	0.0000E+00	1.7809E-02	7.0207E-02	2.0890E-03
5.3991E+00	4.1815E-01	6.2762E-01	6.2317E-01	5.4314E-01	AUT	neutron	pi+	0.0000E+00	4.1994E-02	7.0207E-02	1.8940E-03
5.3549E+00	4.1047E-01	6.3306E-01	6.7351E-01	3.1138E-01	AUT	neutron	pi+	0.0000E+00	1.2641E-02	7.0207E-02	1.9080E-03
5.5947E+00	4.6652E-01	5.8126E-01	6.6974E-01	2.3466E-01	AUT	neutron	pi+	0.0000E+00	2.4933E-02	7.0207E-02	2.0870E-03
6.3172E+00	4.6860E-01	6.5344E-01	3.7599E-01	2.0751E-01	AUT	neutron	pi+	0.0000E+00	1.3682E-02	7.0207E-02	1.8850E-03
7.0171E+00	5.3860E-01	6.3160E-01	3.8054E-01	2.0400E-01	AUT	neutron	pi+	0.0000E+00	1.5640E-02	7.0207E-02	2.1170E-03
6.6210E+00	4.9874E-01	6.4425E-01	3.7829E-01	5.5023E-01	AUT	neutron	pi+	0.0000E+00	3.5836E-02	7.0207E-02	1.9780E-03
6.5468E+00	5.0919E-01	6.2446E-01	4.2404E-01	1.2597E-01	AUT	neutron	pi+	0.0000E+00	1.2166E-02	7.0207E-02	2.0440E-03
7.3853E+00	6.0318E-01	5.9314E-01	4.2470E-01	1.2354E-01	AUT	neutron	pi+	0.0000E+00	4.4996E-02	7.0207E-02	2.4480E-03
6.4837E+00	5.0137E-01	6.2807E-01	4.2450E-01	2.8857E-01	AUT	neutron	pi+	0.0000E+00	1.9268E-02	7.0207E-02	2.0170E-03
7.1652E+00	5.8876E-01	5.8955E-01	4.2608E-01	2.9007E-01	AUT	neutron	pi+	0.0000E+00	3.0581E-02	7.0207E-02	2.3750E-03
6.5959E+00	5.1366E-01	6.2412E-01	4.2473E-01	5.4110E-01	AUT	neutron	pi+	0.0000E+00	3.7678E-02	7.0207E-02	2.0610E-03
6.3784E+00	4.8437E-01	6.3879E-01	4.7379E-01	2.1843E-01	AUT	neutron	pi+	0.0000E+00	1.3227E-02	7.0207E-02	1.9940E-03
6.8673E+00	5.6289E-01	5.9137E-01	4.7376E-01	2.2213E-01	AUT	neutron	pi+	0.0000E+00	1.5100E-02	7.0207E-02	2.3000E-03
6.5711E+00	5.1256E-01	6.2323E-01	4.7393E-01	5.3718E-01	AUT	neutron	pi+	0.0000E+00	4.4182E-02	7.0207E-02	2.0940E-03
6.4492E+00	4.9697E-01	6.3000E-01	5.2381E-01	2.2387E-01	AUT	neutron	pi+	0.0000E+00	1.3297E-02	7.0207E-02	2.0760E-03
6.9923E+00	5.7837E-01	5.8566E-01	5.2350E-01	2.2760E-01	AUT	neutron	pi+	0.0000E+00	2.2957E-02	7.0207E-02	2.4320E-03
6.5445E+00	5.0570E-01	6.2869E-01	5.2366E-01	5.3514E-01	AUT	neutron	pi+	0.0000E+00	5.5447E-02	7.0207E-02	2.1090E-03
6.4542E+00	4.9659E-01	6.3092E-01	5.7379E-01	2.9199E-01	AUT	neutron	pi+	0.0000E+00	1.4519E-02	7.0207E-02	2.1180E-03
7.0579E+00	5.7404E-01	5.9559E-01	5.7161E-01	2.4063E-01	AUT	neutron	pi+	0.0000E+00	2.9491E-02	7.0207E-02	2.4730E-03
6.5272E+00	5.0010E-01	6.3358E-01	6.2261E-01	2.9436E-01	AUT	neutron	pi+	0.0000E+00	1.6087E-02	7.0207E-02	2.1820E-03
6.4540E+00	4.8528E-01	6.4498E-01	6.7111E-01	2.7615E-01	AUT	neutron	pi+	0.0000E+00	2.1677E-02	7.0207E-02	2.1710E-03
1.1365E+00	8.9945E-02	7.6726E-01	3.8510E-01	4.4584E-01	AUT	neutron	pi+	0.0000E+00	2.3470E-03	7.0207E-02	1.7030E-03
1.1561E+00	9.7246E-02	7.2191E-01	4.2642E-01	3.0267E-01	AUT	neutron	pi+	0.0000E+00	2.1450E-03	7.0207E-02	1.7250E-03
1.4957E+00	1.3258E-01	6.8438E-01	4.3274E-01	2.8011E-01	AUT	neutron	pi+	0.0000E+00	3.2190E-03	7.0207E-02	1.8200E-03
1.1356E+00	9.3855E-02	7.3483E-01	4.2601E-01	4.8964E-01	AUT	neutron	pi+	0.0000E+00	2.5580E-03	7.0207E-02	1.7170E-03
1.4550E+00	1.2758E-01	6.9192E-01	4.3150E-01	4.8471E-01	AUT	neutron	pi+	0.0000E+00	7.5000E-03	7.0207E-02	1.8050E-03
1.2266E+00	1.0349E-01	7.2280E-01	4.2884E-01	7.0019E-01	AUT	neutron	pi+	0.0000E+00	2.7460E-03	7.0207E-02	1.7410E-03
1.1261E+00	9.9267E-02	6.8959E-01	4.7437E-01	2.9876E-01	AUT	neutron	pi+	0.0000E+00	2.1910E-03	7.0207E-02	1.7350E-03
1.3725E+00	1.2753E-01	6.5214E-01	4.7639E-01	2.7596E-01	AUT	neutron	pi+	0.0000E+00	2.2770E-03	7.0207E-02	1.8110E-03
1.7096E+00	1.6514E-01	6.2782E-01	4.7905E-01	2.5185E-01	AUT	neutron	pi+	0.0000E+00	3.3100E-03	7.0207E-02	1.9240E-03
1.1236E+00	9.5885E-02	7.1256E-01	4.7457E-01	4.9219E-01	AUT	neutron	pi+	0.0000E+00	2.4870E-03	7.0207E-02	1.7270E-03
1.4620E+00	1.3576E-01	6.5468E-01	4.7708E-01	4.8634E-01	AUT	neutron	pi+	0.0000E+00	5.2440E-03	7.0207E-02	1.8350E-03
1.2161E+00	1.0684E-01	6.9523E-01	4.7611E-01	7.2194E-01	AUT	neutron	pi+	0.0000E+00	2.2370E-03	7.0207E-02	1.7550E-03
1.7021E+00	1.6393E-01	6.2971E-01	4.7951E-01	7.3360E-01	AUT	neutron	pi+	0.0000E+00	6.6710E-03	7.0207E-02	1.9210E-03
1.1268E+00	1.0356E-01	6.6237E-01	5.2380E-01	2.9403E-01	AUT	neutron	pi+	0.0000E+00	2.2490E-03	7.0207E-02	1.7520E-03
1.3234E+00	1.3007E-01	6.1641E-01	5.2535E-01	2.6712E-01	AUT	neutron	pi+	0.0000E+00	2.3270E-03	7.0207E-02	1.8260E-03
1.6346E+00	1.6595E-01	5.9716E-01	5.2607E-01	2.4500E-01	AUT	neutron	pi+	0.0000E+00	2.6690E-03	7.0207E-02	1.9360E-03
1.9029E+00	2.0449E-01	5.6392E-01	5.2972E-01	2.2045E-01	AUT	neutron	pi+	0.0000E+00	8.5250E-03	7.0207E-02	2.0600E-03
1.1330E+00	9.9408E-02	6.9411E-01	5.2420E-01	4.9456E-01	AUT	neutron	pi+	0.0000E+00	2.4490E-03	7.0207E-02	1.7410E-03
1.4527E+00	1.4161E-01	6.2346E-01	5.2577E-01	4.8798E-01	AUT	neutron	pi+	0.0000E+00	5.0620E-03	7.0207E-02	1.8610E-03
1.8857E+00	2.0049E-01	5.7006E-01	5.2896E-01	4.8979E-01	AUT	neutron	pi+	0.0000E+00	5.0088E-02	7.0207E-02	2.0470E-03
1.2487E+00	1.1498E-01	6.6719E-01	5.2514E-01	6.8906E-01	AUT	neutron	pi+	0.0000E+00	2.8540E-03	7.0207E-02	1.7840E-03
1.7909E+00	1.8600E-01	5.8398E-01	5.2738E-01	6.9035E-01	AUT	neutron	pi+	0.0000E+00	1.2829E-02	7.0207E-02	2.0000E-03
1.3176E+00	1.2299E-01	6.6053E-01	5.2658E-01	8.8970E-01	AUT	neutron	pi+	0.0000E+00	4.4200E-03	7.0207E-02	1.8060E-03
1.1440E+00	1.0972E-01	6.3564E-01	5.7369E-01	2.8731E-01	AUT	neutron	pi+	0.0000E+00	2.2240E-03	7.0207E-02	1.7760E-03
1.3363E+00	1.3889E-01	5.8284E-01	5.7498E-01	2.5605E-01	AUT	neutron	pi+	0.0000E+00	2.4700E-03	7.0207E-02	1.8620E-03
1.6372E+00	1.7588E-01	5.6440E-01	5.7537E-01	2.3517E-01	AUT	neutron	pi+	0.0000E+00	2.8500E-03	7.0207E-02	1.9800E-03
1.8831E+00	2.1777E-01	5.2418E-01	5.7793E-01	2.1391E-01	AUT	neutron	pi+	0.0000E+00	8.0280E-03	7.0207E-02	2.1160E-03
1.1508E+00	1.0383E-01	6.7610E-01	5.7406E-01	4.9590E-01	AUT	neutron	pi+	0.0000E+00	2.4460E-03	7.0207E-02	1.7600E-03
1.4918E+00	1.5390E-01	5.9034E-01	5.7532E-01	4.8953E-01	AUT	neutron	pi+	0.0000E+00	5.5520E-03	7.0207E-02	1.9080E-03
1.9221E+00	2.2796E-01	5.1086E-01	5.8040E-01	4.9130E-01	AUT	neutron	pi+	0.0000E+00	6.8917E-02	7.0207E-02	2.1490E-03
1.2532E+00	1.1898E-01	6.4970E-01	5.7478E-01	6.8885E-01	AUT	neutron	pi+	0.0000E+00	3.4980E-03	7.0207E-02	1.8030E-03
1.7734E+00	1.9424E-01	5.5404E-01	5.7561E-01	6.8554E-01	AUT	neutron	pi+	0.0000E+00	1.5990E-02	7.0207E-02	2.0390E-03
1.2877E+00	1.2078E-01	6.5722E-01	5.7474E-01	8.9925E-01	AUT	neutron	pi+	0.0000E+00	3.4310E-03	7.0207E-02	1.8080E-03
1.1603E+00	1.1552E-01	6.1302E-01	6.2366E-01	2.8090E-01	AUT	neutron	pi+	0.0000E+00	2.2830E-03	7.0207E-02	1.8010E-03
1.3647E+00	1.4932E-01	5.5376E-01	6.2471E-01	2.4546E-01	AUT	neutron	pi+	0.0000E+00	2.6030E-03	7.0207E-02	1.9070E-03
1.6928E+00	1.9590E-01	5.2549E-01	6.2534E-01	2.2444E-01	AUT	neutron	pi+	0.0000E+00	3.1000E-03	7.0207E-02	2.0590E-03
1.1754E+00	1.0956E-01	6.5583E-01	6.2405E-01	4.9679E-01	AUT	neutron	pi+	0.0000E+00	2.4710E-03	7.0207E-02	1.7850E-03
1.5295E+00	1.6636E-01	5.6069E-01	6.2480E-01	4.8953E-01	AUT	neutron	pi+	0.0000E+00	6.6660E-03	7.0207E-02	1.9610E-03
1.2951E+00	1.2568E-01	6.3847E-01	6.2405E-01	6.8590E-01	AUT	neutron	pi+	0.0000E+00	4.0130E-03	7.0207E-02	1.8320E-03
1.9189E+00	2.2488E-01	5.1692E-01	6.1687E-01	6.4053E-01	AUT	neutron	pi+	0.0000E+00	1.3204E-01	7.0207E-02	2.1550E-03
1.2512E+00	1.1327E-01	6.7839E-01	6.2370E-01	9.0709E-01	AUT	neutron	pi+	0.0000E+00	3.6690E-03	7.0207E-02	1.7960E-03
1.1815E+00	1.2227E-01	5.9056E-01	6.7364E-01	2.7366E-01	AUT	neutron	pi+	0.0000E+00	2.3330E-03	7.0207E-02	1.8330E-03
1.4314E+00	1.6388E-01	5.2927E-01	6.7410E-01	2.3499E-01	AUT	neutron	pi+	0.0000E+00	2.7300E-03	7.0207E-02	1.9690E-03
1.7429E+00	2.1119E-01	5.0108E-01	6.7274E-01	2.1093E-01	AUT	neutron	pi+	0.0000E+00	4.4310E-03	7.0207E-02	2.1300E-03
1.2103E+00	1.1647E-01	6.3672E-01	6.7378E-01	4.9646E-01	AUT	neutron	pi+	0.0000E+00	2.5460E-03	7.0207E-02	1.8160E-03
1.5983E+00	1.7328E-01	5.6028E-01	6.7250E-01	4.8375E-01	AUT	neutron	pi+	0.0000E+00	9.8780E-03	7.0207E-02	2.0020E-03
1.2660E+00	1.1663E-01	6.6782E-01	6.7329E-01	7.3237E-01	AUT	neutron	pi+	0.0000E+00	3.5860E-03	7.0207E-02	1.8160E-03
1.9568E+00	2.1786E-01	5.4397E-01	6.5892E-01	6.2552E-01	AUT	neutron	pi+	0.0000E+00	4.8589E-01	7.0207E-02	2.1530E-03
2.3038E+00	2.4324E-01	5.7461E-01	5.2756E-01	3.3987E-01	AUT	neutron	pi+	0.0000E+00	5.6400E-03	7.0207E-02	2.1760E-03
2.2692E+00	2.5048E-01	5.5046E-01	5.7557E-01	3.2052E-01	AUT	neutron	pi+	0.0000E+00	5.1400E-03	7.0207E-02	2.2180E-03
2.8430E+00	3.2782E-01	5.2546E-01	5.7866E-01	2.8551E-01	AUT	neutron	pi+	0.0000E+00	2.5425E-02	7.0207E-02	2.4650E-03
2.2754E+00	2.5884E-01	5.3543E-01	6.2400E-01	2.9708E-01	AUT	neutron	pi+	0.0000E+00	4.8060E-03	7.0207E-02	2.2660E-03
2.7839E+00	3.4858E-01	4.8373E-01	6.2138E-01	2.0308E-01	AUT	neutron	pi+	0.0000E+00	3.9869E-02	7.0207E-02	2.5590E-03
2.2596E+00	2.5278E-01	5.4385E-01	6.7188E-01	2.6805E-01	AUT	neutron	pi+	0.0000E+00	5.8910E-03	7.0207E-02	2.2730E-03
3.4133E+00	3.6075E-01	5.7363E-01	5.2680E-01	3.0152E-01	AUT	neutron	pi+	0.0000E+00	9.2710E-03	7.0207E-02	2.5440E-03
3.4090E+00	3.6895E-01	5.6089E-01	5.7374E-01	2.8465E-01	AUT	neutron	pi+	0.0000E+00	8.4100E-03	7.0207E-02	2.6030E-03
3.3792E+00	3.6251E-01	5.6548E-01	6.2240E-01	2.5977E-01	AUT	neutron	pi+	0.0000E+00	1.0295E-02	7.0207E-02	2.6180E-03
4.3608E+00	4.5804E-01	5.7687E-01	5.2557E-01	2.7000E-01	AUT	neutron	pi+	0.0000E+00	1.7790E-02	7.0207E-02	2.9210E-03
