# Q2	x	y	z	pT	obs	target	hadron	value	stat	systrel	systabs
1.1173E+00	6.9053E-02	7.8601E-01	3.2570E-01	2.6911E-01	AUT	proton	pi-	0.0000E+00	8.5210E-03	7.0207E-02	8.9420E-03
1.3604E+00	8.6761E-02	7.5969E-01	3.2844E-01	2.5741E-01	AUT	proton	pi-	0.0000E+00	8.2550E-03	7.0207E-02	8.9360E-03
1.7131E+00	1.1194E-01	7.4301E-01	3.3042E-01	2.4444E-01	AUT	proton	pi-	0.0000E+00	9.3190E-03	7.0207E-02	8.9130E-03
1.2208E+00	7.5548E-02	7.8566E-01	3.2759E-01	4.8718E-01	AUT	proton	pi-	0.0000E+00	1.0844E-02	7.0207E-02	8.9400E-03
1.6864E+00	1.0826E-01	7.5656E-01	3.2994E-01	4.8737E-01	AUT	proton	pi-	0.0000E+00	1.5528E-02	7.0207E-02	8.9160E-03
1.3653E+00	8.5736E-02	7.7659E-01	3.2895E-01	6.9851E-01	AUT	proton	pi-	0.0000E+00	7.1000E-03	7.0207E-02	8.9330E-03
1.3304E+00	9.3105E-02	6.9600E-01	3.7504E-01	1.3579E-01	AUT	proton	pi-	0.0000E+00	8.1460E-03	7.0207E-02	8.9790E-03
1.7880E+00	1.3375E-01	6.4900E-01	3.7873E-01	1.2916E-01	AUT	proton	pi-	0.0000E+00	1.3815E-02	7.0207E-02	8.9410E-03
1.1329E+00	7.4115E-02	7.4382E-01	3.7370E-01	3.0743E-01	AUT	proton	pi-	0.0000E+00	8.1760E-03	7.0207E-02	8.9750E-03
1.3585E+00	9.3861E-02	7.0136E-01	3.7555E-01	3.0209E-01	AUT	proton	pi-	0.0000E+00	8.2420E-03	7.0207E-02	8.9810E-03
1.6916E+00	1.2252E-01	6.7105E-01	3.7747E-01	2.9607E-01	AUT	proton	pi-	0.0000E+00	9.1300E-03	7.0207E-02	8.9570E-03
1.9616E+00	1.6018E-01	5.9337E-01	3.9182E-01	2.8909E-01	AUT	proton	pi-	0.0000E+00	8.0607E-02	7.0207E-02	8.8940E-03
1.1523E+00	7.4391E-02	7.5443E-01	3.7463E-01	4.9016E-01	AUT	proton	pi-	0.0000E+00	9.2630E-03	7.0207E-02	8.9750E-03
1.4780E+00	1.0178E-01	7.0455E-01	3.7624E-01	4.8898E-01	AUT	proton	pi-	0.0000E+00	8.9500E-03	7.0207E-02	8.9760E-03
1.8107E+00	1.3540E-01	6.4905E-01	3.7930E-01	4.8984E-01	AUT	proton	pi-	0.0000E+00	1.7063E-02	7.0207E-02	8.9380E-03
1.3380E+00	8.9475E-02	7.3169E-01	3.7645E-01	7.0798E-01	AUT	proton	pi-	0.0000E+00	6.6820E-03	7.0207E-02	8.9750E-03
1.8380E+00	1.3884E-01	6.4238E-01	3.8074E-01	7.0883E-01	AUT	proton	pi-	0.0000E+00	1.6817E-02	7.0207E-02	8.9330E-03
1.3479E+00	1.0184E-01	6.4594E-01	4.2423E-01	1.3419E-01	AUT	proton	pi-	0.0000E+00	8.9340E-03	7.0207E-02	9.0210E-03
1.7762E+00	1.4662E-01	5.8852E-01	4.2672E-01	1.2799E-01	AUT	proton	pi-	0.0000E+00	1.3459E-02	7.0207E-02	8.9770E-03
1.1552E+00	7.8888E-02	7.1381E-01	4.2346E-01	3.0881E-01	AUT	proton	pi-	0.0000E+00	7.8900E-03	7.0207E-02	9.0080E-03
1.3692E+00	1.0136E-01	6.5471E-01	4.2484E-01	3.0176E-01	AUT	proton	pi-	0.0000E+00	8.2620E-03	7.0207E-02	9.0250E-03
1.6624E+00	1.2986E-01	6.2168E-01	4.2558E-01	2.9636E-01	AUT	proton	pi-	0.0000E+00	8.8420E-03	7.0207E-02	9.0050E-03
1.8932E+00	1.6288E-01	5.6371E-01	4.2939E-01	2.9227E-01	AUT	proton	pi-	0.0000E+00	2.1249E-02	7.0207E-02	8.9410E-03
1.1661E+00	7.7422E-02	7.3445E-01	4.2415E-01	4.9291E-01	AUT	proton	pi-	0.0000E+00	8.5010E-03	7.0207E-02	9.0050E-03
1.4409E+00	1.0491E-01	6.6636E-01	4.2516E-01	4.8977E-01	AUT	proton	pi-	0.0000E+00	8.7020E-03	7.0207E-02	9.0220E-03
1.7487E+00	1.4040E-01	6.0565E-01	4.2651E-01	4.8885E-01	AUT	proton	pi-	0.0000E+00	1.2243E-02	7.0207E-02	8.9870E-03
1.3301E+00	9.3597E-02	6.9879E-01	4.2522E-01	6.8356E-01	AUT	proton	pi-	0.0000E+00	7.7880E-03	7.0207E-02	9.0130E-03
1.8000E+00	1.4810E-01	5.9030E-01	4.2737E-01	6.8520E-01	AUT	proton	pi-	0.0000E+00	1.5142E-02	7.0207E-02	8.9740E-03
1.4112E+00	9.9495E-02	7.0305E-01	4.2704E-01	8.8919E-01	AUT	proton	pi-	0.0000E+00	9.5510E-03	7.0207E-02	9.0060E-03
1.3778E+00	1.1151E-01	6.0464E-01	4.7400E-01	1.3350E-01	AUT	proton	pi-	0.0000E+00	9.4730E-03	7.0207E-02	9.0650E-03
1.7807E+00	1.6182E-01	5.3475E-01	4.7613E-01	1.2705E-01	AUT	proton	pi-	0.0000E+00	1.5427E-02	7.0207E-02	9.0100E-03
1.1844E+00	8.4546E-02	6.8422E-01	4.7346E-01	3.0914E-01	AUT	proton	pi-	0.0000E+00	7.8740E-03	7.0207E-02	9.0430E-03
1.4164E+00	1.1199E-01	6.1323E-01	4.7446E-01	3.0094E-01	AUT	proton	pi-	0.0000E+00	8.4930E-03	7.0207E-02	9.0710E-03
1.7127E+00	1.4816E-01	5.6317E-01	4.7557E-01	2.9526E-01	AUT	proton	pi-	0.0000E+00	9.2170E-03	7.0207E-02	9.0350E-03
1.1927E+00	8.1634E-02	7.1341E-01	4.7395E-01	4.9482E-01	AUT	proton	pi-	0.0000E+00	8.0860E-03	7.0207E-02	9.0360E-03
1.4924E+00	1.1592E-01	6.2580E-01	4.7484E-01	4.8956E-01	AUT	proton	pi-	0.0000E+00	8.7870E-03	7.0207E-02	9.0660E-03
1.7826E+00	1.5838E-01	5.4735E-01	4.7623E-01	4.8870E-01	AUT	proton	pi-	0.0000E+00	1.5421E-02	7.0207E-02	9.0170E-03
1.3064E+00	9.4127E-02	6.8420E-01	4.7478E-01	6.8592E-01	AUT	proton	pi-	0.0000E+00	8.1400E-03	7.0207E-02	9.0490E-03
1.7316E+00	1.5103E-01	5.5828E-01	4.7586E-01	6.8820E-01	AUT	proton	pi-	0.0000E+00	1.2580E-02	7.0207E-02	9.0300E-03
1.4078E+00	1.0420E-01	6.7528E-01	4.7596E-01	9.0449E-01	AUT	proton	pi-	0.0000E+00	8.8190E-03	7.0207E-02	9.0430E-03
1.4331E+00	1.2489E-01	5.6411E-01	5.2400E-01	1.3218E-01	AUT	proton	pi-	0.0000E+00	9.5050E-03	7.0207E-02	9.1130E-03
1.8283E+00	1.8602E-01	4.7716E-01	5.2634E-01	1.2629E-01	AUT	proton	pi-	0.0000E+00	2.2867E-02	7.0207E-02	9.0360E-03
1.2176E+00	9.0891E-02	6.5574E-01	5.2341E-01	3.0932E-01	AUT	proton	pi-	0.0000E+00	7.9040E-03	7.0207E-02	9.0870E-03
1.4931E+00	1.2659E-01	5.7259E-01	5.2439E-01	2.9959E-01	AUT	proton	pi-	0.0000E+00	8.8430E-03	7.0207E-02	9.1250E-03
1.7544E+00	1.6868E-01	5.0648E-01	5.2554E-01	2.9356E-01	AUT	proton	pi-	0.0000E+00	1.2778E-02	7.0207E-02	9.0720E-03
1.2175E+00	8.5986E-02	6.9250E-01	5.2390E-01	4.9612E-01	AUT	proton	pi-	0.0000E+00	8.1180E-03	7.0207E-02	9.0750E-03
1.5515E+00	1.2991E-01	5.8334E-01	5.2476E-01	4.8945E-01	AUT	proton	pi-	0.0000E+00	9.1980E-03	7.0207E-02	9.1160E-03
1.8454E+00	1.8857E-01	4.7513E-01	5.2707E-01	4.8930E-01	AUT	proton	pi-	0.0000E+00	2.9141E-02	7.0207E-02	9.0300E-03
1.3239E+00	9.8492E-02	6.6609E-01	5.2451E-01	6.8829E-01	AUT	proton	pi-	0.0000E+00	8.0280E-03	7.0207E-02	9.0910E-03
1.7330E+00	1.6448E-01	5.1346E-01	5.2558E-01	6.9028E-01	AUT	proton	pi-	0.0000E+00	1.4441E-02	7.0207E-02	9.0800E-03
1.3988E+00	1.0713E-01	6.5668E-01	5.2551E-01	9.1911E-01	AUT	proton	pi-	0.0000E+00	8.4010E-03	7.0207E-02	9.0880E-03
1.2259E+00	9.4822E-02	6.3280E-01	5.7342E-01	2.7316E-01	AUT	proton	pi-	0.0000E+00	8.3500E-03	7.0207E-02	9.1410E-03
1.4411E+00	1.2774E-01	5.4740E-01	5.7396E-01	2.4403E-01	AUT	proton	pi-	0.0000E+00	9.1560E-03	7.0207E-02	9.1990E-03
1.6808E+00	1.6816E-01	4.8722E-01	5.7467E-01	2.2793E-01	AUT	proton	pi-	0.0000E+00	9.5630E-03	7.0207E-02	9.1680E-03
1.9099E+00	2.2424E-01	4.1288E-01	5.7873E-01	2.3330E-01	AUT	proton	pi-	0.0000E+00	3.8065E-02	7.0207E-02	9.0600E-03
1.2535E+00	9.2099E-02	6.6737E-01	5.7397E-01	4.9631E-01	AUT	proton	pi-	0.0000E+00	8.1580E-03	7.0207E-02	9.1310E-03
1.6034E+00	1.4663E-01	5.3798E-01	5.7477E-01	4.8923E-01	AUT	proton	pi-	0.0000E+00	1.0830E-02	7.0207E-02	9.1820E-03
1.3555E+00	1.0508E-01	6.4464E-01	5.7440E-01	6.8981E-01	AUT	proton	pi-	0.0000E+00	8.2190E-03	7.0207E-02	9.1470E-03
1.7714E+00	1.8688E-01	4.6114E-01	5.7510E-01	6.8856E-01	AUT	proton	pi-	0.0000E+00	2.0522E-02	7.0207E-02	9.1360E-03
1.3808E+00	1.0594E-01	6.5509E-01	5.7486E-01	9.3578E-01	AUT	proton	pi-	0.0000E+00	8.5180E-03	7.0207E-02	9.1420E-03
1.2620E+00	1.0247E-01	6.0422E-01	6.2338E-01	2.6988E-01	AUT	proton	pi-	0.0000E+00	8.7380E-03	7.0207E-02	9.2230E-03
1.5219E+00	1.4590E-01	5.0729E-01	6.2396E-01	2.3738E-01	AUT	proton	pi-	0.0000E+00	9.4990E-03	7.0207E-02	9.2980E-03
1.7443E+00	1.9677E-01	4.3169E-01	6.2485E-01	2.2953E-01	AUT	proton	pi-	0.0000E+00	1.4353E-02	7.0207E-02	9.2490E-03
1.2918E+00	9.9007E-02	6.4212E-01	6.2389E-01	4.9713E-01	AUT	proton	pi-	0.0000E+00	8.4380E-03	7.0207E-02	9.2080E-03
1.6302E+00	1.6021E-01	5.0044E-01	6.2438E-01	4.8904E-01	AUT	proton	pi-	0.0000E+00	1.4512E-02	7.0207E-02	9.2840E-03
1.2977E+00	9.5401E-02	6.7111E-01	6.2434E-01	7.5624E-01	AUT	proton	pi-	0.0000E+00	8.3450E-03	7.0207E-02	9.1960E-03
1.6587E+00	1.5512E-01	5.2259E-01	6.2360E-01	7.3258E-01	AUT	proton	pi-	0.0000E+00	1.4222E-02	7.0207E-02	9.2870E-03
1.3148E+00	1.1308E-01	5.7227E-01	6.7343E-01	2.6335E-01	AUT	proton	pi-	0.0000E+00	9.0120E-03	7.0207E-02	9.3390E-03
1.6223E+00	1.7378E-01	4.5702E-01	6.7342E-01	2.3201E-01	AUT	proton	pi-	0.0000E+00	1.0797E-02	7.0207E-02	9.4230E-03
1.3578E+00	1.1082E-01	6.0786E-01	6.7369E-01	4.9672E-01	AUT	proton	pi-	0.0000E+00	8.8700E-03	7.0207E-02	9.3220E-03
1.7242E+00	1.8141E-01	4.6288E-01	6.7265E-01	4.8363E-01	AUT	proton	pi-	0.0000E+00	3.0290E-02	7.0207E-02	9.4190E-03
1.3549E+00	1.0262E-01	6.5492E-01	6.7399E-01	7.5434E-01	AUT	proton	pi-	0.0000E+00	8.9610E-03	7.0207E-02	9.2910E-03
1.8078E+00	1.7537E-01	5.0072E-01	6.7131E-01	6.9783E-01	AUT	proton	pi-	0.0000E+00	4.6846E-02	7.0207E-02	9.4170E-03
2.2815E+00	1.4449E-01	7.6936E-01	3.2838E-01	3.2352E-01	AUT	proton	pi-	0.0000E+00	1.0921E-02	7.0207E-02	8.8180E-03
2.7650E+00	1.9108E-01	7.0186E-01	3.3733E-01	3.0206E-01	AUT	proton	pi-	0.0000E+00	2.1194E-02	7.0207E-02	8.6710E-03
2.2178E+00	1.5400E-01	7.0200E-01	3.7517E-01	2.3894E-01	AUT	proton	pi-	0.0000E+00	9.0800E-03	7.0207E-02	8.8630E-03
2.6441E+00	1.9811E-01	6.4755E-01	3.7852E-01	2.2803E-01	AUT	proton	pi-	0.0000E+00	9.1030E-03	7.0207E-02	8.7180E-03
2.3871E+00	1.6712E-01	7.0080E-01	3.7640E-01	5.4447E-01	AUT	proton	pi-	0.0000E+00	8.5240E-03	7.0207E-02	8.8150E-03
2.9175E+00	2.3309E-01	6.0657E-01	3.8763E-01	5.4751E-01	AUT	proton	pi-	0.0000E+00	5.0379E-02	7.0207E-02	8.6140E-03
2.2009E+00	1.5941E-01	6.7352E-01	4.2364E-01	2.4021E-01	AUT	proton	pi-	0.0000E+00	9.1900E-03	7.0207E-02	8.9140E-03
2.4735E+00	1.9733E-01	6.0750E-01	4.2599E-01	2.2518E-01	AUT	proton	pi-	0.0000E+00	9.1680E-03	7.0207E-02	8.8010E-03
2.7776E+00	2.3490E-01	5.7369E-01	4.2869E-01	2.1944E-01	AUT	proton	pi-	0.0000E+00	1.5281E-02	7.0207E-02	8.6830E-03
2.3035E+00	1.6714E-01	6.7658E-01	4.2491E-01	5.5111E-01	AUT	proton	pi-	0.0000E+00	9.0550E-03	7.0207E-02	8.8860E-03
2.7237E+00	2.2293E-01	5.9320E-01	4.2755E-01	5.5025E-01	AUT	proton	pi-	0.0000E+00	1.3689E-02	7.0207E-02	8.7170E-03
2.2240E+00	1.6767E-01	6.4756E-01	4.7361E-01	2.4266E-01	AUT	proton	pi-	0.0000E+00	9.0620E-03	7.0207E-02	8.9600E-03
2.4652E+00	2.1086E-01	5.6717E-01	4.7496E-01	2.2571E-01	AUT	proton	pi-	0.0000E+00	9.3240E-03	7.0207E-02	8.8410E-03
2.7344E+00	2.5630E-01	5.1777E-01	4.7762E-01	2.2222E-01	AUT	proton	pi-	0.0000E+00	1.6137E-02	7.0207E-02	8.7160E-03
2.3093E+00	1.7348E-01	6.5488E-01	4.7446E-01	5.5422E-01	AUT	proton	pi-	0.0000E+00	9.3520E-03	7.0207E-02	8.9390E-03
2.6453E+00	2.3702E-01	5.4271E-01	4.7678E-01	5.5130E-01	AUT	proton	pi-	0.0000E+00	1.2543E-02	7.0207E-02	8.7670E-03
2.3864E+00	1.8771E-01	6.3119E-01	4.7587E-01	9.1013E-01	AUT	proton	pi-	0.0000E+00	1.7049E-02	7.0207E-02	8.9000E-03
2.2567E+00	1.7670E-01	6.2411E-01	5.2362E-01	2.4262E-01	AUT	proton	pi-	0.0000E+00	9.1470E-03	7.0207E-02	9.0190E-03
2.5103E+00	2.3477E-01	5.2050E-01	5.2476E-01	2.2833E-01	AUT	proton	pi-	0.0000E+00	9.3050E-03	7.0207E-02	8.8760E-03
2.8514E+00	3.0439E-01	4.5414E-01	5.2857E-01	2.4082E-01	AUT	proton	pi-	0.0000E+00	3.4866E-02	7.0207E-02	8.7310E-03
2.3305E+00	1.8143E-01	6.3371E-01	5.2429E-01	5.5590E-01	AUT	proton	pi-	0.0000E+00	9.6580E-03	7.0207E-02	9.0020E-03
2.6138E+00	2.5772E-01	4.9324E-01	5.2623E-01	5.5077E-01	AUT	proton	pi-	0.0000E+00	1.3233E-02	7.0207E-02	8.8230E-03
2.3726E+00	1.8942E-01	6.2366E-01	5.2472E-01	9.2083E-01	AUT	proton	pi-	0.0000E+00	1.5757E-02	7.0207E-02	8.9810E-03
2.2974E+00	1.8753E-01	5.9981E-01	5.7369E-01	2.4251E-01	AUT	proton	pi-	0.0000E+00	9.3850E-03	7.0207E-02	9.0990E-03
2.5351E+00	2.5837E-01	4.7846E-01	5.7460E-01	2.3542E-01	AUT	proton	pi-	0.0000E+00	1.0977E-02	7.0207E-02	8.9540E-03
2.3504E+00	1.9185E-01	6.0762E-01	5.7426E-01	5.5770E-01	AUT	proton	pi-	0.0000E+00	9.8020E-03	7.0207E-02	9.0860E-03
2.6404E+00	2.8340E-01	4.5258E-01	5.7507E-01	5.3183E-01	AUT	proton	pi-	0.0000E+00	1.7723E-02	7.0207E-02	8.9060E-03
2.3329E+00	2.0158E-01	5.6940E-01	6.2361E-01	2.4180E-01	AUT	proton	pi-	0.0000E+00	9.6720E-03	7.0207E-02	9.2100E-03
2.5644E+00	2.8311E-01	4.4042E-01	6.2381E-01	2.4428E-01	AUT	proton	pi-	0.0000E+00	1.5558E-02	7.0207E-02	9.0800E-03
2.3666E+00	1.9732E-01	5.9774E-01	6.2393E-01	5.9292E-01	AUT	proton	pi-	0.0000E+00	9.9030E-03	7.0207E-02	9.2110E-03
2.7327E+00	3.0284E-01	4.3760E-01	6.2108E-01	4.8777E-01	AUT	proton	pi-	0.0000E+00	3.8572E-02	7.0207E-02	9.0400E-03
2.3239E+00	1.9461E-01	5.8696E-01	6.7361E-01	3.3632E-01	AUT	proton	pi-	0.0000E+00	1.0013E-02	7.0207E-02	9.3910E-03
2.5548E+00	2.6728E-01	4.6442E-01	6.7206E-01	2.9143E-01	AUT	proton	pi-	0.0000E+00	1.6174E-02	7.0207E-02	9.3040E-03
2.3669E+00	1.8166E-01	6.4471E-01	6.7342E-01	7.6330E-01	AUT	proton	pi-	0.0000E+00	1.9452E-02	7.0207E-02	9.3920E-03
3.3364E+00	2.3047E-01	7.0515E-01	3.3771E-01	3.4853E-01	AUT	proton	pi-	0.0000E+00	2.0883E-02	7.0207E-02	8.5260E-03
3.2921E+00	2.4358E-01	6.5621E-01	3.7668E-01	2.3167E-01	AUT	proton	pi-	0.0000E+00	1.1880E-02	7.0207E-02	8.5530E-03
3.7616E+00	2.8839E-01	6.3244E-01	3.8067E-01	2.2183E-01	AUT	proton	pi-	0.0000E+00	1.8548E-02	7.0207E-02	8.4290E-03
3.4125E+00	2.5384E-01	6.5392E-01	3.7824E-01	5.6500E-01	AUT	proton	pi-	0.0000E+00	1.2217E-02	7.0207E-02	8.5250E-03
3.2653E+00	2.4776E-01	6.4017E-01	4.2383E-01	2.3547E-01	AUT	proton	pi-	0.0000E+00	1.1700E-02	7.0207E-02	8.6210E-03
3.6528E+00	2.9858E-01	5.9404E-01	4.2621E-01	2.2515E-01	AUT	proton	pi-	0.0000E+00	1.1889E-02	7.0207E-02	8.4960E-03
3.4248E+00	2.6747E-01	6.2489E-01	4.2562E-01	5.7663E-01	AUT	proton	pi-	0.0000E+00	1.0539E-02	7.0207E-02	8.5740E-03
3.3274E+00	2.5727E-01	6.2860E-01	4.7368E-01	2.3761E-01	AUT	proton	pi-	0.0000E+00	1.1812E-02	7.0207E-02	8.6870E-03
3.6200E+00	3.1809E-01	5.5317E-01	4.7520E-01	2.3128E-01	AUT	proton	pi-	0.0000E+00	1.3189E-02	7.0207E-02	8.5620E-03
3.4274E+00	2.7723E-01	6.0607E-01	4.7494E-01	5.8432E-01	AUT	proton	pi-	0.0000E+00	1.0599E-02	7.0207E-02	8.6480E-03
3.3807E+00	2.6969E-01	6.1066E-01	5.2360E-01	2.3955E-01	AUT	proton	pi-	0.0000E+00	1.1970E-02	7.0207E-02	8.7700E-03
3.5760E+00	3.4467E-01	5.0426E-01	5.2510E-01	2.4441E-01	AUT	proton	pi-	0.0000E+00	1.7973E-02	7.0207E-02	8.6510E-03
3.4151E+00	2.8383E-01	5.9275E-01	5.2464E-01	5.8473E-01	AUT	proton	pi-	0.0000E+00	1.1546E-02	7.0207E-02	8.7510E-03
3.4122E+00	2.8987E-01	5.7847E-01	5.7360E-01	2.4376E-01	AUT	proton	pi-	0.0000E+00	1.1934E-02	7.0207E-02	8.8820E-03
3.6162E+00	4.0134E-01	4.3686E-01	5.7491E-01	2.7313E-01	AUT	proton	pi-	0.0000E+00	5.1720E-02	7.0207E-02	8.7720E-03
3.4092E+00	2.8473E-01	5.9063E-01	5.7400E-01	5.8220E-01	AUT	proton	pi-	0.0000E+00	1.3726E-02	7.0207E-02	8.8930E-03
3.4028E+00	2.8254E-01	5.9001E-01	6.2364E-01	3.2802E-01	AUT	proton	pi-	0.0000E+00	1.2494E-02	7.0207E-02	9.0730E-03
3.5647E+00	3.7501E-01	4.6097E-01	6.2127E-01	3.0543E-01	AUT	proton	pi-	0.0000E+00	3.5029E-02	7.0207E-02	8.9900E-03
3.4011E+00	2.6838E-01	6.1980E-01	6.2372E-01	7.4391E-01	AUT	proton	pi-	0.0000E+00	3.2347E-02	7.0207E-02	9.0910E-03
3.4159E+00	2.8110E-01	5.9582E-01	6.7314E-01	3.9558E-01	AUT	proton	pi-	0.0000E+00	1.4083E-02	7.0207E-02	9.2990E-03
4.3192E+00	3.2224E-01	6.4978E-01	3.7678E-01	2.1763E-01	AUT	proton	pi-	0.0000E+00	1.8164E-02	7.0207E-02	8.3380E-03
4.7530E+00	3.6654E-01	6.2868E-01	3.8144E-01	2.1471E-01	AUT	proton	pi-	0.0000E+00	2.7382E-02	7.0207E-02	8.2620E-03
4.4384E+00	3.3450E-01	6.4386E-01	3.7853E-01	5.6781E-01	AUT	proton	pi-	0.0000E+00	2.0628E-02	7.0207E-02	8.3180E-03
4.2905E+00	3.2599E-01	6.3837E-01	4.2380E-01	2.2241E-01	AUT	proton	pi-	0.0000E+00	1.8683E-02	7.0207E-02	8.4240E-03
4.6076E+00	3.7939E-01	5.8956E-01	4.2647E-01	2.2039E-01	AUT	proton	pi-	0.0000E+00	1.8901E-02	7.0207E-02	8.3420E-03
4.4335E+00	3.5034E-01	6.1600E-01	4.2573E-01	5.7310E-01	AUT	proton	pi-	0.0000E+00	1.7356E-02	7.0207E-02	8.3880E-03
4.3447E+00	3.3503E-01	6.2944E-01	4.7376E-01	2.2697E-01	AUT	proton	pi-	0.0000E+00	1.9040E-02	7.0207E-02	8.5160E-03
4.5748E+00	4.0384E-01	5.5071E-01	4.7486E-01	2.2783E-01	AUT	proton	pi-	0.0000E+00	1.9961E-02	7.0207E-02	8.4270E-03
4.4281E+00	3.6202E-01	5.9792E-01	4.7478E-01	5.6947E-01	AUT	proton	pi-	0.0000E+00	1.7506E-02	7.0207E-02	8.4820E-03
4.3905E+00	3.4722E-01	6.1490E-01	5.2368E-01	2.3060E-01	AUT	proton	pi-	0.0000E+00	1.9010E-02	7.0207E-02	8.6310E-03
4.5804E+00	4.3376E-01	5.1330E-01	5.2396E-01	2.3881E-01	AUT	proton	pi-	0.0000E+00	2.6020E-02	7.0207E-02	8.5460E-03
4.4243E+00	3.6494E-01	5.9363E-01	5.2409E-01	5.6607E-01	AUT	proton	pi-	0.0000E+00	2.0650E-02	7.0207E-02	8.6150E-03
4.3861E+00	3.4674E-01	6.1518E-01	5.7375E-01	3.0602E-01	AUT	proton	pi-	0.0000E+00	1.9973E-02	7.0207E-02	8.8000E-03
4.5711E+00	4.3044E-01	5.1590E-01	5.7314E-01	3.0391E-01	AUT	proton	pi-	0.0000E+00	2.7084E-02	7.0207E-02	8.7420E-03
4.4162E+00	3.5762E-01	6.0232E-01	6.2352E-01	3.5040E-01	AUT	proton	pi-	0.0000E+00	2.0075E-02	7.0207E-02	9.0090E-03
4.6959E+00	4.5634E-01	4.9875E-01	6.1999E-01	2.5447E-01	AUT	proton	pi-	0.0000E+00	7.6979E-02	7.0207E-02	8.9740E-03
4.4217E+00	3.5412E-01	6.0857E-01	6.7290E-01	3.5063E-01	AUT	proton	pi-	0.0000E+00	2.5577E-02	7.0207E-02	9.2780E-03
5.3770E+00	4.0683E-01	6.4118E-01	3.7849E-01	3.0680E-01	AUT	proton	pi-	0.0000E+00	1.8203E-02	7.0207E-02	8.1830E-03
5.8516E+00	4.7364E-01	5.9866E-01	3.8999E-01	3.0864E-01	AUT	proton	pi-	0.0000E+00	7.9986E-02	7.0207E-02	8.1020E-03
5.3824E+00	4.2408E-01	6.1693E-01	4.2452E-01	2.2161E-01	AUT	proton	pi-	0.0000E+00	2.0126E-02	7.0207E-02	8.2640E-03
5.7583E+00	5.0589E-01	5.5173E-01	4.3151E-01	2.3481E-01	AUT	proton	pi-	0.0000E+00	6.4616E-02	7.0207E-02	8.1660E-03
5.4149E+00	4.3019E-01	6.1261E-01	4.2553E-01	5.5974E-01	AUT	proton	pi-	0.0000E+00	2.6104E-02	7.0207E-02	8.2570E-03
5.3683E+00	4.2601E-01	6.1286E-01	4.7386E-01	2.8603E-01	AUT	proton	pi-	0.0000E+00	2.0835E-02	7.0207E-02	8.3880E-03
5.5820E+00	5.1255E-01	5.2812E-01	4.7512E-01	3.0547E-01	AUT	proton	pi-	0.0000E+00	3.7843E-02	7.0207E-02	8.2910E-03
5.3946E+00	4.3852E-01	6.0000E-01	5.2378E-01	3.2671E-01	AUT	proton	pi-	0.0000E+00	2.0981E-02	7.0207E-02	8.5330E-03
5.6937E+00	5.4647E-01	5.0477E-01	5.2203E-01	2.7879E-01	AUT	proton	pi-	0.0000E+00	1.0833E-01	7.0207E-02	8.4300E-03
5.3975E+00	4.3655E-01	6.0290E-01	5.7339E-01	3.3786E-01	AUT	proton	pi-	0.0000E+00	2.5152E-02	7.0207E-02	8.7370E-03
5.3895E+00	4.2954E-01	6.1087E-01	6.2299E-01	3.3313E-01	AUT	proton	pi-	0.0000E+00	3.2670E-02	7.0207E-02	8.9930E-03
5.3749E+00	4.1997E-01	6.2201E-01	6.7227E-01	3.1821E-01	AUT	proton	pi-	0.0000E+00	4.4993E-02	7.0207E-02	9.3060E-03
6.5287E+00	4.9854E-01	6.3546E-01	3.8012E-01	3.2873E-01	AUT	proton	pi-	0.0000E+00	2.5230E-02	7.0207E-02	8.0280E-03
6.4922E+00	5.1978E-01	6.0715E-01	4.2491E-01	3.2615E-01	AUT	proton	pi-	0.0000E+00	2.2074E-02	7.0207E-02	8.1170E-03
6.4673E+00	5.2222E-01	6.0232E-01	4.7365E-01	3.2923E-01	AUT	proton	pi-	0.0000E+00	2.6047E-02	7.0207E-02	8.2630E-03
6.4572E+00	5.1826E-01	6.0584E-01	5.2347E-01	3.2722E-01	AUT	proton	pi-	0.0000E+00	3.2928E-02	7.0207E-02	8.4540E-03
6.4341E+00	5.1126E-01	6.1159E-01	5.7287E-01	3.2056E-01	AUT	proton	pi-	0.0000E+00	4.3024E-02	7.0207E-02	8.6940E-03
1.3322E+00	9.9794E-02	8.1044E-01	3.7883E-01	3.8853E-01	AUT	proton	pi-	0.0000E+00	1.2592E-02	7.0207E-02	1.2700E-02
1.3310E+00	1.0835E-01	7.4859E-01	4.2714E-01	3.9343E-01	AUT	proton	pi-	0.0000E+00	7.7010E-03	7.0207E-02	1.2759E-02
1.2707E+00	1.1069E-01	7.0047E-01	4.7565E-01	3.2162E-01	AUT	proton	pi-	0.0000E+00	8.5620E-03	7.0207E-02	1.2831E-02
1.7693E+00	1.6829E-01	6.3813E-01	4.7973E-01	2.9790E-01	AUT	proton	pi-	0.0000E+00	1.7776E-02	7.0207E-02	1.2730E-02
1.3388E+00	1.1571E-01	7.1032E-01	4.7683E-01	7.4340E-01	AUT	proton	pi-	0.0000E+00	1.0895E-02	7.0207E-02	1.2816E-02
1.2343E+00	1.1367E-01	6.6425E-01	5.2481E-01	3.2127E-01	AUT	proton	pi-	0.0000E+00	8.4620E-03	7.0207E-02	1.2906E-02
1.6820E+00	1.7118E-01	5.9682E-01	5.2684E-01	2.9376E-01	AUT	proton	pi-	0.0000E+00	1.2355E-02	7.0207E-02	1.2831E-02
1.3401E+00	1.2304E-01	6.7310E-01	5.2574E-01	7.5554E-01	AUT	proton	pi-	0.0000E+00	9.5070E-03	7.0207E-02	1.2884E-02
1.2383E+00	1.1960E-01	6.3532E-01	5.7451E-01	3.2301E-01	AUT	proton	pi-	0.0000E+00	8.5440E-03	7.0207E-02	1.2997E-02
1.6623E+00	1.8098E-01	5.5787E-01	5.7600E-01	2.9353E-01	AUT	proton	pi-	0.0000E+00	1.1998E-02	7.0207E-02	1.2942E-02
1.3297E+00	1.2657E-01	6.5233E-01	5.7482E-01	7.5953E-01	AUT	proton	pi-	0.0000E+00	9.7990E-03	7.0207E-02	1.2975E-02
1.2542E+00	1.2671E-01	6.0961E-01	6.2427E-01	3.2277E-01	AUT	proton	pi-	0.0000E+00	8.7330E-03	7.0207E-02	1.3118E-02
1.6746E+00	1.9444E-01	5.2334E-01	6.2526E-01	2.9592E-01	AUT	proton	pi-	0.0000E+00	1.3496E-02	7.0207E-02	1.3088E-02
1.3142E+00	1.2395E-01	6.5800E-01	6.2350E-01	7.5700E-01	AUT	proton	pi-	0.0000E+00	1.1895E-02	7.0207E-02	1.3085E-02
1.3248E+00	1.4091E-01	5.8268E-01	6.7363E-01	3.1434E-01	AUT	proton	pi-	0.0000E+00	8.5920E-03	7.0207E-02	1.3278E-02
1.8327E+00	2.3130E-01	4.8036E-01	6.6964E-01	2.4062E-01	AUT	proton	pi-	0.0000E+00	4.2371E-02	7.0207E-02	1.3220E-02
1.3047E+00	1.1724E-01	6.8656E-01	6.7287E-01	7.5471E-01	AUT	proton	pi-	0.0000E+00	1.7914E-02	7.0207E-02	1.3203E-02
2.2972E+00	2.1353E-01	6.6120E-01	4.7977E-01	4.0306E-01	AUT	proton	pi-	0.0000E+00	1.8325E-02	7.0207E-02	1.2517E-02
2.3639E+00	2.3979E-01	6.0453E-01	5.2612E-01	3.7525E-01	AUT	proton	pi-	0.0000E+00	1.1471E-02	7.0207E-02	1.2551E-02
2.3790E+00	2.5179E-01	5.7984E-01	5.7455E-01	3.6388E-01	AUT	proton	pi-	0.0000E+00	1.1447E-02	7.0207E-02	1.2689E-02
2.3686E+00	2.5445E-01	5.7235E-01	6.2346E-01	3.4743E-01	AUT	proton	pi-	0.0000E+00	1.3604E-02	7.0207E-02	1.2906E-02
2.3434E+00	2.4623E-01	5.8435E-01	6.7223E-01	3.2735E-01	AUT	proton	pi-	0.0000E+00	1.8604E-02	7.0207E-02	1.3194E-02
3.4037E+00	3.5962E-01	5.7385E-01	5.2690E-01	3.1901E-01	AUT	proton	pi-	0.0000E+00	2.6542E-02	7.0207E-02	1.2223E-02
3.3831E+00	3.6700E-01	5.5950E-01	5.7384E-01	3.0137E-01	AUT	proton	pi-	0.0000E+00	2.7011E-02	7.0207E-02	1.2436E-02
