Q2	x	y	z	pT	obs	target	hadron	value	stat	systrel	systabs
1.186925	0.093162	0.618801	0.322019	0.161774	AUT	neutron	pi-	0.0	0.002397	0.070207	0.0009880000000000002
1.368853	0.113501	0.58454	0.32271500000000003	0.14975	AUT	neutron	pi-	0.0	0.001957	0.070207	0.00099
1.483554	0.12802	0.5616	0.32305300000000003	0.142756	AUT	neutron	pi-	0.0	0.001872	0.070207	0.0009939999999999999
1.561956	0.140618	0.5382939999999999	0.323279	0.136156	AUT	neutron	pi-	0.0	0.0019100000000000002	0.070207	0.000999
1.618207	0.152871	0.512991	0.323416	0.129805	AUT	neutron	pi-	0.0	0.0019850000000000002	0.070207	0.001005
1.6674369999999998	0.166261	0.486059	0.323585	0.123553	AUT	neutron	pi-	0.0	0.002066	0.070207	0.0010119999999999999
1.712761	0.181885	0.45643100000000003	0.323982	0.11693800000000001	AUT	neutron	pi-	0.0	0.002273	0.070207	0.001021
1.7754990000000002	0.203733	0.422645	0.32549	0.11150999999999998	AUT	neutron	pi-	0.0	0.002405	0.070207	0.001035
1.8731939999999998	0.23474699999999998	0.38711799999999996	0.33003699999999997	0.11277999999999999	AUT	neutron	pi-	0.0	0.0035810000000000004	0.070207	0.0010539999999999998
1.073692	0.066228	0.786924	0.32156599999999996	0.336599	AUT	neutron	pi-	0.0	0.002096	0.070207	0.000989
1.123614	0.074545	0.7304729999999999	0.322265	0.321833	AUT	neutron	pi-	0.0	0.00186	0.070207	0.000989
1.157953	0.08007	0.70072	0.32262399999999997	0.316822	AUT	neutron	pi-	0.0	0.0018960000000000001	0.070207	0.000989
1.189542	0.084618	0.68109	0.322881	0.31314200000000003	AUT	neutron	pi-	0.0	0.001853	0.070207	0.000989
1.233025	0.088905	0.67192	0.322968	0.311056	AUT	neutron	pi-	0.0	0.0018859999999999999	0.070207	0.000989
1.27587	0.093158	0.6635270000000001	0.32308200000000004	0.30895	AUT	neutron	pi-	0.0	0.001857	0.070207	0.000989
1.317817	0.097346	0.655846	0.323191	0.307027	AUT	neutron	pi-	0.0	0.0019100000000000002	0.070207	0.000989
1.359333	0.10159299999999999	0.648234	0.323233	0.305039	AUT	neutron	pi-	0.0	0.0018789999999999998	0.070207	0.00099
1.402333	0.105991	0.640985	0.32335	0.303528	AUT	neutron	pi-	0.0	0.001923	0.070207	0.00099
1.444301	0.11043599999999999	0.633598	0.32340599999999997	0.301917	AUT	neutron	pi-	0.0	0.001962	0.070207	0.000991
1.4867350000000001	0.114981	0.626425	0.32345799999999997	0.300419	AUT	neutron	pi-	0.0	0.0020050000000000003	0.070207	0.000992
1.531722	0.119779	0.619537	0.32355300000000004	0.299086	AUT	neutron	pi-	0.0	0.002	0.070207	0.000993
1.576111	0.124775	0.611967	0.32363800000000004	0.297747	AUT	neutron	pi-	0.0	0.002105	0.070207	0.000995
1.61016	0.130051	0.599852	0.32372	0.296146	AUT	neutron	pi-	0.0	0.0021579999999999998	0.070207	0.0009960000000000001
1.63513	0.135874	0.583056	0.323828	0.29428499999999996	AUT	neutron	pi-	0.0	0.002362	0.070207	0.000998
1.659763	0.142399	0.564742	0.323943	0.291962	AUT	neutron	pi-	0.0	0.0026550000000000002	0.070207	0.001001
1.680516	0.15049	0.541127	0.324017	0.28973899999999997	AUT	neutron	pi-	0.0	0.003076	0.070207	0.001004
1.6984650000000001	0.161151	0.5107970000000001	0.324017	0.28875100000000004	AUT	neutron	pi-	0.0	0.004412	0.070207	0.00101
1.7177799999999999	0.17568399999999998	0.474017	0.324117	0.290098	AUT	neutron	pi-	0.0	0.007214	0.070207	0.001018
1.76404	0.198937	0.430227	0.325335	0.291649	AUT	neutron	pi-	0.0	0.006881999999999999	0.070207	0.001032
1.865227	0.232861	0.38866799999999996	0.330056	0.292079	AUT	neutron	pi-	0.0	0.009579	0.070207	0.001053
1.0560129999999999	0.062039	0.8255110000000001	0.322839	0.500555	AUT	neutron	pi-	0.0	0.001911	0.070207	0.000989
1.10592	0.0687	0.7800739999999999	0.323268	0.49571800000000005	AUT	neutron	pi-	0.0	0.001967	0.070207	0.00099
1.1457600000000001	0.07373500000000001	0.752899	0.323574	0.492059	AUT	neutron	pi-	0.0	0.001967	0.070207	0.00099
1.185608	0.078457	0.732175	0.323816	0.490043	AUT	neutron	pi-	0.0	0.0019920000000000003	0.070207	0.000989
1.2231	0.08299400000000001	0.714012	0.323891	0.489126	AUT	neutron	pi-	0.0	0.002092	0.070207	0.000989
1.270225	0.087575	0.702706	0.323928	0.48858900000000005	AUT	neutron	pi-	0.0	0.002082	0.070207	0.000989
1.32135	0.09247899999999999	0.692238	0.323967	0.488058	AUT	neutron	pi-	0.0	0.00214	0.070207	0.000989
1.374076	0.09771	0.681321	0.324006	0.487392	AUT	neutron	pi-	0.0	0.0021550000000000002	0.070207	0.00099
1.430857	0.103503	0.6697770000000001	0.324034	0.48725799999999997	AUT	neutron	pi-	0.0	0.0021739999999999997	0.070207	0.00099
1.489745	0.109884	0.6568609999999999	0.324047	0.486808	AUT	neutron	pi-	0.0	0.002224	0.070207	0.000991
1.550686	0.116976	0.642281	0.324063	0.48693800000000004	AUT	neutron	pi-	0.0	0.002257	0.070207	0.000993
1.61144	0.12484200000000001	0.6254390000000001	0.324073	0.48685600000000007	AUT	neutron	pi-	0.0	0.002316	0.070207	0.000995
1.637714	0.134294	0.591084	0.324025	0.48800299999999996	AUT	neutron	pi-	0.0	0.002273	0.070207	0.000998
1.656252	0.147456	0.544586	0.323824	0.48988000000000004	AUT	neutron	pi-	0.0	0.002176	0.070207	0.001003
1.6881810000000002	0.16731300000000002	0.48956000000000005	0.323787	0.491016	AUT	neutron	pi-	0.0	0.002307	0.070207	0.001013
1.777409	0.20512199999999997	0.421946	0.326152	0.49243400000000004	AUT	neutron	pi-	0.0	0.0035670000000000003	0.070207	0.001035
1.106832	0.067205	0.800311	0.32609299999999997	0.668227	AUT	neutron	pi-	0.0	0.001893	0.070207	0.000989
1.258604	0.084122	0.7257060000000001	0.326293	0.666201	AUT	neutron	pi-	0.0	0.001913	0.070207	0.000989
1.453591	0.103879	0.678756	0.326281	0.6651050000000001	AUT	neutron	pi-	0.0	0.002053	0.070207	0.000991
1.6677560000000002	0.13431600000000002	0.6052109999999999	0.326808	0.661396	AUT	neutron	pi-	0.0	0.002843	0.070207	0.000998
1.7868990000000002	0.188354	0.464164	0.329606	0.645403	AUT	neutron	pi-	0.0	0.021512	0.070207	0.001025
1.262089	0.10404300000000001	0.5895630000000001	0.372434	0.155756	AUT	neutron	pi-	0.0	0.00214	0.070207	0.00098
1.483508	0.130667	0.550427	0.373064	0.141011	AUT	neutron	pi-	0.0	0.001865	0.070207	0.000984
1.592759	0.149568	0.516261	0.37332600000000005	0.132029	AUT	neutron	pi-	0.0	0.001924	0.070207	0.000991
1.665427	0.16862	0.47886999999999996	0.373531	0.124175	AUT	neutron	pi-	0.0	0.002019	0.070207	0.001
1.727929	0.191802	0.43699	0.373718	0.116825	AUT	neutron	pi-	0.0	0.002175	0.070207	0.001013
1.7940310000000002	0.23082800000000003	0.37811100000000003	0.374465	0.117897	AUT	neutron	pi-	0.0	0.0020670000000000003	0.070207	0.001035
1.9149479999999999	0.283696	0.32716100000000004	0.381349	0.137603	AUT	neutron	pi-	0.0	0.013196000000000001	0.070207	0.001064
1.098156	0.07198500000000001	0.741337	0.37192	0.334891	AUT	neutron	pi-	0.0	0.002092	0.070207	0.000984
1.1610530000000001	0.082745	0.680036	0.372704	0.31953000000000004	AUT	neutron	pi-	0.0	0.001887	0.070207	0.000982
1.225522	0.089935	0.6602359999999999	0.372906	0.31532899999999997	AUT	neutron	pi-	0.0	0.001871	0.070207	0.000982
1.290785	0.09656	0.647663	0.373054	0.312183	AUT	neutron	pi-	0.0	0.001866	0.070207	0.000981
1.3513540000000002	0.102848	0.636584	0.373217	0.30941799999999997	AUT	neutron	pi-	0.0	0.001925	0.070207	0.000981
1.411733	0.109242	0.626112	0.373319	0.306691	AUT	neutron	pi-	0.0	0.0018629999999999999	0.070207	0.000982
1.473611	0.115981	0.61557	0.373427	0.304165	AUT	neutron	pi-	0.0	0.001902	0.070207	0.000983
1.534493	0.122774	0.605536	0.373506	0.301798	AUT	neutron	pi-	0.0	0.001978	0.070207	0.000984
1.586395	0.129842	0.5919810000000001	0.373594	0.299525	AUT	neutron	pi-	0.0	0.0020440000000000002	0.070207	0.000986
1.625804	0.137818	0.571605	0.373707	0.296657	AUT	neutron	pi-	0.0	0.0021579999999999998	0.070207	0.0009880000000000002
1.6651630000000002	0.147326	0.547715	0.373864	0.29336999999999996	AUT	neutron	pi-	0.0	0.00246	0.070207	0.000991
1.6956080000000002	0.159664	0.51477	0.374058	0.290088	AUT	neutron	pi-	0.0	0.0032600000000000003	0.070207	0.000997
1.7220520000000001	0.178377	0.468305	0.37406	0.289983	AUT	neutron	pi-	0.0	0.006364	0.070207	0.001006
1.764082	0.21309099999999997	0.402596	0.374098	0.291565	AUT	neutron	pi-	0.0	0.005789	0.070207	0.001025
1.8537279999999998	0.26205	0.343361	0.37800300000000003	0.29003	AUT	neutron	pi-	0.0	0.008647	0.070207	0.001052
1.072514	0.064657	0.80504	0.372765	0.502676	AUT	neutron	pi-	0.0	0.001889	0.070207	0.000985
1.134737	0.07343200000000001	0.748905	0.37329	0.497539	AUT	neutron	pi-	0.0	0.001945	0.070207	0.000984
1.1844290000000002	0.079987	0.71754	0.37359499999999995	0.493572	AUT	neutron	pi-	0.0	0.0019879999999999997	0.070207	0.000983
1.2413299999999998	0.08622	0.697547	0.373788	0.49143000000000003	AUT	neutron	pi-	0.0	0.002058	0.070207	0.000983
1.311439	0.092761	0.6849850000000001	0.373884	0.49026000000000003	AUT	neutron	pi-	0.0	0.0021190000000000002	0.070207	0.000982
1.384448	0.09978	0.672248	0.373967	0.489411	AUT	neutron	pi-	0.0	0.002242	0.070207	0.000982
1.4619229999999999	0.107466	0.659117	0.374013	0.488595	AUT	neutron	pi-	0.0	0.002365	0.070207	0.000983
1.54175	0.116093	0.643468	0.37405700000000003	0.487592	AUT	neutron	pi-	0.0	0.002513	0.070207	0.000984
1.620946	0.126227	0.6223380000000001	0.374105	0.486954	AUT	neutron	pi-	0.0	0.0027010000000000003	0.070207	0.000986
1.653572	0.139573	0.574523	0.374064	0.487046	AUT	neutron	pi-	0.0	0.0033350000000000003	0.070207	0.000989
1.681729	0.16178399999999998	0.5048189999999999	0.373915	0.489858	AUT	neutron	pi-	0.0	0.003077	0.070207	0.000997
1.7566979999999999	0.211387	0.406641	0.374098	0.49249899999999996	AUT	neutron	pi-	0.0	0.003282	0.070207	0.001024
1.9065020000000001	0.281951	0.327757	0.38145100000000004	0.49332200000000004	AUT	neutron	pi-	0.0	0.037314	0.070207	0.0010630000000000001
1.098472	0.066697	0.7999649999999999	0.374571	0.678653	AUT	neutron	pi-	0.0	0.00193	0.070207	0.000984
1.2224979999999999	0.081189	0.730219	0.37509699999999996	0.675941	AUT	neutron	pi-	0.0	0.001934	0.070207	0.000983
1.3693520000000001	0.096815	0.685862	0.375103	0.675897	AUT	neutron	pi-	0.0	0.0018800000000000002	0.070207	0.000982
1.550761	0.11801199999999999	0.6376390000000001	0.37495700000000004	0.6764819999999999	AUT	neutron	pi-	0.0	0.0018989999999999999	0.070207	0.000984
1.6820509999999997	0.156373	0.526671	0.375249	0.673449	AUT	neutron	pi-	0.0	0.002801	0.070207	0.0009960000000000001
1.801977	0.22563200000000003	0.389343	0.376712	0.657987	AUT	neutron	pi-	0.0	0.028980000000000002	0.070207	0.001032
1.3912579999999999	0.096801	0.718198	0.37845100000000004	0.858295	AUT	neutron	pi-	0.0	0.003036	0.070207	0.000985
1.33446	0.11454	0.566751	0.422825	0.150171	AUT	neutron	pi-	0.0	0.001999	0.070207	0.000974
1.5722559999999999	0.14774500000000002	0.516324	0.42334700000000003	0.132993	AUT	neutron	pi-	0.0	0.0018850000000000002	0.070207	0.000981
1.6801869999999999	0.175742	0.46393100000000004	0.42360699999999996	0.123511	AUT	neutron	pi-	0.0	0.001998	0.070207	0.000992
1.76682	0.21599000000000002	0.39822199999999996	0.423695	0.119323	AUT	neutron	pi-	0.0	0.0020280000000000003	0.070207	0.001013
1.843622	0.27063000000000004	0.330473	0.42319399999999996	0.136955	AUT	neutron	pi-	0.0	0.005790999999999999	0.070207	0.001042
1.115105	0.07813300000000001	0.693762	0.42179099999999997	0.329743	AUT	neutron	pi-	0.0	0.002106	0.070207	0.000978
1.2255260000000001	0.09174500000000001	0.647334	0.42272600000000005	0.317449	AUT	neutron	pi-	0.0	0.0018859999999999999	0.070207	0.000976
1.3292709999999999	0.102447	0.628729	0.42302399999999996	0.31339	AUT	neutron	pi-	0.0	0.0018239999999999999	0.070207	0.000975
1.4218680000000001	0.1125	0.612396	0.423288	0.309148	AUT	neutron	pi-	0.0	0.001865	0.070207	0.000975
1.510329	0.122323	0.59825	0.423458	0.30546799999999996	AUT	neutron	pi-	0.0	0.001891	0.070207	0.000976
1.581417	0.13267	0.577638	0.42358100000000004	0.30142399999999997	AUT	neutron	pi-	0.0	0.001947	0.070207	0.000978
1.640138	0.144629	0.549611	0.42373500000000003	0.29729099999999997	AUT	neutron	pi-	0.0	0.002151	0.070207	0.000981
1.691656	0.160301	0.511692	0.42391899999999993	0.29240900000000003	AUT	neutron	pi-	0.0	0.002744	0.070207	0.000986
1.7324099999999998	0.186083	0.45220699999999997	0.42400299999999996	0.29071199999999997	AUT	neutron	pi-	0.0	0.0058909999999999995	0.070207	0.000998
1.7984220000000002	0.241146	0.36430300000000004	0.424038	0.290101	AUT	neutron	pi-	0.0	0.003729	0.070207	0.001026
1.09365	0.070952	0.748437	0.42036999999999997	0.5015109999999999	AUT	neutron	pi-	0.0	0.0018859999999999999	0.070207	0.00098
1.176066	0.081976	0.69531	0.42264799999999997	0.495859	AUT	neutron	pi-	0.0	0.0019399999999999999	0.070207	0.000978
1.266103	0.090724	0.676184	0.42321800000000004	0.49268	AUT	neutron	pi-	0.0	0.002027	0.070207	0.000977
1.3632959999999998	0.09967899999999999	0.662678	0.423567	0.49116099999999996	AUT	neutron	pi-	0.0	0.0021219999999999998	0.070207	0.000976
1.467592	0.109624	0.6486850000000001	0.423839	0.489879	AUT	neutron	pi-	0.0	0.002234	0.070207	0.000976
1.5774920000000001	0.12111199999999998	0.6311760000000001	0.42408500000000005	0.488838	AUT	neutron	pi-	0.0	0.0024530000000000003	0.070207	0.000977
1.6523900000000002	0.135267	0.592411	0.42418	0.486796	AUT	neutron	pi-	0.0	0.003143	0.070207	0.0009789999999999998
1.6859549999999999	0.15933	0.514366	0.424155	0.48778299999999997	AUT	neutron	pi-	0.0	0.005136	0.070207	0.000986
1.766447	0.218491	0.39758699999999997	0.42394899999999996	0.489688	AUT	neutron	pi-	0.0	0.004187	0.070207	0.0010140000000000001
1.127024	0.073424	0.745912	0.421133	0.684561	AUT	neutron	pi-	0.0	0.001978	0.070207	0.00098
1.302534	0.091665	0.688991	0.423525	0.683171	AUT	neutron	pi-	0.0	0.002064	0.070207	0.000977
1.505109	0.112925	0.6466529999999999	0.42431499999999994	0.683559	AUT	neutron	pi-	0.0	0.002058	0.070207	0.000976
1.653239	0.149841	0.540036	0.424339	0.6852199999999999	AUT	neutron	pi-	0.0	0.002031	0.070207	0.000983
1.7699060000000002	0.21668600000000002	0.39865500000000004	0.42410200000000003	0.677417	AUT	neutron	pi-	0.0	0.010676999999999999	0.070207	0.001013
1.429926	0.108233	0.664162	0.425422	0.875526	AUT	neutron	pi-	0.0	0.00215	0.070207	0.00098
1.416518	0.126845	0.544053	0.473046	0.143603	AUT	neutron	pi-	0.0	0.0018780000000000001	0.070207	0.000968
1.657859	0.17108299999999999	0.47093500000000005	0.47358999999999996	0.126119	AUT	neutron	pi-	0.0	0.0019190000000000001	0.070207	0.0009789999999999998
1.78045	0.22521599999999997	0.38665	0.473646	0.12471099999999999	AUT	neutron	pi-	0.0	0.002116	0.070207	0.001004
1.145493	0.08671	0.641804	0.47176899999999994	0.320471	AUT	neutron	pi-	0.0	0.001994	0.070207	0.0009720000000000001
1.320722	0.1058	0.60507	0.47264399999999995	0.31254299999999996	AUT	neutron	pi-	0.0	0.0018440000000000002	0.070207	0.000968
1.4647940000000002	0.121505	0.58422	0.472925	0.30765	AUT	neutron	pi-	0.0	0.0018629999999999999	0.070207	0.000968
1.582798	0.136683	0.561284	0.473499	0.302602	AUT	neutron	pi-	0.0	0.001947	0.070207	0.0009699999999999999
1.665556	0.154875	0.521558	0.473842	0.29646300000000003	AUT	neutron	pi-	0.0	0.0022440000000000003	0.070207	0.000974
1.731495	0.185898	0.45316999999999996	0.474	0.29136100000000004	AUT	neutron	pi-	0.0	0.004337	0.070207	0.000986
1.803766	0.246243	0.35727600000000004	0.474066	0.289569	AUT	neutron	pi-	0.0	0.0035340000000000002	0.070207	0.0010140000000000001
1.114678	0.081387	0.665103	0.471091	0.498076	AUT	neutron	pi-	0.0	0.001889	0.070207	0.000973
1.2749139999999999	0.097578	0.633166	0.47264399999999995	0.49262	AUT	neutron	pi-	0.0	0.002039	0.070207	0.0009699999999999999
1.440613	0.11301900000000001	0.617693	0.47289	0.49038999999999994	AUT	neutron	pi-	0.0	0.002221	0.070207	0.000968
1.609437	0.13096300000000002	0.595827	0.473479	0.488968	AUT	neutron	pi-	0.0	0.002566	0.070207	0.0009699999999999999
1.6898689999999998	0.159366	0.5164340000000001	0.474225	0.48788400000000004	AUT	neutron	pi-	0.0	0.005209	0.070207	0.000976
1.774183	0.222608	0.39097800000000005	0.47398999999999997	0.488568	AUT	neutron	pi-	0.0	0.005751	0.070207	0.001003
1.185206	0.08708300000000001	0.661717	0.47159700000000004	0.684711	AUT	neutron	pi-	0.0	0.002407	0.070207	0.0009720000000000001
1.517269	0.121669	0.606064	0.47315	0.685832	AUT	neutron	pi-	0.0	0.002668	0.070207	0.0009689999999999999
1.7055259999999999	0.179616	0.468721	0.47393	0.6871649999999999	AUT	neutron	pi-	0.0	0.002884	0.070207	0.000984
1.450552	0.120066	0.603232	0.474326	0.8919860000000001	AUT	neutron	pi-	0.0	0.002173	0.070207	0.0009720000000000001
1.4864700000000002	0.140213	0.518083	0.523184	0.137478	AUT	neutron	pi-	0.0	0.001838	0.070207	0.0009609999999999999
1.746218	0.208619	0.41098100000000004	0.523569	0.12601700000000002	AUT	neutron	pi-	0.0	0.001945	0.070207	0.000982
1.2086780000000001	0.09902899999999999	0.593152	0.521625	0.313889	AUT	neutron	pi-	0.0	0.001875	0.070207	0.0009630000000000001
1.456489	0.12754100000000002	0.553672	0.5227569999999999	0.30649299999999996	AUT	neutron	pi-	0.0	0.0018690000000000002	0.070207	0.000959
1.6415819999999999	0.152862	0.521047	0.523573	0.299252	AUT	neutron	pi-	0.0	0.0020859999999999997	0.070207	0.0009630000000000001
1.741626	0.196468	0.433542	0.523997	0.291767	AUT	neutron	pi-	0.0	0.0033369999999999997	0.070207	0.000977
1.831343	0.266273	0.333937	0.523996	0.290833	AUT	neutron	pi-	0.0	0.005564	0.070207	0.001006
1.172369	0.09372799999999999	0.6073310000000001	0.521371	0.495572	AUT	neutron	pi-	0.0	0.001968	0.070207	0.000964
1.449865	0.122235	0.575156	0.522726	0.489623	AUT	neutron	pi-	0.0	0.002388	0.070207	0.0009599999999999999
1.678655	0.158159	0.517573	0.523877	0.48856499999999997	AUT	neutron	pi-	0.0	0.00436	0.070207	0.000965
1.7777610000000001	0.22382600000000002	0.388527	0.523776	0.48685600000000007	AUT	neutron	pi-	0.0	0.007396	0.070207	0.0009880000000000002
1.322553	0.109168	0.591093	0.52205	0.68513	AUT	neutron	pi-	0.0	0.0038159999999999995	0.070207	0.000962
1.7027869999999998	0.175581	0.47751899999999997	0.5238659999999999	0.6854020000000001	AUT	neutron	pi-	0.0	0.004097	0.070207	0.0009699999999999999
1.448077	0.12716	0.563026	0.523399	0.908646	AUT	neutron	pi-	0.0	0.002455	0.070207	0.0009630000000000001
1.562656	0.159425	0.481605	0.573155	0.13178299999999998	AUT	neutron	pi-	0.0	0.0018260000000000001	0.070207	0.000953
1.795821	0.233977	0.374303	0.573462	0.128269	AUT	neutron	pi-	0.0	0.003425	0.070207	0.000974
1.321564	0.118378	0.543469	0.571723	0.308717	AUT	neutron	pi-	0.0	0.001825	0.070207	0.000951
1.6530939999999998	0.163609	0.491281	0.573391	0.29745	AUT	neutron	pi-	0.0	0.002235	0.070207	0.0009519999999999999
1.78036	0.22750599999999999	0.383382	0.573673	0.290481	AUT	neutron	pi-	0.0	0.003006	0.070207	0.0009720000000000001
1.3090030000000001	0.114961	0.554104	0.571505	0.49118900000000004	AUT	neutron	pi-	0.0	0.0022199999999999998	0.070207	0.0009519999999999999
1.701425	0.180162	0.46663599999999994	0.573458	0.488195	AUT	neutron	pi-	0.0	0.005000999999999999	0.070207	0.0009570000000000001
1.414672	0.128709	0.537837	0.5722	0.748484	AUT	neutron	pi-	0.0	0.002897	0.070207	0.000951
1.769637	0.19451500000000002	0.442748	0.573132	0.708952	AUT	neutron	pi-	0.0	0.008357	0.070207	0.0009609999999999999
1.415664	0.13733900000000002	0.501678	0.621733	0.255767	AUT	neutron	pi-	0.0	0.001843	0.070207	0.000936
1.7107599999999998	0.18925899999999998	0.440395	0.623505	0.223333	AUT	neutron	pi-	0.0	0.002072	0.070207	0.0009400000000000001
1.8179439999999998	0.24466500000000002	0.360813	0.622142	0.22119499999999997	AUT	neutron	pi-	0.0	0.0037259999999999997	0.070207	0.0009550000000000001
1.425833	0.13686099999999998	0.507754	0.6214890000000001	0.555054	AUT	neutron	pi-	0.0	0.0037909999999999997	0.070207	0.0009369999999999999
1.758825	0.196717	0.435933	0.622844	0.535524	AUT	neutron	pi-	0.0	0.009327	0.070207	0.000942
1.564096	0.167581	0.45578500000000005	0.6721739999999999	0.235591	AUT	neutron	pi-	0.0	0.0019219999999999999	0.070207	0.000918
1.818964	0.22784000000000001	0.387387	0.6706979999999999	0.20625700000000002	AUT	neutron	pi-	0.0	0.004357	0.070207	0.000926
1.540438	0.160137	0.46976999999999997	0.670247	0.551449	AUT	neutron	pi-	0.0	0.007958	0.070207	0.000919
2.162194	0.162619	0.646142	0.32271700000000003	0.147367	AUT	neutron	pi-	0.0	0.002584	0.070207	0.001019
2.256539	0.186168	0.587471	0.32319899999999996	0.13416199999999998	AUT	neutron	pi-	0.0	0.002623	0.070207	0.001033
2.3191889999999997	0.201128	0.558747	0.32339	0.12823900000000002	AUT	neutron	pi-	0.0	0.002746	0.070207	0.001044
2.378836	0.214484	0.5373979999999999	0.323486	0.123615	AUT	neutron	pi-	0.0	0.002778	0.070207	0.001053
2.430527	0.227516	0.51763	0.32353899999999997	0.12005299999999999	AUT	neutron	pi-	0.0	0.0029219999999999997	0.070207	0.001062
2.463176	0.24082699999999999	0.49561000000000005	0.323651	0.11713599999999999	AUT	neutron	pi-	0.0	0.002999	0.070207	0.0010710000000000001
2.48775	0.255782	0.47130200000000005	0.324049	0.11494700000000001	AUT	neutron	pi-	0.0	0.003041	0.070207	0.00108
2.536463	0.27495	0.447087	0.32497	0.114846	AUT	neutron	pi-	0.0	0.002966	0.070207	0.001092
2.656556	0.307082	0.41955699999999996	0.325932	0.120047	AUT	neutron	pi-	0.0	0.0028179999999999998	0.070207	0.001111
2.825965	0.355177	0.385806	0.329612	0.13492	AUT	neutron	pi-	0.0	0.008471	0.070207	0.001134
2.0882959999999997	0.14291199999999998	0.708703	0.32295300000000005	0.308192	AUT	neutron	pi-	0.0	0.002595	0.070207	0.001008
2.164628	0.157351	0.6666270000000001	0.323544	0.301286	AUT	neutron	pi-	0.0	0.002688	0.070207	0.001016
2.222165	0.168364	0.6395310000000001	0.323745	0.295635	AUT	neutron	pi-	0.0	0.00285	0.070207	0.0010220000000000001
2.277981	0.178698	0.6176550000000001	0.323878	0.29175100000000004	AUT	neutron	pi-	0.0	0.0031780000000000003	0.070207	0.001029
2.332961	0.188925	0.59831	0.323965	0.28964	AUT	neutron	pi-	0.0	0.00371	0.070207	0.001036
2.38678	0.199436	0.579854	0.32402800000000004	0.288781	AUT	neutron	pi-	0.0	0.0044670000000000005	0.070207	0.0010429999999999999
2.438312	0.210713	0.560681	0.324019	0.288478	AUT	neutron	pi-	0.0	0.0054600000000000004	0.070207	0.001051
2.484267	0.223014	0.539771	0.323995	0.288808	AUT	neutron	pi-	0.0	0.006944	0.070207	0.00106
2.4971810000000003	0.23717399999999997	0.510258	0.32402800000000004	0.289416	AUT	neutron	pi-	0.0	0.009048	0.070207	0.0010689999999999999
2.496062	0.254822	0.474754	0.324232	0.290331	AUT	neutron	pi-	0.0	0.009120999999999999	0.070207	0.00108
2.541481	0.27908	0.441457	0.32548499999999997	0.290534	AUT	neutron	pi-	0.0	0.007518	0.070207	0.001094
2.706359	0.324326	0.405337	0.327887	0.28921199999999997	AUT	neutron	pi-	0.0	0.00683	0.070207	0.001119
2.11665	0.14667	0.700504	0.324232	0.483196	AUT	neutron	pi-	0.0	0.003954	0.070207	0.00101
2.240279	0.170523	0.637023	0.323947	0.486667	AUT	neutron	pi-	0.0	0.004788000000000001	0.070207	0.001024
2.3378520000000003	0.192384	0.5891149999999999	0.323812	0.48848100000000005	AUT	neutron	pi-	0.0	0.004136	0.070207	0.001038
2.4268	0.215298	0.546459	0.323748	0.489508	AUT	neutron	pi-	0.0	0.0037630000000000003	0.070207	0.0010539999999999998
2.467157	0.242446	0.493641	0.323731	0.490771	AUT	neutron	pi-	0.0	0.003829	0.070207	0.001072
2.557878	0.285984	0.434403	0.325437	0.491805	AUT	neutron	pi-	0.0	0.005536	0.070207	0.001098
2.79774	0.349663	0.38809	0.32957	0.49165699999999996	AUT	neutron	pi-	0.0	0.025648	0.070207	0.001131
2.237755	0.170428	0.641389	0.325529	0.670384	AUT	neutron	pi-	0.0	0.0033	0.070207	0.001024
2.529887	0.247577	0.50159	0.326771	0.6615979999999999	AUT	neutron	pi-	0.0	0.009175	0.070207	0.001074
2.840385	0.35384099999999996	0.389094	0.330303	0.639718	AUT	neutron	pi-	0.0	0.25842	0.070207	0.0011330000000000001
2.191627	0.17155	0.62133	0.37296799999999997	0.14263900000000002	AUT	neutron	pi-	0.0	0.002548	0.070207	0.001011
2.303313	0.199631	0.559285	0.373315	0.129329	AUT	neutron	pi-	0.0	0.002641	0.070207	0.001027
2.383755	0.21895900000000001	0.527593	0.37356	0.12398900000000002	AUT	neutron	pi-	0.0	0.002734	0.070207	0.001039
2.44532	0.23725300000000002	0.49950500000000003	0.373603	0.120281	AUT	neutron	pi-	0.0	0.002836	0.070207	0.001051
2.478185	0.257544	0.46641499999999997	0.37364899999999995	0.11861300000000001	AUT	neutron	pi-	0.0	0.0028280000000000002	0.070207	0.0010630000000000001
2.500378	0.284181	0.426647	0.373618	0.12157000000000001	AUT	neutron	pi-	0.0	0.0027329999999999998	0.070207	0.001077
2.6148119999999997	0.328422	0.386443	0.373814	0.133666	AUT	neutron	pi-	0.0	0.003394	0.070207	0.001099
2.114168	0.148523	0.690869	0.37306500000000004	0.30914	AUT	neutron	pi-	0.0	0.002484	0.070207	0.000999
2.208264	0.167408	0.639307	0.373429	0.30201999999999996	AUT	neutron	pi-	0.0	0.0026	0.070207	0.001009
2.282427	0.18148499999999998	0.60942	0.373725	0.295862	AUT	neutron	pi-	0.0	0.002915	0.070207	0.001017
2.354234	0.19464700000000001	0.58606	0.373879	0.29226399999999997	AUT	neutron	pi-	0.0	0.003396	0.070207	0.001025
2.424846	0.208492	0.563574	0.373935	0.290672	AUT	neutron	pi-	0.0	0.004128	0.070207	0.001034
2.4859	0.22390500000000002	0.538048	0.373986	0.289668	AUT	neutron	pi-	0.0	0.005385	0.070207	0.001044
2.498095	0.242312	0.49976499999999996	0.373969	0.289785	AUT	neutron	pi-	0.0	0.007918000000000001	0.070207	0.0010539999999999998
2.480843	0.267418	0.449924	0.37399899999999997	0.29058	AUT	neutron	pi-	0.0	0.0069180000000000005	0.070207	0.001068
2.496875	0.303415	0.39919	0.374659	0.288786	AUT	neutron	pi-	0.0	0.004868	0.070207	0.001086
2.6909400000000003	0.351433	0.371203	0.37459000000000003	0.286102	AUT	neutron	pi-	0.0	0.007352	0.070207	0.001109
2.13142	0.149402	0.692765	0.374245	0.483779	AUT	neutron	pi-	0.0	0.0034409999999999996	0.070207	0.001
2.279458	0.17757	0.62266	0.37427699999999997	0.48432	AUT	neutron	pi-	0.0	0.007389	0.070207	0.001015
2.40172	0.205994	0.565488	0.37405900000000003	0.486508	AUT	neutron	pi-	0.0	0.007227	0.070207	0.001032
2.473497	0.240405	0.499615	0.374035	0.487817	AUT	neutron	pi-	0.0	0.0053159999999999995	0.070207	0.001053
2.497984	0.296135	0.41048199999999996	0.374264	0.48912799999999995	AUT	neutron	pi-	0.0	0.006332	0.070207	0.001082
2.759923	0.363821	0.367616	0.374084	0.486996	AUT	neutron	pi-	0.0	0.035807	0.070207	0.001115
2.237705	0.172283	0.6351180000000001	0.374305	0.6825100000000001	AUT	neutron	pi-	0.0	0.0026899999999999997	0.070207	0.0010119999999999999
2.46929	0.249642	0.48489499999999996	0.374396	0.678815	AUT	neutron	pi-	0.0	0.005251	0.070207	0.001057
2.722245	0.335016	0.393946	0.373392	0.657	AUT	neutron	pi-	0.0	0.058499	0.070207	0.001103
2.391645	0.196694	0.603033	0.378268	0.8571780000000001	AUT	neutron	pi-	0.0	0.014381	0.070207	0.001026
2.222267	0.181321	0.5966199999999999	0.423145	0.138005	AUT	neutron	pi-	0.0	0.002516	0.070207	0.001004
2.357198	0.215294	0.530832	0.423441	0.12615099999999999	AUT	neutron	pi-	0.0	0.002651	0.070207	0.0010220000000000001
2.444886	0.24161799999999997	0.49060200000000004	0.42358500000000004	0.12231900000000001	AUT	neutron	pi-	0.0	0.002698	0.070207	0.001037
2.49569	0.273477	0.44275600000000004	0.42356400000000005	0.12279000000000001	AUT	neutron	pi-	0.0	0.002673	0.070207	0.0010539999999999998
2.589683	0.322403	0.389994	0.42324399999999995	0.134708	AUT	neutron	pi-	0.0	0.0035600000000000002	0.070207	0.001075
2.137996	0.153882	0.6748350000000001	0.423199	0.310456	AUT	neutron	pi-	0.0	0.0024980000000000002	0.070207	0.000991
2.2509959999999998	0.177318	0.615346	0.42353199999999996	0.301938	AUT	neutron	pi-	0.0	0.0026420000000000003	0.070207	0.0010019999999999999
2.3462240000000003	0.195581	0.58138	0.42376499999999995	0.295576	AUT	neutron	pi-	0.0	0.003009	0.070207	0.0010119999999999999
2.44136	0.21422	0.552323	0.42387600000000003	0.292582	AUT	neutron	pi-	0.0	0.0038079999999999998	0.070207	0.001023
2.496932	0.23601	0.512994	0.423941	0.290578	AUT	neutron	pi-	0.0	0.005455	0.070207	0.001035
2.47948	0.266708	0.451176	0.424022	0.29012	AUT	neutron	pi-	0.0	0.005445	0.070207	0.00105
2.511256	0.313729	0.38850500000000004	0.42406499999999997	0.287962	AUT	neutron	pi-	0.0	0.0036950000000000004	0.070207	0.0010710000000000001
2.7802	0.368188	0.36589299999999997	0.42404200000000003	0.288564	AUT	neutron	pi-	0.0	0.01229	0.070207	0.001093
2.147375	0.152619	0.683569	0.42413599999999996	0.487892	AUT	neutron	pi-	0.0	0.00296	0.070207	0.000991
2.3193330000000003	0.18528699999999998	0.607432	0.42432600000000004	0.484878	AUT	neutron	pi-	0.0	0.006611	0.070207	0.001006
2.452454	0.221887	0.5366850000000001	0.42414399999999997	0.48715200000000003	AUT	neutron	pi-	0.0	0.008747	0.070207	0.001027
2.478508	0.279006	0.433197	0.42408100000000004	0.488076	AUT	neutron	pi-	0.0	0.0058850000000000005	0.070207	0.0010550000000000002
2.6773540000000002	0.349085	0.37177899999999997	0.42385500000000004	0.484306	AUT	neutron	pi-	0.0	0.024	0.070207	0.001086
2.264163	0.178595	0.621922	0.424195	0.685574	AUT	neutron	pi-	0.0	0.003433	0.070207	0.001003
2.497115	0.263299	0.46423000000000003	0.423789	0.683053	AUT	neutron	pi-	0.0	0.005524	0.070207	0.001048
2.372962	0.199891	0.589249	0.42609600000000003	0.8800319999999999	AUT	neutron	pi-	0.0	0.006365	0.070207	0.0010140000000000001
2.257284	0.191857	0.573294	0.473288	0.134099	AUT	neutron	pi-	0.0	0.002507	0.070207	0.0009960000000000001
2.415314	0.234643	0.499413	0.473584	0.124976	AUT	neutron	pi-	0.0	0.002621	0.070207	0.001018
2.505815	0.280558	0.434197	0.473438	0.12600699999999998	AUT	neutron	pi-	0.0	0.002613	0.070207	0.001039
2.665627	0.34065	0.37947	0.47311899999999996	0.142413	AUT	neutron	pi-	0.0	0.007857	0.070207	0.001062
2.172825	0.163273	0.646745	0.472325	0.309015	AUT	neutron	pi-	0.0	0.002477	0.070207	0.000984
2.316752	0.192057	0.584825	0.473641	0.299732	AUT	neutron	pi-	0.0	0.002742	0.070207	0.000997
2.4437849999999997	0.217236	0.545396	0.473817	0.294459	AUT	neutron	pi-	0.0	0.003457	0.070207	0.00101
2.4903060000000004	0.248548	0.486396	0.473997	0.290756	AUT	neutron	pi-	0.0	0.004871	0.070207	0.001025
2.482526	0.298509	0.40420700000000004	0.47403	0.289587	AUT	neutron	pi-	0.0	0.003134	0.070207	0.001045
2.713597	0.35682800000000003	0.36856700000000003	0.47395	0.29243600000000003	AUT	neutron	pi-	0.0	0.008836	0.070207	0.001067
2.190851	0.162261	0.65633	0.47266800000000003	0.48937299999999995	AUT	neutron	pi-	0.0	0.002892	0.070207	0.000984
2.399277	0.202817	0.574501	0.47425	0.486346	AUT	neutron	pi-	0.0	0.007184	0.070207	0.0010019999999999999
2.477241	0.25981	0.465563	0.47406800000000004	0.48859600000000003	AUT	neutron	pi-	0.0	0.006539	0.070207	0.001029
2.610331	0.333417	0.379717	0.47366800000000003	0.48107700000000003	AUT	neutron	pi-	0.0	0.015865999999999998	0.070207	0.001059
2.314589	0.191902	0.594154	0.473617	0.684916	AUT	neutron	pi-	0.0	0.004979	0.070207	0.000997
2.5438669999999997	0.279357	0.44292200000000004	0.473608	0.67802	AUT	neutron	pi-	0.0	0.010882	0.070207	0.001038
2.3649	0.200042	0.584168	0.474279	0.901968	AUT	neutron	pi-	0.0	0.004538	0.070207	0.001001
2.2982869999999997	0.20678600000000003	0.541821	0.522953	0.129945	AUT	neutron	pi-	0.0	0.002489	0.070207	0.0009880000000000002
2.488477	0.269737	0.44938100000000003	0.523455	0.126922	AUT	neutron	pi-	0.0	0.00255	0.070207	0.0010140000000000001
2.6753099999999996	0.340648	0.38085	0.523111	0.14418499999999998	AUT	neutron	pi-	0.0	0.009752	0.070207	0.001038
2.220484	0.182056	0.592661	0.521622	0.30439499999999997	AUT	neutron	pi-	0.0	0.002529	0.070207	0.000978
2.433924	0.21999699999999997	0.536688	0.5235609999999999	0.295588	AUT	neutron	pi-	0.0	0.0032840000000000005	0.070207	0.0009939999999999999
2.475988	0.265444	0.453874	0.523929	0.29083600000000004	AUT	neutron	pi-	0.0	0.0034909999999999997	0.070207	0.001013
2.568816	0.328569	0.379385	0.5237729999999999	0.293933	AUT	neutron	pi-	0.0	0.00432	0.070207	0.001033
2.269425	0.185612	0.594909	0.521786	0.487466	AUT	neutron	pi-	0.0	0.0039700000000000004	0.070207	0.00098
2.478943	0.254328	0.477383	0.523994	0.488134	AUT	neutron	pi-	0.0	0.006735	0.070207	0.001008
2.672206	0.33606199999999997	0.38555900000000004	0.5223399999999999	0.47362	AUT	neutron	pi-	0.0	0.018655	0.070207	0.001037
2.35134	0.20694200000000001	0.557215	0.522911	0.739487	AUT	neutron	pi-	0.0	0.00418	0.070207	0.000989
2.640003	0.28724299999999997	0.44606999999999997	0.522817	0.688174	AUT	neutron	pi-	0.0	0.018225	0.070207	0.0010220000000000001
2.346318	0.22950399999999999	0.499199	0.572818	0.127687	AUT	neutron	pi-	0.0	0.0024739999999999996	0.070207	0.000978
2.5685540000000002	0.30447199999999996	0.410218	0.573271	0.133399	AUT	neutron	pi-	0.0	0.004347	0.070207	0.001001
2.2788209999999998	0.206546	0.536619	0.571936	0.29858	AUT	neutron	pi-	0.0	0.002833	0.070207	0.0009699999999999999
2.477734	0.273519	0.442184	0.573634	0.292024	AUT	neutron	pi-	0.0	0.002852	0.070207	0.000992
2.686569	0.34515	0.37731	0.571825	0.29218099999999997	AUT	neutron	pi-	0.0	0.00859	0.070207	0.001011
2.348364	0.22320900000000002	0.515509	0.572435	0.488703	AUT	neutron	pi-	0.0	0.007137999999999999	0.070207	0.000976
2.611186	0.306204	0.41374399999999995	0.572257	0.478141	AUT	neutron	pi-	0.0	0.012256	0.070207	0.001003
2.384584	0.223304	0.5225920000000001	0.572127	0.739413	AUT	neutron	pi-	0.0	0.006374	0.070207	0.000976
2.257145	0.22159600000000002	0.495302	0.621876	0.228987	AUT	neutron	pi-	0.0	0.00265	0.070207	0.0009519999999999999
2.531986	0.285813	0.431084	0.622641	0.226625	AUT	neutron	pi-	0.0	0.002558	0.070207	0.000968
2.377607	0.238258	0.48747399999999996	0.621529	0.558343	AUT	neutron	pi-	0.0	0.008273	0.070207	0.0009570000000000001
2.318581	0.244004	0.461978	0.671083	0.280695	AUT	neutron	pi-	0.0	0.002796	0.070207	0.00093
2.748227	0.30707199999999996	0.43390500000000004	0.669313	0.236887	AUT	neutron	pi-	0.0	0.006518	0.070207	0.0009400000000000001
3.200734	0.25508600000000003	0.608642	0.32322399999999996	0.128414	AUT	neutron	pi-	0.0	0.004192	0.070207	0.001088
3.3390190000000004	0.282055	0.573689	0.323518	0.12193499999999999	AUT	neutron	pi-	0.0	0.00436	0.070207	0.001106
3.357013	0.303764	0.53564	0.32364899999999996	0.117183	AUT	neutron	pi-	0.0	0.004579	0.070207	0.001118
3.3733720000000003	0.328011	0.498439	0.32362399999999997	0.11581	AUT	neutron	pi-	0.0	0.004521	0.070207	0.0011300000000000001
3.445547	0.35634099999999996	0.468641	0.323556	0.119978	AUT	neutron	pi-	0.0	0.0043170000000000005	0.070207	0.001144
3.5469660000000003	0.395974	0.434396	0.324035	0.130994	AUT	neutron	pi-	0.0	0.004715	0.070207	0.001163
3.778636	0.444662	0.411721	0.323374	0.143019	AUT	neutron	pi-	0.0	0.022231	0.070207	0.001188
3.20913	0.24890700000000002	0.625214	0.324019	0.288089	AUT	neutron	pi-	0.0	0.006314999999999999	0.070207	0.001084
3.3901790000000003	0.275405	0.596492	0.323921	0.288339	AUT	neutron	pi-	0.0	0.009403	0.070207	0.001102
3.4039019999999995	0.298192	0.553437	0.323986	0.289095	AUT	neutron	pi-	0.0	0.013806	0.070207	0.001115
3.3725379999999996	0.327534	0.499192	0.323964	0.28993	AUT	neutron	pi-	0.0	0.012416	0.070207	0.0011300000000000001
3.4398690000000003	0.362174	0.46043900000000004	0.324071	0.289026	AUT	neutron	pi-	0.0	0.009198	0.070207	0.001147
3.563994	0.408422	0.423146	0.325355	0.28628400000000004	AUT	neutron	pi-	0.0	0.008246999999999999	0.070207	0.001168
3.8815519999999997	0.46049399999999996	0.408352	0.324289	0.284271	AUT	neutron	pi-	0.0	0.046287	0.070207	0.001196
3.299891	0.265106	0.6043729999999999	0.323885	0.486129	AUT	neutron	pi-	0.0	0.009061	0.070207	0.0010949999999999998
3.3755879999999996	0.319759	0.512976	0.323868	0.487573	AUT	neutron	pi-	0.0	0.008385	0.070207	0.001126
3.517689	0.39092899999999997	0.43716800000000006	0.324397	0.488021	AUT	neutron	pi-	0.0	0.013943	0.070207	0.00116
3.36535	0.30749099999999996	0.538564	0.3247	0.6731590000000001	AUT	neutron	pi-	0.0	0.010108	0.070207	0.001117
3.6777050000000004	0.41110399999999997	0.43356300000000003	0.32421300000000003	0.647791	AUT	neutron	pi-	0.0	0.115577	0.070207	0.0011710000000000002
3.233494	0.262619	0.597492	0.37332	0.12756199999999998	AUT	neutron	pi-	0.0	0.0040939999999999995	0.070207	0.001074
3.3499019999999997	0.297121	0.546675	0.37353600000000003	0.121545	AUT	neutron	pi-	0.0	0.004275999999999999	0.070207	0.001093
3.381589	0.330359	0.49628199999999995	0.37358600000000003	0.119775	AUT	neutron	pi-	0.0	0.004301	0.070207	0.001108
3.4885339999999996	0.374736	0.451693	0.373294	0.12774000000000002	AUT	neutron	pi-	0.0	0.004222	0.070207	0.001127
3.661251	0.426809	0.41568900000000003	0.37294499999999997	0.142976	AUT	neutron	pi-	0.0	0.013429	0.070207	0.0011480000000000001
3.2312689999999997	0.253203	0.618966	0.373872	0.291313	AUT	neutron	pi-	0.0	0.005331	0.070207	0.001068
3.413181	0.284754	0.581088	0.373944	0.28997399999999995	AUT	neutron	pi-	0.0	0.008413	0.070207	0.0010869999999999999
3.372814	0.318365	0.513922	0.373979	0.28986	AUT	neutron	pi-	0.0	0.011131	0.070207	0.001102
3.431696	0.36180300000000004	0.46003	0.37406	0.288003	AUT	neutron	pi-	0.0	0.006422	0.070207	0.001121
3.559861	0.413562	0.41730500000000004	0.37406100000000003	0.286482	AUT	neutron	pi-	0.0	0.007298000000000001	0.070207	0.001142
3.321304	0.27225	0.593194	0.374094	0.485676	AUT	neutron	pi-	0.0	0.014034	0.070207	0.0010789999999999999
3.4119669999999998	0.349575	0.475242	0.374042	0.48664300000000005	AUT	neutron	pi-	0.0	0.010243	0.070207	0.001116
3.6113169999999997	0.423336	0.413362	0.37401799999999996	0.485559	AUT	neutron	pi-	0.0	0.035366	0.070207	0.001146
3.369729	0.307601	0.539251	0.374307	0.710392	AUT	neutron	pi-	0.0	0.006536	0.070207	0.0010960000000000002
3.7476559999999997	0.419897	0.432492	0.373105	0.644831	AUT	neutron	pi-	0.0	0.132427	0.070207	0.001147
3.266406	0.271845	0.583595	0.423412	0.127021	AUT	neutron	pi-	0.0	0.004024	0.070207	0.00106
3.366301	0.319508	0.511216	0.42353199999999996	0.122427	AUT	neutron	pi-	0.0	0.0041600000000000005	0.070207	0.001082
3.5202709999999997	0.381131	0.44893	0.42325100000000004	0.131554	AUT	neutron	pi-	0.0	0.004441	0.070207	0.001104
3.260281	0.25853000000000004	0.611833	0.423804	0.294223	AUT	neutron	pi-	0.0	0.0049310000000000005	0.070207	0.0010539999999999998
3.397589	0.299062	0.5514720000000001	0.423922	0.29076399999999997	AUT	neutron	pi-	0.0	0.008237999999999999	0.070207	0.001074
3.4081010000000003	0.350079	0.47246800000000005	0.423976	0.288671	AUT	neutron	pi-	0.0	0.005517	0.070207	0.001093
3.5467730000000004	0.409231	0.42031599999999997	0.42392299999999994	0.28974099999999997	AUT	neutron	pi-	0.0	0.006601999999999999	0.070207	0.001113
3.3292379999999997	0.279254	0.581006	0.424174	0.48637600000000003	AUT	neutron	pi-	0.0	0.015478	0.070207	0.001064
3.4679800000000003	0.37318	0.45281400000000005	0.42406099999999997	0.486149	AUT	neutron	pi-	0.0	0.011454	0.070207	0.001101
3.3772580000000003	0.30647399999999997	0.542492	0.424163	0.7259369999999999	AUT	neutron	pi-	0.0	0.006097999999999999	0.070207	0.001075
3.2872339999999998	0.283054	0.56511	0.473434	0.12729000000000001	AUT	neutron	pi-	0.0	0.003927	0.070207	0.001046
3.4709470000000002	0.360846	0.46845	0.473376	0.128821	AUT	neutron	pi-	0.0	0.004072	0.070207	0.001073
3.2976870000000003	0.266548	0.6006739999999999	0.47372299999999995	0.296012	AUT	neutron	pi-	0.0	0.0047020000000000005	0.070207	0.001039
3.38351	0.324402	0.507023	0.473901	0.29020100000000004	AUT	neutron	pi-	0.0	0.005915	0.070207	0.001062
3.515075	0.396395	0.43062799999999996	0.473832	0.293048	AUT	neutron	pi-	0.0	0.0052369999999999995	0.070207	0.001083
3.341533	0.289516	0.564732	0.474105	0.486915	AUT	neutron	pi-	0.0	0.012154	0.070207	0.001048
3.506785	0.387429	0.439805	0.47378000000000003	0.48357100000000003	AUT	neutron	pi-	0.0	0.014594	0.070207	0.00108
3.3764190000000003	0.302153	0.549333	0.47407200000000005	0.732382	AUT	neutron	pi-	0.0	0.007423000000000001	0.070207	0.001052
3.3136400000000004	0.302858	0.534151	0.522997	0.126845	AUT	neutron	pi-	0.0	0.003878	0.070207	0.00103
3.5545980000000004	0.388351	0.444432	0.5231859999999999	0.13575299999999998	AUT	neutron	pi-	0.0	0.0076430000000000005	0.070207	0.001052
3.288181	0.282192	0.567207	0.52272	0.294348	AUT	neutron	pi-	0.0	0.004964	0.070207	0.001024
3.4612879999999997	0.373372	0.45167700000000005	0.523682	0.294429	AUT	neutron	pi-	0.0	0.004068	0.070207	0.001049
3.9306349999999997	0.46654300000000004	0.40815100000000004	0.522018	0.298235	AUT	neutron	pi-	0.0	0.131329	0.070207	0.0010689999999999999
3.355382	0.31438499999999997	0.525866	0.523109	0.48711899999999997	AUT	neutron	pi-	0.0	0.009299	0.070207	0.001033
3.70935	0.42396999999999996	0.42395900000000003	0.521124	0.46211800000000003	AUT	neutron	pi-	0.0	0.036157	0.070207	0.0010609999999999999
3.351516	0.300336	0.54672	0.52288	0.7297130000000001	AUT	neutron	pi-	0.0	0.011306	0.070207	0.001029
3.2362290000000002	0.29080300000000003	0.541017	0.572418	0.225369	AUT	neutron	pi-	0.0	0.0041329999999999995	0.070207	0.001001
3.4584639999999998	0.364598	0.46124499999999996	0.573334	0.23494600000000002	AUT	neutron	pi-	0.0	0.0038380000000000003	0.070207	0.001015
3.7675769999999997	0.43743999999999994	0.417311	0.569959	0.252713	AUT	neutron	pi-	0.0	0.029514	0.070207	0.001027
3.3391879999999996	0.316994	0.515789	0.572443	0.556619	AUT	neutron	pi-	0.0	0.009746	0.070207	0.001006
3.345914	0.331341	0.49202299999999993	0.621916	0.22811599999999999	AUT	neutron	pi-	0.0	0.0037649999999999997	0.070207	0.000976
3.7461860000000002	0.41137299999999993	0.44128500000000004	0.6188319999999999	0.231312	AUT	neutron	pi-	0.0	0.017455000000000002	0.070207	0.000985
3.346682	0.322153	0.505409	0.620409	0.533682	AUT	neutron	pi-	0.0	0.015182	0.070207	0.000976
3.3429660000000005	0.33626300000000003	0.48245600000000005	0.668187	0.26559299999999997	AUT	neutron	pi-	0.0	0.0055780000000000005	0.070207	0.000942
4.257811	0.320285	0.644514	0.32327	0.127185	AUT	neutron	pi-	0.0	0.005627	0.070207	0.001134
4.567957	0.359456	0.6160100000000001	0.323477	0.123083	AUT	neutron	pi-	0.0	0.005842	0.070207	0.0011539999999999999
4.529006	0.410408	0.5362779999999999	0.323529	0.120806	AUT	neutron	pi-	0.0	0.005761	0.070207	0.001178
4.40086	0.47239799999999993	0.45155100000000004	0.322956	0.13758499999999999	AUT	neutron	pi-	0.0	0.014967	0.070207	0.001207
4.224233	0.313936	0.652238	0.324033	0.286492	AUT	neutron	pi-	0.0	0.009044	0.070207	0.0011300000000000001
4.548672	0.350648	0.6287010000000001	0.32406599999999997	0.287221	AUT	neutron	pi-	0.0	0.015562999999999999	0.070207	0.00115
4.5293220000000005	0.404915	0.544117	0.323964	0.288738	AUT	neutron	pi-	0.0	0.012503	0.070207	0.001175
4.371582	0.471685	0.449251	0.32410700000000003	0.285155	AUT	neutron	pi-	0.0	0.016216	0.070207	0.0012050000000000001
4.417491	0.339335	0.632307	0.324108	0.485137	AUT	neutron	pi-	0.0	0.015688	0.070207	0.001143
4.45075	0.433968	0.499871	0.323867	0.485908	AUT	neutron	pi-	0.0	0.01983	0.070207	0.001188
4.440856	0.360813	0.602863	0.324704	0.6988449999999999	AUT	neutron	pi-	0.0	0.012558	0.070207	0.001153
4.348764	0.330938	0.637313	0.373243	0.126677	AUT	neutron	pi-	0.0	0.0055119999999999995	0.070207	0.001115
4.560844	0.39618600000000004	0.560222	0.373383	0.123708	AUT	neutron	pi-	0.0	0.005564	0.070207	0.001143
4.408615	0.47047700000000003	0.45424499999999995	0.373035	0.139729	AUT	neutron	pi-	0.0	0.017719	0.070207	0.001172
4.27412	0.319749	0.6480670000000001	0.37385300000000005	0.28929099999999996	AUT	neutron	pi-	0.0	0.007382	0.070207	0.0011099999999999999
4.5946370000000005	0.370713	0.601908	0.373948	0.288348	AUT	neutron	pi-	0.0	0.012639	0.070207	0.0011330000000000001
4.402194000000001	0.448313	0.477379	0.37399899999999997	0.287524	AUT	neutron	pi-	0.0	0.008699	0.070207	0.0011619999999999998
4.438159	0.353392	0.612892	0.37404699999999996	0.48560200000000003	AUT	neutron	pi-	0.0	0.018792	0.070207	0.001124
4.3782559999999995	0.461992	0.459769	0.374071	0.484702	AUT	neutron	pi-	0.0	0.042932	0.070207	0.001167
4.443633	0.358786	0.6060260000000001	0.374231	0.722155	AUT	neutron	pi-	0.0	0.010297	0.070207	0.001126
4.433981	0.345982	0.622627	0.42336999999999997	0.126717	AUT	neutron	pi-	0.0	0.005382	0.070207	0.001098
4.5017879999999995	0.428889	0.510962	0.423263	0.129379	AUT	neutron	pi-	0.0	0.008051	0.070207	0.001126
4.344575	0.327376	0.6435609999999999	0.4238	0.29272800000000004	AUT	neutron	pi-	0.0	0.0066099999999999996	0.070207	0.001091
4.507621	0.41266899999999995	0.535026	0.423863	0.289792	AUT	neutron	pi-	0.0	0.006514	0.070207	0.00112
4.805753	0.5181279999999999	0.44933500000000004	0.42343100000000006	0.295241	AUT	neutron	pi-	0.0	0.297142	0.070207	0.001158
4.431127	0.344878	0.625023	0.42425	0.54135	AUT	neutron	pi-	0.0	0.018637	0.070207	0.001097
4.435676	0.44170600000000004	0.48825799999999997	0.42392799999999997	0.520371	AUT	neutron	pi-	0.0	0.024622	0.070207	0.0011300000000000001
4.302544	0.324371	0.6431680000000001	0.47352299999999997	0.23595700000000003	AUT	neutron	pi-	0.0	0.005522	0.070207	0.001067
4.587108	0.379164	0.587725	0.473654	0.21734699999999998	AUT	neutron	pi-	0.0	0.005925	0.070207	0.001084
4.414173	0.45101899999999995	0.47539899999999996	0.473553	0.23909699999999998	AUT	neutron	pi-	0.0	0.008218000000000001	0.070207	0.001101
4.4325849999999996	0.360439	0.602599	0.47411800000000004	0.5403399999999999	AUT	neutron	pi-	0.0	0.015719	0.070207	0.001077
4.441001	0.481727	0.44663500000000006	0.472711	0.46730299999999997	AUT	neutron	pi-	0.0	0.070038	0.070207	0.0011099999999999999
4.4285120000000004	0.349835	0.614983	0.520652	0.22997199999999998	AUT	neutron	pi-	0.0	0.005508	0.070207	0.001049
4.4610970000000005	0.43566000000000005	0.49845200000000006	0.523425	0.236589	AUT	neutron	pi-	0.0	0.0073	0.070207	0.001064
4.440835	0.367473	0.591741	0.521149	0.568214	AUT	neutron	pi-	0.0	0.015944	0.070207	0.001052
4.439225	0.40018899999999996	0.541543	0.569978	0.321398	AUT	neutron	pi-	0.0	0.006071	0.070207	0.001024
5.2859620000000005	0.39891	0.64252	0.323446	0.12390999999999999	AUT	neutron	pi-	0.0	0.007168000000000001	0.070207	0.0011769999999999999
5.48229	0.446101	0.595888	0.32352	0.11941199999999999	AUT	neutron	pi-	0.0	0.007437999999999999	0.070207	0.0012
5.579383999999999	0.504731	0.536395	0.323291	0.12393499999999999	AUT	neutron	pi-	0.0	0.008964	0.070207	0.001231
5.299043	0.398037	0.645556	0.324023	0.287074	AUT	neutron	pi-	0.0	0.020259	0.070207	0.001176
5.492246	0.45432700000000004	0.586605	0.323964	0.288515	AUT	neutron	pi-	0.0	0.01875	0.070207	0.001204
5.594702	0.5205930000000001	0.521133	0.324112	0.286213	AUT	neutron	pi-	0.0	0.015841	0.070207	0.00124
5.412343	0.435738	0.605621	0.324004	0.48489499999999996	AUT	neutron	pi-	0.0	0.017629	0.070207	0.0011949999999999999
5.668554	0.541337	0.507374	0.324065	0.484158	AUT	neutron	pi-	0.0	0.097367	0.070207	0.0012519999999999999
5.414436	0.43342700000000006	0.608887	0.32423	0.700995	AUT	neutron	pi-	0.0	0.020134	0.070207	0.001193
5.3407800000000005	0.410262	0.631629	0.373324	0.125086	AUT	neutron	pi-	0.0	0.006913	0.070207	0.001152
5.543227	0.4823	0.558437	0.373381	0.123714	AUT	neutron	pi-	0.0	0.007881	0.070207	0.001183
5.338916	0.405384	0.638935	0.37392	0.288108	AUT	neutron	pi-	0.0	0.014355000000000001	0.070207	0.00115
5.530933999999999	0.484849	0.5546800000000001	0.373949	0.288052	AUT	neutron	pi-	0.0	0.009927	0.070207	0.001184
5.398523	0.428642	0.613019	0.374084	0.5378539999999999	AUT	neutron	pi-	0.0	0.015691999999999998	0.070207	0.00116
5.61426	0.52266	0.520774	0.373975	0.5102369999999999	AUT	neutron	pi-	0.0	0.053036	0.070207	0.001201
5.3941419999999995	0.42771000000000003	0.613166	0.42334499999999997	0.12585	AUT	neutron	pi-	0.0	0.0067150000000000005	0.070207	0.0011300000000000001
5.607195	0.513013	0.530105	0.423274	0.127667	AUT	neutron	pi-	0.0	0.015094	0.070207	0.00116
5.373486	0.416545	0.626674	0.42384799999999995	0.289263	AUT	neutron	pi-	0.0	0.011099	0.070207	0.001126
5.555633	0.502466	0.536763	0.42380500000000004	0.290094	AUT	neutron	pi-	0.0	0.011056999999999999	0.070207	0.0011560000000000001
5.4238349999999995	0.438874	0.60333	0.42411099999999996	0.555682	AUT	neutron	pi-	0.0	0.015578999999999999	0.070207	0.0011330000000000001
5.335114	0.407002	0.6359319999999999	0.4736	0.223048	AUT	neutron	pi-	0.0	0.0072120000000000005	0.070207	0.001093
5.534572	0.481824	0.558383	0.473583	0.22138200000000002	AUT	neutron	pi-	0.0	0.007159	0.070207	0.001114
5.420388	0.43630699999999994	0.6062489999999999	0.47396000000000005	0.5580069999999999	AUT	neutron	pi-	0.0	0.020117	0.070207	0.001101
5.394036	0.437407	0.599817	0.521419	0.223079	AUT	neutron	pi-	0.0	0.006823999999999999	0.070207	0.001068
5.624615	0.525378	0.518984	0.523265	0.242085	AUT	neutron	pi-	0.0	0.016431	0.070207	0.001083
5.412159	0.44100100000000003	0.597821	0.521302	0.5520930000000001	AUT	neutron	pi-	0.0	0.025775	0.070207	0.001068
5.404984	0.467487	0.5618	0.5700310000000001	0.30284099999999997	AUT	neutron	pi-	0.0	0.008534	0.070207	0.001032
6.474547	0.501024	0.6275	0.323449	0.12128499999999999	AUT	neutron	pi-	0.0	0.007540000000000001	0.070207	0.001234
7.058675999999999	0.584384	0.585072	0.323275	0.12247999999999999	AUT	neutron	pi-	0.0	0.013974	0.070207	0.001287
6.511252	0.5104479999999999	0.62019	0.323982	0.28779899999999997	AUT	neutron	pi-	0.0	0.017237	0.070207	0.001239
7.22475	0.600228	0.582963	0.323984	0.286587	AUT	neutron	pi-	0.0	0.028702999999999996	0.070207	0.0012980000000000001
6.589657000000001	0.517612	0.619124	0.32409	0.536263	AUT	neutron	pi-	0.0	0.015908000000000002	0.070207	0.0012439999999999999
6.39386	0.486836	0.637188	0.373608	0.20471099999999998	AUT	neutron	pi-	0.0	0.008494	0.070207	0.001189
6.882624000000001	0.565944	0.589404	0.37361700000000003	0.208744	AUT	neutron	pi-	0.0	0.008986	0.070207	0.0012289999999999998
6.586017	0.517103	0.619367	0.37399699999999997	0.538057	AUT	neutron	pi-	0.0	0.022028	0.070207	0.001204
6.4815629999999995	0.503207	0.62566	0.42361800000000005	0.211718	AUT	neutron	pi-	0.0	0.007762000000000001	0.070207	0.00116
7.0729429999999995	0.5880989999999999	0.582495	0.42353100000000005	0.21877800000000003	AUT	neutron	pi-	0.0	0.014209999999999999	0.070207	0.001196
6.579194	0.515295	0.620848	0.423971	0.53897	AUT	neutron	pi-	0.0	0.028738999999999997	0.070207	0.001165
6.511115	0.508784	0.621937	0.47362200000000004	0.276855	AUT	neutron	pi-	0.0	0.007858	0.070207	0.001124
7.225339999999999	0.597596	0.585601	0.473367	0.26964299999999997	AUT	neutron	pi-	0.0	0.018994	0.070207	0.001153
6.587461	0.524658	0.610021	0.520641	0.299982	AUT	neutron	pi-	0.0	0.008819	0.070207	0.0010869999999999999
1.141086	0.10990799999999999	0.632629	0.322862	0.149328	AUT	neutron	pi-	0.0	0.001912	0.070207	0.00149
1.26349	0.134939	0.5673159999999999	0.324405	0.133123	AUT	neutron	pi-	0.0	0.001947	0.070207	0.001497
1.444036	0.158227	0.5528270000000001	0.325261	0.12594	AUT	neutron	pi-	0.0	0.002054	0.070207	0.001516
1.676908	0.19029200000000002	0.5342640000000001	0.325832	0.117926	AUT	neutron	pi-	0.0	0.002294	0.070207	0.001549
1.8578029999999999	0.23035999999999998	0.489216	0.329317	0.110007	AUT	neutron	pi-	0.0	0.004734	0.070207	0.00159
1.078959	0.089369	0.732911	0.32321500000000003	0.30790500000000004	AUT	neutron	pi-	0.0	0.001902	0.070207	0.001491
1.155057	0.104234	0.671491	0.323735	0.29696100000000003	AUT	neutron	pi-	0.0	0.002149	0.070207	0.00149
1.218086	0.11653599999999999	0.633258	0.323895	0.292541	AUT	neutron	pi-	0.0	0.002496	0.070207	0.001492
1.288759	0.129497	0.60288	0.32429	0.290979	AUT	neutron	pi-	0.0	0.003032	0.070207	0.0014960000000000002
1.3949989999999999	0.145129	0.5822510000000001	0.32506799999999997	0.28995	AUT	neutron	pi-	0.0	0.003761	0.070207	0.001506
1.552431	0.167416	0.561847	0.325417	0.29017600000000005	AUT	neutron	pi-	0.0	0.005318	0.070207	0.001526
1.764729	0.205735	0.52155	0.32699	0.292017	AUT	neutron	pi-	0.0	0.007287	0.070207	0.001565
1.100171	0.092316	0.724666	0.324513	0.48208100000000004	AUT	neutron	pi-	0.0	0.001959	0.070207	0.00149
1.214676	0.115994	0.63527	0.324422	0.48298500000000005	AUT	neutron	pi-	0.0	0.0019440000000000002	0.070207	0.001492
1.358107	0.141525	0.581753	0.325262	0.483764	AUT	neutron	pi-	0.0	0.0021809999999999998	0.070207	0.001503
1.6550340000000001	0.187331	0.5377430000000001	0.326318	0.48807399999999995	AUT	neutron	pi-	0.0	0.0029170000000000003	0.070207	0.001546
1.94402	0.26145999999999997	0.45039399999999996	0.3397	0.492349	AUT	neutron	pi-	0.0	0.06829099999999999	0.070207	0.001615
1.370285	0.130544	0.655528	0.33108899999999997	0.638173	AUT	neutron	pi-	0.0	0.009151000000000001	0.070207	0.001506
1.167999	0.11894600000000001	0.599073	0.373154	0.14335799999999999	AUT	neutron	pi-	0.0	0.0018620000000000002	0.070207	0.001477
1.3046879999999998	0.149858	0.527691	0.37395	0.125336	AUT	neutron	pi-	0.0	0.0020039999999999997	0.070207	0.0014880000000000002
1.500312	0.178642	0.508814	0.374727	0.11894500000000001	AUT	neutron	pi-	0.0	0.002151	0.070207	0.0015119999999999999
1.7267599999999999	0.22451100000000002	0.46817600000000004	0.375666	0.11520699999999999	AUT	neutron	pi-	0.0	0.002314	0.070207	0.001557
1.096408	0.09350800000000001	0.712558	0.37322	0.31004699999999996	AUT	neutron	pi-	0.0	0.001888	0.070207	0.0014789999999999998
1.188636	0.112222	0.6419699999999999	0.373745	0.298221	AUT	neutron	pi-	0.0	0.0021030000000000003	0.070207	0.001478
1.274205	0.12876300000000002	0.599695	0.37393000000000004	0.29335300000000003	AUT	neutron	pi-	0.0	0.002569	0.070207	0.0014810000000000001
1.363808	0.147511	0.560294	0.37414899999999995	0.291174	AUT	neutron	pi-	0.0	0.0033880000000000004	0.070207	0.001489
1.506959	0.17251	0.529409	0.374835	0.290777	AUT	neutron	pi-	0.0	0.004828	0.070207	0.001508
1.71235	0.21961799999999998	0.475328	0.375827	0.291984	AUT	neutron	pi-	0.0	0.005825	0.070207	0.001552
1.112154	0.094582	0.715627	0.374226	0.487709	AUT	neutron	pi-	0.0	0.0021739999999999997	0.070207	0.00148
1.2404879999999998	0.12256700000000001	0.614474	0.37405900000000003	0.490708	AUT	neutron	pi-	0.0	0.002125	0.070207	0.0014789999999999998
1.379124	0.154837	0.54052	0.374417	0.492271	AUT	neutron	pi-	0.0	0.002072	0.070207	0.0014939999999999999
1.654347	0.208904	0.483166	0.375445	0.494332	AUT	neutron	pi-	0.0	0.003244	0.070207	0.001541
1.36429	0.138989	0.6181949999999999	0.377273	0.66128	AUT	neutron	pi-	0.0	0.003426	0.070207	0.001495
1.904534	0.271913	0.424353	0.379653	0.6336930000000001	AUT	neutron	pi-	0.0	0.40092300000000003	0.070207	0.0016
1.195941	0.128182	0.569817	0.42331	0.137904	AUT	neutron	pi-	0.0	0.001848	0.070207	0.001467
1.3643610000000002	0.16709200000000002	0.49515200000000004	0.42393400000000003	0.121175	AUT	neutron	pi-	0.0	0.002022	0.070207	0.001484
1.595682	0.21141999999999997	0.45856	0.424413	0.11829400000000001	AUT	neutron	pi-	0.0	0.002034	0.070207	0.0015220000000000001
1.818084	0.269884	0.40829299999999996	0.423654	0.128417	AUT	neutron	pi-	0.0	0.005691	0.070207	0.001573
1.118369	0.09912699999999999	0.686696	0.42330100000000004	0.31045700000000004	AUT	neutron	pi-	0.0	0.001852	0.070207	0.001469
1.2377479999999998	0.12323599999999998	0.608978	0.42384399999999994	0.298029	AUT	neutron	pi-	0.0	0.002136	0.070207	0.001468
1.349918	0.146571	0.5584399999999999	0.42399	0.29336599999999996	AUT	neutron	pi-	0.0	0.0028870000000000002	0.070207	0.001475
1.473099	0.17629	0.506827	0.424339	0.291586	AUT	neutron	pi-	0.0	0.004229999999999999	0.070207	0.001493
1.661568	0.227818	0.444337	0.42464300000000005	0.29173000000000004	AUT	neutron	pi-	0.0	0.004901	0.070207	0.001536
1.128919	0.098011	0.701923	0.42404899999999995	0.489483	AUT	neutron	pi-	0.0	0.0023469999999999997	0.070207	0.00147
1.286942	0.133873	0.584749	0.42401000000000005	0.491104	AUT	neutron	pi-	0.0	0.00275	0.070207	0.00147
1.4700090000000001	0.183442	0.48771899999999996	0.42431599999999997	0.493307	AUT	neutron	pi-	0.0	0.002482	0.070207	0.001498
1.732692	0.24959099999999998	0.421328	0.42406000000000005	0.49127200000000004	AUT	neutron	pi-	0.0	0.010378	0.070207	0.0015550000000000002
1.2482600000000001	0.122761	0.630318	0.425339	0.674288	AUT	neutron	pi-	0.0	0.002168	0.070207	0.001472
1.62935	0.202423	0.490462	0.42503599999999997	0.667113	AUT	neutron	pi-	0.0	0.010445999999999999	0.070207	0.001516
1.227917	0.13835699999999998	0.542891	0.473479	0.133103	AUT	neutron	pi-	0.0	0.0018559999999999998	0.070207	0.001459
1.464028	0.19035	0.466722	0.473721	0.12109600000000001	AUT	neutron	pi-	0.0	0.001964	0.070207	0.001485
1.72495	0.246279	0.42511099999999996	0.473555	0.12509	AUT	neutron	pi-	0.0	0.0035240000000000002	0.070207	0.001531
1.142607	0.10551600000000001	0.6602899999999999	0.473422	0.310037	AUT	neutron	pi-	0.0	0.001847	0.070207	0.00146
1.296094	0.136712	0.57519	0.473857	0.297219	AUT	neutron	pi-	0.0	0.002301	0.070207	0.001459
1.438521	0.171477	0.5094479999999999	0.474	0.293049	AUT	neutron	pi-	0.0	0.003443	0.070207	0.001474
1.6339110000000001	0.225354	0.441562	0.474062	0.291575	AUT	neutron	pi-	0.0	0.004318	0.070207	0.001513
1.152454	0.10290999999999999	0.68383	0.474132	0.49070600000000003	AUT	neutron	pi-	0.0	0.002316	0.070207	0.0014609999999999998
1.350007	0.15061	0.547039	0.47411000000000003	0.49029799999999996	AUT	neutron	pi-	0.0	0.003474	0.070207	0.001464
1.589723	0.214227	0.452053	0.47376899999999994	0.48828599999999994	AUT	neutron	pi-	0.0	0.004869	0.070207	0.001505
1.2463229999999998	0.12559700000000001	0.6178279999999999	0.474491	0.68365	AUT	neutron	pi-	0.0	0.0018989999999999999	0.070207	0.001462
1.6493419999999999	0.20444500000000002	0.49027	0.473387	0.676948	AUT	neutron	pi-	0.0	0.008103	0.070207	0.0015
1.268298	0.15029	0.5173479999999999	0.523591	0.129965	AUT	neutron	pi-	0.0	0.001847	0.070207	0.001449
1.590543	0.21636999999999998	0.447132	0.523663	0.12437000000000001	AUT	neutron	pi-	0.0	0.002365	0.070207	0.001485
1.173901	0.113456	0.632283	0.52353	0.308832	AUT	neutron	pi-	0.0	0.0018390000000000001	0.070207	0.001448
1.375718	0.15693800000000002	0.532934	0.523931	0.296094	AUT	neutron	pi-	0.0	0.00256	0.070207	0.001451
1.596678	0.21605100000000002	0.450816	0.5240670000000001	0.291586	AUT	neutron	pi-	0.0	0.003565	0.070207	0.001485
1.177074	0.108301	0.664966	0.523991	0.492569	AUT	neutron	pi-	0.0	0.002271	0.070207	0.001451
1.452402	0.174262	0.511523	0.52388	0.488316	AUT	neutron	pi-	0.0	0.004189	0.070207	0.0014609999999999998
1.8295119999999998	0.265069	0.418336	0.522071	0.47102299999999997	AUT	neutron	pi-	0.0	0.031810000000000005	0.070207	0.001521
1.21904	0.117941	0.638929	0.524451	0.733405	AUT	neutron	pi-	0.0	0.0019	0.070207	0.00145
1.610611	0.187026	0.523422	0.523241	0.710942	AUT	neutron	pi-	0.0	0.004913	0.070207	0.00147
1.335461	0.165328	0.49631400000000003	0.573612	0.128554	AUT	neutron	pi-	0.0	0.001837	0.070207	0.001437
1.714659	0.24224899999999996	0.42969300000000005	0.573479	0.127472	AUT	neutron	pi-	0.0	0.004472	0.070207	0.001475
1.215529	0.12419100000000001	0.5989329999999999	0.5733520000000001	0.306126	AUT	neutron	pi-	0.0	0.001876	0.070207	0.001433
1.5023879999999998	0.190075	0.483418	0.573689	0.292631	AUT	neutron	pi-	0.0	0.002736	0.070207	0.001446
1.851867	0.276326	0.406035	0.571655	0.281901	AUT	neutron	pi-	0.0	0.011784999999999999	0.070207	0.0014960000000000002
1.231008	0.12136400000000001	0.622562	0.5734060000000001	0.49255600000000005	AUT	neutron	pi-	0.0	0.0023940000000000003	0.070207	0.0014349999999999999
1.5550469999999998	0.190479	0.497562	0.573326	0.48531599999999997	AUT	neutron	pi-	0.0	0.007639	0.070207	0.001448
1.309552	0.131631	0.615696	0.573158	0.7460100000000001	AUT	neutron	pi-	0.0	0.002153	0.070207	0.001438
1.212752	0.131938	0.561377	0.623108	0.25651399999999996	AUT	neutron	pi-	0.0	0.001852	0.070207	0.001413
1.487013	0.18623900000000002	0.48490600000000006	0.6231359999999999	0.217194	AUT	neutron	pi-	0.0	0.002079	0.070207	0.001417
1.787092	0.246932	0.43886099999999995	0.621178	0.204124	AUT	neutron	pi-	0.0	0.005076	0.070207	0.0014449999999999999
1.247156	0.127932	0.595449	0.622602	0.5544640000000001	AUT	neutron	pi-	0.0	0.002915	0.070207	0.001416
1.643936	0.189378	0.52769	0.6225350000000001	0.527519	AUT	neutron	pi-	0.0	0.010713	0.070207	0.0014210000000000002
1.302777	0.150785	0.527036	0.672366	0.238992	AUT	neutron	pi-	0.0	0.001891	0.070207	0.001387
1.741107	0.215864	0.489447	0.670987	0.20379	AUT	neutron	pi-	0.0	0.004422	0.070207	0.001395
1.334731	0.142148	0.5721569999999999	0.670746	0.548495	AUT	neutron	pi-	0.0	0.004587	0.070207	0.001392
2.228607	0.253596	0.53495	0.32501399999999997	0.11363	AUT	neutron	pi-	0.0	0.003172	0.070207	0.0016239999999999998
2.6420150000000002	0.325284	0.49290100000000003	0.330034	0.11767999999999999	AUT	neutron	pi-	0.0	0.0063490000000000005	0.070207	0.001689
2.1605540000000003	0.24189699999999997	0.5435810000000001	0.324517	0.368223	AUT	neutron	pi-	0.0	0.0034200000000000003	0.070207	0.0016120000000000002
2.534318	0.307399	0.5004109999999999	0.328947	0.36737600000000004	AUT	neutron	pi-	0.0	0.005297	0.070207	0.001674
2.2505990000000002	0.266554	0.5155850000000001	0.373911	0.118288	AUT	neutron	pi-	0.0	0.002829	0.070207	0.001607
2.5836919999999997	0.34583600000000003	0.452617	0.374002	0.130485	AUT	neutron	pi-	0.0	0.007772	0.070207	0.0016710000000000002
2.279143	0.274924	0.508075	0.374372	0.290916	AUT	neutron	pi-	0.0	0.006345	0.070207	0.0016129999999999999
2.729965	0.370635	0.44601599999999997	0.374282	0.287938	AUT	neutron	pi-	0.0	0.028702999999999996	0.070207	0.001689
2.290689	0.275911	0.5088	0.374521	0.537097	AUT	neutron	pi-	0.0	0.004682	0.070207	0.001614
2.182763	0.250269	0.531453	0.42381	0.20238399999999998	AUT	neutron	pi-	0.0	0.0034509999999999996	0.070207	0.0015689999999999999
2.4536599999999997	0.320425	0.46466199999999996	0.42373500000000003	0.212135	AUT	neutron	pi-	0.0	0.0037229999999999997	0.070207	0.001621
2.282177	0.273988	0.5104390000000001	0.42403199999999996	0.549992	AUT	neutron	pi-	0.0	0.004797999999999999	0.070207	0.001586
2.229779	0.26269699999999996	0.518364	0.473821	0.208709	AUT	neutron	pi-	0.0	0.003117	0.070207	0.001553
2.52294	0.337735	0.452607	0.473684	0.225571	AUT	neutron	pi-	0.0	0.006072999999999999	0.070207	0.0016010000000000002
2.2778560000000003	0.27060700000000004	0.515702	0.473796	0.5519069999999999	AUT	neutron	pi-	0.0	0.0058390000000000004	0.070207	0.001558
2.2365939999999997	0.264231	0.517103	0.523786	0.276283	AUT	neutron	pi-	0.0	0.003187	0.070207	0.001526
2.550363	0.34086500000000003	0.453296	0.523209	0.272872	AUT	neutron	pi-	0.0	0.007254999999999999	0.070207	0.001568
2.277676	0.27123400000000003	0.514209	0.5732149999999999	0.30138000000000004	AUT	neutron	pi-	0.0	0.003054	0.070207	0.0014960000000000002
2.265133	0.263077	0.525729	0.622664	0.289756	AUT	neutron	pi-	0.0	0.003886	0.070207	0.001454
2.249425	0.251816	0.543562	0.671603	0.26921799999999996	AUT	neutron	pi-	0.0	0.005358	0.070207	0.001407
3.325831	0.357916	0.5635789999999999	0.323762	0.191485	AUT	neutron	pi-	0.0	0.005889	0.070207	0.0017289999999999999
3.695845	0.424201	0.528046	0.32416100000000003	0.200509	AUT	neutron	pi-	0.0	0.008331999999999999	0.070207	0.001779
3.426189	0.37562	0.554287	0.32429600000000003	0.5268010000000001	AUT	neutron	pi-	0.0	0.012291	0.070207	0.0017420000000000003
3.405368	0.372374	0.555455	0.373784	0.198888	AUT	neutron	pi-	0.0	0.005121	0.070207	0.0017
3.812876	0.45073	0.512296	0.373728	0.21582800000000002	AUT	neutron	pi-	0.0	0.021378	0.070207	0.0017519999999999999
3.416207	0.373986	0.555066	0.374056	0.540863	AUT	neutron	pi-	0.0	0.012081999999999999	0.070207	0.0017010000000000003
3.403206	0.371821	0.555898	0.423757	0.291622	AUT	neutron	pi-	0.0	0.005065	0.070207	0.001663
3.814227	0.450719	0.51249	0.42362799999999995	0.27829899999999996	AUT	neutron	pi-	0.0	0.023586000000000003	0.070207	0.0017059999999999998
3.4216949999999997	0.374987	0.554551	0.47366199999999997	0.29693600000000003	AUT	neutron	pi-	0.0	0.005488	0.070207	0.001627
3.41689	0.373776	0.555481	0.523528	0.295308	AUT	neutron	pi-	0.0	0.006176	0.070207	0.001585
3.4057089999999994	0.37040300000000004	0.558438	0.5730890000000001	0.282477	AUT	neutron	pi-	0.0	0.007089	0.070207	0.001536
4.346551	0.46293100000000004	0.569023	0.323691	0.267862	AUT	neutron	pi-	0.0	0.008284999999999999	0.070207	0.001816
4.343395	0.46254399999999996	0.569094	0.373736	0.274513	AUT	neutron	pi-	0.0	0.009474	0.070207	0.0017649999999999999
4.340203	0.46221	0.5690930000000001	0.42356499999999997	0.278946	AUT	neutron	pi-	0.0	0.01054	0.070207	0.0017170000000000002
4.340052	0.46161800000000003	0.5697989999999999	0.47361499999999995	0.278381	AUT	neutron	pi-	0.0	0.011559	0.070207	0.0016690000000000001
