# Q2	x	y	z	pT	obs	target	hadron	value	stat	systrel	systabs
1.1283E+00	7.1678E-02	7.6455E-01	3.2696E-01	2.9196E-01	AUT	proton	pi+	0.0000E+00	9.4430E-03	7.0207E-02	8.4060E-03
1.4381E+00	9.4172E-02	7.4006E-01	3.3006E-01	2.9036E-01	AUT	proton	pi+	0.0000E+00	8.2470E-03	7.0207E-02	8.2620E-03
1.8055E+00	1.2188E-01	7.1862E-01	3.3344E-01	2.9023E-01	AUT	proton	pi+	0.0000E+00	1.3239E-02	7.0207E-02	8.0820E-03
1.1406E+00	6.9787E-02	7.9405E-01	3.2600E-01	4.9533E-01	AUT	proton	pi+	0.0000E+00	6.7990E-03	7.0207E-02	8.4190E-03
1.4506E+00	9.1321E-02	7.6966E-01	3.2778E-01	4.9521E-01	AUT	proton	pi+	0.0000E+00	6.1990E-03	7.0207E-02	8.2800E-03
1.7849E+00	1.1656E-01	7.4328E-01	3.3039E-01	4.9329E-01	AUT	proton	pi+	0.0000E+00	8.2330E-03	7.0207E-02	8.1170E-03
1.3358E+00	8.2203E-02	7.9032E-01	3.2843E-01	6.9006E-01	AUT	proton	pi+	0.0000E+00	6.7110E-03	7.0207E-02	8.3370E-03
1.8375E+00	1.2089E-01	7.3766E-01	3.3227E-01	6.8339E-01	AUT	proton	pi+	0.0000E+00	1.9324E-02	7.0207E-02	8.0880E-03
1.1105E+00	7.5384E-02	7.1618E-01	3.7372E-01	2.8277E-01	AUT	proton	pi+	0.0000E+00	8.3810E-03	7.0207E-02	8.3660E-03
1.2704E+00	9.0725E-02	6.7852E-01	3.7600E-01	2.6957E-01	AUT	proton	pi+	0.0000E+00	8.3930E-03	7.0207E-02	8.2670E-03
1.4704E+00	1.0654E-01	6.6874E-01	3.7669E-01	2.6744E-01	AUT	proton	pi+	0.0000E+00	8.3530E-03	7.0207E-02	8.1660E-03
1.7209E+00	1.2770E-01	6.5329E-01	3.7797E-01	2.6303E-01	AUT	proton	pi+	0.0000E+00	8.1450E-03	7.0207E-02	8.0280E-03
1.9078E+00	1.4960E-01	6.1824E-01	3.8399E-01	2.4635E-01	AUT	proton	pi+	0.0000E+00	1.6336E-02	7.0207E-02	7.8880E-03
1.1279E+00	7.2050E-02	7.6162E-01	3.7382E-01	4.9603E-01	AUT	proton	pi+	0.0000E+00	6.6520E-03	7.0207E-02	8.3880E-03
1.3278E+00	8.9977E-02	7.1507E-01	3.7523E-01	4.9396E-01	AUT	proton	pi+	0.0000E+00	6.1350E-03	7.0207E-02	8.2710E-03
1.5972E+00	1.1105E-01	6.9738E-01	3.7584E-01	4.9350E-01	AUT	proton	pi+	0.0000E+00	5.6120E-03	7.0207E-02	8.1350E-03
1.8321E+00	1.3639E-01	6.5198E-01	3.7895E-01	4.8920E-01	AUT	proton	pi+	0.0000E+00	8.0010E-03	7.0207E-02	7.9720E-03
1.2488E+00	8.0356E-02	7.5731E-01	3.7551E-01	6.8027E-01	AUT	proton	pi+	0.0000E+00	5.9290E-03	7.0207E-02	8.3330E-03
1.6866E+00	1.1797E-01	6.9606E-01	3.7734E-01	6.7799E-01	AUT	proton	pi+	0.0000E+00	7.2730E-03	7.0207E-02	8.0890E-03
1.3956E+00	9.3092E-02	7.3752E-01	3.7825E-01	8.7264E-01	AUT	proton	pi+	0.0000E+00	1.3375E-02	7.0207E-02	8.2480E-03
1.3104E+00	1.0364E-01	6.1604E-01	4.2515E-01	1.3432E-01	AUT	proton	pi+	0.0000E+00	7.5590E-03	7.0207E-02	8.1680E-03
1.7791E+00	1.4925E-01	5.7871E-01	4.2769E-01	1.3028E-01	AUT	proton	pi+	0.0000E+00	1.2095E-02	7.0207E-02	7.8760E-03
1.1332E+00	8.0316E-02	6.8674E-01	4.2340E-01	3.1257E-01	AUT	proton	pi+	0.0000E+00	9.0240E-03	7.0207E-02	8.3200E-03
1.3120E+00	1.0004E-01	6.3559E-01	4.2493E-01	3.0605E-01	AUT	proton	pi+	0.0000E+00	9.1780E-03	7.0207E-02	8.1920E-03
1.5547E+00	1.2135E-01	6.2101E-01	4.2536E-01	3.0414E-01	AUT	proton	pi+	0.0000E+00	8.4800E-03	7.0207E-02	8.0530E-03
1.8028E+00	1.4939E-01	5.8607E-01	4.2737E-01	2.9977E-01	AUT	proton	pi+	0.0000E+00	8.6410E-03	7.0207E-02	7.8740E-03
1.1387E+00	7.5222E-02	7.3699E-01	4.2374E-01	4.9775E-01	AUT	proton	pi+	0.0000E+00	7.3360E-03	7.0207E-02	8.3550E-03
1.3290E+00	9.5386E-02	6.7540E-01	4.2459E-01	4.9365E-01	AUT	proton	pi+	0.0000E+00	6.9860E-03	7.0207E-02	8.2210E-03
1.5797E+00	1.1779E-01	6.5039E-01	4.2501E-01	4.9174E-01	AUT	proton	pi+	0.0000E+00	6.4170E-03	7.0207E-02	8.0750E-03
1.8056E+00	1.4663E-01	5.9829E-01	4.2673E-01	4.8760E-01	AUT	proton	pi+	0.0000E+00	8.0180E-03	7.0207E-02	7.8910E-03
1.2303E+00	8.1231E-02	7.3923E-01	4.2464E-01	6.8554E-01	AUT	proton	pi+	0.0000E+00	5.7950E-03	7.0207E-02	8.3140E-03
1.6397E+00	1.2266E-01	6.5302E-01	4.2591E-01	6.8352E-01	AUT	proton	pi+	0.0000E+00	5.7320E-03	7.0207E-02	8.0420E-03
1.4124E+00	9.9259E-02	7.0565E-01	4.2686E-01	8.9104E-01	AUT	proton	pi+	0.0000E+00	8.4850E-03	7.0207E-02	8.1930E-03
1.2951E+00	1.0881E-01	5.8073E-01	4.7447E-01	1.3278E-01	AUT	proton	pi+	0.0000E+00	7.3840E-03	7.0207E-02	8.1200E-03
1.7366E+00	1.5768E-01	5.3543E-01	4.7630E-01	1.2962E-01	AUT	proton	pi+	0.0000E+00	1.0119E-02	7.0207E-02	7.8090E-03
1.1569E+00	8.5867E-02	6.5669E-01	4.7352E-01	3.1123E-01	AUT	proton	pi+	0.0000E+00	8.6720E-03	7.0207E-02	8.2720E-03
1.3525E+00	1.0963E-01	5.9794E-01	4.7444E-01	3.0386E-01	AUT	proton	pi+	0.0000E+00	9.5910E-03	7.0207E-02	8.1150E-03
1.5929E+00	1.3347E-01	5.7863E-01	4.7489E-01	3.0121E-01	AUT	proton	pi+	0.0000E+00	8.9440E-03	7.0207E-02	7.9590E-03
1.8026E+00	1.6433E-01	5.3298E-01	4.7657E-01	2.9691E-01	AUT	proton	pi+	0.0000E+00	9.4320E-03	7.0207E-02	7.7680E-03
1.1590E+00	7.9460E-02	7.1076E-01	4.7382E-01	4.9899E-01	AUT	proton	pi+	0.0000E+00	7.9010E-03	7.0207E-02	8.3150E-03
1.3684E+00	1.0331E-01	6.4228E-01	4.7440E-01	4.9362E-01	AUT	proton	pi+	0.0000E+00	7.8650E-03	7.0207E-02	8.1550E-03
1.6396E+00	1.3211E-01	6.0283E-01	4.7488E-01	4.8989E-01	AUT	proton	pi+	0.0000E+00	7.0730E-03	7.0207E-02	7.9660E-03
1.8418E+00	1.6815E-01	5.3199E-01	4.7656E-01	4.8504E-01	AUT	proton	pi+	0.0000E+00	1.4243E-02	7.0207E-02	7.7450E-03
1.2344E+00	8.3273E-02	7.2425E-01	4.7441E-01	6.8919E-01	AUT	proton	pi+	0.0000E+00	6.0120E-03	7.0207E-02	8.2890E-03
1.6233E+00	1.2863E-01	6.1844E-01	4.7531E-01	6.8625E-01	AUT	proton	pi+	0.0000E+00	5.8840E-03	7.0207E-02	7.9880E-03
1.4171E+00	1.0380E-01	6.8210E-01	4.7621E-01	9.0856E-01	AUT	proton	pi+	0.0000E+00	6.7320E-03	7.0207E-02	8.1490E-03
1.3119E+00	1.1600E-01	5.5279E-01	5.2414E-01	1.3168E-01	AUT	proton	pi+	0.0000E+00	7.2740E-03	7.0207E-02	8.0570E-03
1.7271E+00	1.6952E-01	4.9586E-01	5.2575E-01	1.2879E-01	AUT	proton	pi+	0.0000E+00	1.0344E-02	7.0207E-02	7.7210E-03
1.1796E+00	9.1108E-02	6.3186E-01	5.2352E-01	3.1064E-01	AUT	proton	pi+	0.0000E+00	8.6480E-03	7.0207E-02	8.2240E-03
1.4045E+00	1.1988E-01	5.6806E-01	5.2422E-01	3.0246E-01	AUT	proton	pi+	0.0000E+00	9.4820E-03	7.0207E-02	8.0310E-03
1.6560E+00	1.5110E-01	5.3221E-01	5.2477E-01	2.9810E-01	AUT	proton	pi+	0.0000E+00	8.6910E-03	7.0207E-02	7.8290E-03
1.8448E+00	1.8920E-01	4.7335E-01	5.2694E-01	2.9302E-01	AUT	proton	pi+	0.0000E+00	1.3287E-02	7.0207E-02	7.6090E-03
1.1774E+00	8.3440E-02	6.8826E-01	5.2388E-01	5.0007E-01	AUT	proton	pi+	0.0000E+00	8.2440E-03	7.0207E-02	8.2750E-03
1.4202E+00	1.1218E-01	6.1416E-01	5.2435E-01	4.9376E-01	AUT	proton	pi+	0.0000E+00	8.2800E-03	7.0207E-02	8.0800E-03
1.7041E+00	1.5217E-01	5.4732E-01	5.2509E-01	4.8819E-01	AUT	proton	pi+	0.0000E+00	8.2690E-03	7.0207E-02	7.8220E-03
1.9589E+00	2.2016E-01	4.3110E-01	5.3885E-01	4.8356E-01	AUT	proton	pi+	0.0000E+00	1.7359E-01	7.0207E-02	7.4490E-03
1.2533E+00	8.7032E-02	7.0459E-01	5.2426E-01	6.9057E-01	AUT	proton	pi+	0.0000E+00	6.5230E-03	7.0207E-02	8.2500E-03
1.6284E+00	1.3698E-01	5.8392E-01	5.2506E-01	6.8777E-01	AUT	proton	pi+	0.0000E+00	7.3340E-03	7.0207E-02	7.9170E-03
1.4140E+00	1.0624E-01	6.6871E-01	5.2549E-01	9.2519E-01	AUT	proton	pi+	0.0000E+00	5.8580E-03	7.0207E-02	8.1180E-03
1.3488E+00	1.2527E-01	5.2729E-01	5.7392E-01	1.3114E-01	AUT	proton	pi+	0.0000E+00	7.3230E-03	7.0207E-02	7.9770E-03
1.7428E+00	1.8531E-01	4.5790E-01	5.7526E-01	1.2827E-01	AUT	proton	pi+	0.0000E+00	1.2264E-02	7.0207E-02	7.6100E-03
1.2119E+00	9.7539E-02	6.0735E-01	5.7371E-01	3.0991E-01	AUT	proton	pi+	0.0000E+00	8.4220E-03	7.0207E-02	8.1630E-03
1.4760E+00	1.3284E-01	5.3905E-01	5.7423E-01	3.0094E-01	AUT	proton	pi+	0.0000E+00	9.2660E-03	7.0207E-02	7.9250E-03
1.7261E+00	1.7701E-01	4.7584E-01	5.7509E-01	2.9516E-01	AUT	proton	pi+	0.0000E+00	8.7000E-03	7.0207E-02	7.6560E-03
1.2025E+00	8.8356E-02	6.6457E-01	5.7389E-01	5.0064E-01	AUT	proton	pi+	0.0000E+00	8.3840E-03	7.0207E-02	8.2260E-03
1.4894E+00	1.2360E-01	5.8523E-01	5.7432E-01	4.9383E-01	AUT	proton	pi+	0.0000E+00	8.6290E-03	7.0207E-02	7.9830E-03
1.7347E+00	1.6916E-01	5.0156E-01	5.7512E-01	4.8776E-01	AUT	proton	pi+	0.0000E+00	1.1470E-02	7.0207E-02	7.6990E-03
1.2770E+00	9.1531E-02	6.8398E-01	5.7433E-01	6.9155E-01	AUT	proton	pi+	0.0000E+00	7.2220E-03	7.0207E-02	8.2020E-03
1.6454E+00	1.4664E-01	5.5186E-01	5.7495E-01	6.8671E-01	AUT	proton	pi+	0.0000E+00	1.0004E-02	7.0207E-02	7.8340E-03
1.3937E+00	1.0284E-01	6.7590E-01	5.7492E-01	9.4080E-01	AUT	proton	pi+	0.0000E+00	5.7510E-03	7.0207E-02	8.1220E-03
1.8324E+00	1.8335E-01	4.8517E-01	5.7208E-01	8.7481E-01	AUT	proton	pi+	0.0000E+00	3.0068E-02	7.0207E-02	7.6170E-03
1.4043E+00	1.3753E-01	5.0227E-01	6.2391E-01	1.3081E-01	AUT	proton	pi+	0.0000E+00	7.3100E-03	7.0207E-02	7.8740E-03
1.7866E+00	2.0880E-01	4.1602E-01	6.2520E-01	1.2837E-01	AUT	proton	pi+	0.0000E+00	1.8304E-02	7.0207E-02	7.4610E-03
1.2464E+00	1.0423E-01	5.8557E-01	6.2374E-01	3.0899E-01	AUT	proton	pi+	0.0000E+00	8.3110E-03	7.0207E-02	8.0970E-03
1.5480E+00	1.4910E-01	5.0486E-01	6.2422E-01	2.9910E-01	AUT	proton	pi+	0.0000E+00	8.6100E-03	7.0207E-02	7.7950E-03
1.7651E+00	2.0083E-01	4.2802E-01	6.2514E-01	2.9406E-01	AUT	proton	pi+	0.0000E+00	1.1435E-02	7.0207E-02	7.5010E-03
1.2321E+00	9.3750E-02	6.4266E-01	6.2392E-01	5.0079E-01	AUT	proton	pi+	0.0000E+00	8.5630E-03	7.0207E-02	8.1690E-03
1.5642E+00	1.3931E-01	5.4739E-01	6.2431E-01	4.9278E-01	AUT	proton	pi+	0.0000E+00	9.0040E-03	7.0207E-02	7.8550E-03
1.7761E+00	1.9647E-01	4.4040E-01	6.2487E-01	4.8433E-01	AUT	proton	pi+	0.0000E+00	1.8866E-02	7.0207E-02	7.5220E-03
1.3023E+00	9.6216E-02	6.6487E-01	6.2432E-01	6.9206E-01	AUT	proton	pi+	0.0000E+00	7.7340E-03	7.0207E-02	8.1490E-03
1.6688E+00	1.5288E-01	5.3469E-01	6.2416E-01	6.8388E-01	AUT	proton	pi+	0.0000E+00	1.3748E-02	7.0207E-02	7.7680E-03
1.3981E+00	1.0233E-01	6.8016E-01	6.2460E-01	9.5118E-01	AUT	proton	pi+	0.0000E+00	6.0330E-03	7.0207E-02	8.1040E-03
1.2302E+00	1.0569E-01	5.6968E-01	6.7366E-01	2.6423E-01	AUT	proton	pi+	0.0000E+00	7.6280E-03	7.0207E-02	8.0630E-03
1.4753E+00	1.4414E-01	4.9684E-01	6.7386E-01	2.4297E-01	AUT	proton	pi+	0.0000E+00	7.8570E-03	7.0207E-02	7.7990E-03
1.7015E+00	1.9202E-01	4.3228E-01	6.7339E-01	2.2946E-01	AUT	proton	pi+	0.0000E+00	8.4110E-03	7.0207E-02	7.5180E-03
1.2776E+00	1.0113E-01	6.1917E-01	6.7390E-01	5.0056E-01	AUT	proton	pi+	0.0000E+00	8.5820E-03	7.0207E-02	8.0930E-03
1.6470E+00	1.5792E-01	5.1118E-01	6.7359E-01	4.8902E-01	AUT	proton	pi+	0.0000E+00	1.0732E-02	7.0207E-02	7.7100E-03
1.3512E+00	1.0324E-01	6.4477E-01	6.7409E-01	6.9222E-01	AUT	proton	pi+	0.0000E+00	7.8990E-03	7.0207E-02	8.0750E-03
1.7624E+00	1.6306E-01	5.2614E-01	6.7323E-01	6.7977E-01	AUT	proton	pi+	0.0000E+00	2.7131E-02	7.0207E-02	7.6720E-03
1.3888E+00	9.8890E-02	6.9433E-01	6.7413E-01	9.5610E-01	AUT	proton	pi+	0.0000E+00	6.8550E-03	7.0207E-02	8.1040E-03
2.2324E+00	1.4242E-01	7.6267E-01	3.2793E-01	4.2828E-01	AUT	proton	pi+	0.0000E+00	7.3240E-03	7.0207E-02	7.9520E-03
2.6740E+00	1.8254E-01	7.1069E-01	3.3529E-01	3.9201E-01	AUT	proton	pi+	0.0000E+00	1.0083E-02	7.0207E-02	7.7180E-03
2.3560E+00	1.4796E-01	7.7794E-01	3.2972E-01	6.8437E-01	AUT	proton	pi+	0.0000E+00	1.7192E-02	7.0207E-02	7.9180E-03
2.1946E+00	1.5925E-01	6.6963E-01	3.7599E-01	2.7328E-01	AUT	proton	pi+	0.0000E+00	8.0870E-03	7.0207E-02	7.8300E-03
2.6453E+00	2.0028E-01	6.4063E-01	3.7941E-01	2.4837E-01	AUT	proton	pi+	0.0000E+00	7.5010E-03	7.0207E-02	7.6060E-03
2.2531E+00	1.5447E-01	7.1145E-01	3.7496E-01	4.9587E-01	AUT	proton	pi+	0.0000E+00	6.3380E-03	7.0207E-02	7.8570E-03
2.6886E+00	2.0045E-01	6.5088E-01	3.7851E-01	4.8852E-01	AUT	proton	pi+	0.0000E+00	9.0750E-03	7.0207E-02	7.6050E-03
2.3846E+00	1.6390E-01	7.1461E-01	3.7697E-01	7.0925E-01	AUT	proton	pi+	0.0000E+00	8.5630E-03	7.0207E-02	7.8040E-03
2.1669E+00	1.6384E-01	6.4278E-01	4.2355E-01	2.6532E-01	AUT	proton	pi+	0.0000E+00	8.5140E-03	7.0207E-02	7.7830E-03
2.3660E+00	1.9070E-01	6.0116E-01	4.2613E-01	2.4453E-01	AUT	proton	pi+	0.0000E+00	8.2450E-03	7.0207E-02	7.6340E-03
2.6804E+00	2.2210E-01	5.8548E-01	4.2743E-01	2.3791E-01	AUT	proton	pi+	0.0000E+00	8.1760E-03	7.0207E-02	7.4800E-03
2.9016E+00	2.6145E-01	5.3785E-01	4.3629E-01	2.3214E-01	AUT	proton	pi+	0.0000E+00	3.3648E-02	7.0207E-02	7.3130E-03
2.2386E+00	1.6202E-01	6.7443E-01	4.2406E-01	4.9509E-01	AUT	proton	pi+	0.0000E+00	6.3000E-03	7.0207E-02	7.7920E-03
2.6126E+00	2.1097E-01	6.0154E-01	4.2692E-01	4.8625E-01	AUT	proton	pi+	0.0000E+00	9.0470E-03	7.0207E-02	7.5330E-03
2.3640E+00	1.7137E-01	6.7934E-01	4.2550E-01	7.2382E-01	AUT	proton	pi+	0.0000E+00	6.4970E-03	7.0207E-02	7.7400E-03
2.8325E+00	2.4441E-01	5.6198E-01	4.3075E-01	7.2954E-01	AUT	proton	pi+	0.0000E+00	2.8194E-02	7.0207E-02	7.3830E-03
2.3664E+00	2.0290E-01	5.6835E-01	4.7478E-01	1.3074E-01	AUT	proton	pi+	0.0000E+00	8.8460E-03	7.0207E-02	7.5550E-03
2.7779E+00	2.6506E-01	5.0835E-01	4.7845E-01	1.2841E-01	AUT	proton	pi+	0.0000E+00	2.2546E-02	7.0207E-02	7.2810E-03
2.2299E+00	1.7654E-01	6.1491E-01	4.7377E-01	3.0537E-01	AUT	proton	pi+	0.0000E+00	8.0900E-03	7.0207E-02	7.6900E-03
2.5110E+00	2.1970E-01	5.5453E-01	4.7556E-01	2.9747E-01	AUT	proton	pi+	0.0000E+00	8.1490E-03	7.0207E-02	7.4710E-03
2.7927E+00	2.6608E-01	5.0911E-01	4.7853E-01	2.9379E-01	AUT	proton	pi+	0.0000E+00	1.6387E-02	7.0207E-02	7.2770E-03
2.2614E+00	1.7097E-01	6.4601E-01	4.7392E-01	4.9460E-01	AUT	proton	pi+	0.0000E+00	6.7500E-03	7.0207E-02	7.7200E-03
2.5923E+00	2.2678E-01	5.5627E-01	4.7609E-01	4.8652E-01	AUT	proton	pi+	0.0000E+00	1.1679E-02	7.0207E-02	7.4400E-03
2.3261E+00	1.7241E-01	6.6462E-01	4.7480E-01	7.3619E-01	AUT	proton	pi+	0.0000E+00	6.2250E-03	7.0207E-02	7.7130E-03
2.6706E+00	2.4170E-01	5.3692E-01	4.7725E-01	7.3704E-01	AUT	proton	pi+	0.0000E+00	1.3061E-02	7.0207E-02	7.3750E-03
2.3687E+00	2.1426E-01	5.4082E-01	5.2426E-01	1.2997E-01	AUT	proton	pi+	0.0000E+00	8.6540E-03	7.0207E-02	7.4790E-03
2.7706E+00	2.8748E-01	4.6757E-01	5.2704E-01	1.2867E-01	AUT	proton	pi+	0.0000E+00	2.2213E-02	7.0207E-02	7.1770E-03
2.2603E+00	1.8397E-01	5.9858E-01	5.2373E-01	3.0454E-01	AUT	proton	pi+	0.0000E+00	8.0870E-03	7.0207E-02	7.6260E-03
2.4950E+00	2.3507E-01	5.1563E-01	5.2497E-01	2.9624E-01	AUT	proton	pi+	0.0000E+00	8.1700E-03	7.0207E-02	7.3810E-03
2.7909E+00	2.9137E-01	4.6464E-01	5.2775E-01	2.9360E-01	AUT	proton	pi+	0.0000E+00	1.8223E-02	7.0207E-02	7.1630E-03
2.2889E+00	1.7906E-01	6.2478E-01	5.2409E-01	4.9460E-01	AUT	proton	pi+	0.0000E+00	7.2650E-03	7.0207E-02	7.6520E-03
2.5757E+00	2.4396E-01	5.1470E-01	5.2566E-01	4.8664E-01	AUT	proton	pi+	0.0000E+00	1.3721E-02	7.0207E-02	7.3440E-03
2.3368E+00	1.7918E-01	6.4405E-01	5.2455E-01	7.4442E-01	AUT	proton	pi+	0.0000E+00	6.3000E-03	7.0207E-02	7.6530E-03
2.6362E+00	2.5754E-01	4.9751E-01	5.2582E-01	7.2512E-01	AUT	proton	pi+	0.0000E+00	1.4128E-02	7.0207E-02	7.2890E-03
2.4006E+00	2.3017E-01	5.1350E-01	5.7416E-01	1.2999E-01	AUT	proton	pi+	0.0000E+00	8.4970E-03	7.0207E-02	7.3830E-03
2.8435E+00	3.3039E-01	4.1728E-01	5.7797E-01	1.3015E-01	AUT	proton	pi+	0.0000E+00	3.8540E-02	7.0207E-02	7.0060E-03
2.2930E+00	1.9254E-01	5.8103E-01	5.7385E-01	3.0388E-01	AUT	proton	pi+	0.0000E+00	8.1060E-03	7.0207E-02	7.5550E-03
2.5350E+00	2.6170E-01	4.7236E-01	5.7506E-01	2.9613E-01	AUT	proton	pi+	0.0000E+00	8.2430E-03	7.0207E-02	7.2490E-03
2.3178E+00	1.8788E-01	6.0410E-01	5.7406E-01	4.9440E-01	AUT	proton	pi+	0.0000E+00	7.7640E-03	7.0207E-02	7.5790E-03
2.5648E+00	2.6366E-01	4.7427E-01	5.7522E-01	4.8649E-01	AUT	proton	pi+	0.0000E+00	1.4998E-02	7.0207E-02	7.2400E-03
2.3552E+00	1.8695E-01	6.2416E-01	5.7436E-01	7.4598E-01	AUT	proton	pi+	0.0000E+00	7.0330E-03	7.0207E-02	7.5860E-03
2.6734E+00	2.7591E-01	4.7021E-01	5.7352E-01	6.8896E-01	AUT	proton	pi+	0.0000E+00	3.2418E-02	7.0207E-02	7.1920E-03
2.2771E+00	1.9222E-01	5.7732E-01	6.2378E-01	2.5344E-01	AUT	proton	pi+	0.0000E+00	7.9750E-03	7.0207E-02	7.5250E-03
2.4254E+00	2.4515E-01	4.8093E-01	6.2396E-01	2.3715E-01	AUT	proton	pi+	0.0000E+00	8.3490E-03	7.0207E-02	7.2810E-03
2.6347E+00	3.0259E-01	4.2280E-01	6.2407E-01	2.3223E-01	AUT	proton	pi+	0.0000E+00	1.1184E-02	7.0207E-02	7.0700E-03
2.3465E+00	1.9985E-01	5.7766E-01	6.2408E-01	4.9415E-01	AUT	proton	pi+	0.0000E+00	8.2020E-03	7.0207E-02	7.4890E-03
2.5978E+00	2.8108E-01	4.4869E-01	6.2268E-01	4.7857E-01	AUT	proton	pi+	0.0000E+00	2.0273E-02	7.0207E-02	7.1440E-03
2.3765E+00	1.8884E-01	6.2453E-01	6.2403E-01	7.7155E-01	AUT	proton	pi+	0.0000E+00	7.5210E-03	7.0207E-02	7.5470E-03
2.3061E+00	2.0200E-01	5.5772E-01	6.7373E-01	2.5133E-01	AUT	proton	pi+	0.0000E+00	7.9280E-03	7.0207E-02	7.4440E-03
2.5216E+00	2.6859E-01	4.5645E-01	6.7242E-01	2.3092E-01	AUT	proton	pi+	0.0000E+00	9.3830E-03	7.0207E-02	7.1580E-03
2.3129E+00	1.8570E-01	6.0946E-01	6.7393E-01	5.7437E-01	AUT	proton	pi+	0.0000E+00	7.8030E-03	7.0207E-02	7.5260E-03
2.5799E+00	2.4886E-01	5.0388E-01	6.7214E-01	5.2007E-01	AUT	proton	pi+	0.0000E+00	1.8562E-02	7.0207E-02	7.2310E-03
2.3577E+00	1.6930E-01	6.8480E-01	6.7350E-01	9.3453E-01	AUT	proton	pi+	0.0000E+00	1.3637E-02	7.0207E-02	7.6160E-03
3.3423E+00	2.3146E-01	7.0311E-01	3.3748E-01	4.1704E-01	AUT	proton	pi+	0.0000E+00	1.3525E-02	7.0207E-02	7.4830E-03
3.2287E+00	2.3986E-01	6.5278E-01	3.7666E-01	2.3683E-01	AUT	proton	pi+	0.0000E+00	1.1455E-02	7.0207E-02	7.4240E-03
3.6854E+00	2.8139E-01	6.3507E-01	3.8015E-01	2.2574E-01	AUT	proton	pi+	0.0000E+00	1.3254E-02	7.0207E-02	7.2630E-03
3.3505E+00	2.4569E-01	6.6338E-01	3.7705E-01	5.4265E-01	AUT	proton	pi+	0.0000E+00	9.2320E-03	7.0207E-02	7.4020E-03
3.8402E+00	3.0156E-01	6.1728E-01	3.8448E-01	5.3772E-01	AUT	proton	pi+	0.0000E+00	3.7194E-02	7.0207E-02	7.1920E-03
3.4455E+00	2.7296E-01	6.1385E-01	4.2505E-01	1.2858E-01	AUT	proton	pi+	0.0000E+00	1.0802E-02	7.0207E-02	7.2730E-03
3.8635E+00	3.4220E-01	5.4724E-01	4.3285E-01	1.2846E-01	AUT	proton	pi+	0.0000E+00	4.6830E-02	7.0207E-02	7.0400E-03
3.2908E+00	2.5318E-01	6.3105E-01	4.2435E-01	2.9805E-01	AUT	proton	pi+	0.0000E+00	1.1271E-02	7.0207E-02	7.3460E-03
3.6649E+00	3.0345E-01	5.8629E-01	4.2737E-01	2.9493E-01	AUT	proton	pi+	0.0000E+00	1.2648E-02	7.0207E-02	7.1650E-03
3.3812E+00	2.6215E-01	6.2820E-01	4.2494E-01	4.8845E-01	AUT	proton	pi+	0.0000E+00	1.2181E-02	7.0207E-02	7.3140E-03
3.8044E+00	3.3071E-01	5.5775E-01	4.3063E-01	4.8574E-01	AUT	proton	pi+	0.0000E+00	5.9663E-02	7.0207E-02	7.0760E-03
3.4045E+00	2.6389E-01	6.3083E-01	4.2595E-01	7.3621E-01	AUT	proton	pi+	0.0000E+00	1.0930E-02	7.0207E-02	7.3090E-03
3.4208E+00	2.8355E-01	5.8879E-01	4.7446E-01	1.2865E-01	AUT	proton	pi+	0.0000E+00	1.0417E-02	7.0207E-02	7.2120E-03
3.7755E+00	3.6475E-01	5.0187E-01	4.7956E-01	1.2936E-01	AUT	proton	pi+	0.0000E+00	3.3228E-02	7.0207E-02	6.9490E-03
3.3267E+00	2.6045E-01	6.2063E-01	4.7387E-01	2.9823E-01	AUT	proton	pi+	0.0000E+00	1.1159E-02	7.0207E-02	7.2940E-03
3.5850E+00	3.2136E-01	5.4218E-01	4.7609E-01	2.9456E-01	AUT	proton	pi+	0.0000E+00	1.1773E-02	7.0207E-02	7.0830E-03
3.3944E+00	2.7400E-01	6.0535E-01	4.7463E-01	4.8866E-01	AUT	proton	pi+	0.0000E+00	1.3412E-02	7.0207E-02	7.2460E-03
3.7736E+00	3.6055E-01	5.0756E-01	4.7866E-01	4.8644E-01	AUT	proton	pi+	0.0000E+00	5.0645E-02	7.0207E-02	6.9610E-03
3.4055E+00	2.7315E-01	6.1212E-01	4.7511E-01	7.4592E-01	AUT	proton	pi+	0.0000E+00	1.0846E-02	7.0207E-02	7.2510E-03
3.2977E+00	2.5600E-01	6.2543E-01	5.2377E-01	2.4092E-01	AUT	proton	pi+	0.0000E+00	1.0281E-02	7.0207E-02	7.2830E-03
3.4689E+00	3.0495E-01	5.5231E-01	5.2397E-01	2.3205E-01	AUT	proton	pi+	0.0000E+00	1.0860E-02	7.0207E-02	7.1090E-03
3.5817E+00	3.6175E-01	4.8078E-01	5.2635E-01	2.2993E-01	AUT	proton	pi+	0.0000E+00	1.3099E-02	7.0207E-02	6.9320E-03
3.3992E+00	2.8537E-01	5.8505E-01	5.2451E-01	4.8944E-01	AUT	proton	pi+	0.0000E+00	1.3831E-02	7.0207E-02	7.1800E-03
3.7380E+00	3.9321E-01	4.6093E-01	5.2828E-01	4.8436E-01	AUT	proton	pi+	0.0000E+00	5.6948E-02	7.0207E-02	6.8370E-03
3.4022E+00	2.7733E-01	6.0359E-01	5.2465E-01	7.4729E-01	AUT	proton	pi+	0.0000E+00	1.3522E-02	7.0207E-02	7.2090E-03
3.3426E+00	2.6454E-01	6.1411E-01	5.7376E-01	2.4293E-01	AUT	proton	pi+	0.0000E+00	1.0059E-02	7.0207E-02	7.2210E-03
3.4572E+00	3.3242E-01	5.0635E-01	5.7406E-01	2.3482E-01	AUT	proton	pi+	0.0000E+00	1.0573E-02	7.0207E-02	6.9930E-03
3.6282E+00	4.0474E-01	4.3465E-01	5.7506E-01	2.3261E-01	AUT	proton	pi+	0.0000E+00	2.1886E-02	7.0207E-02	6.7740E-03
3.3679E+00	2.6961E-01	6.0966E-01	5.7424E-01	5.5694E-01	AUT	proton	pi+	0.0000E+00	1.4258E-02	7.0207E-02	7.2040E-03
3.5234E+00	3.5299E-01	4.8513E-01	5.7353E-01	5.2013E-01	AUT	proton	pi+	0.0000E+00	2.4340E-02	7.0207E-02	6.9300E-03
3.3724E+00	2.7492E-01	5.9762E-01	6.2378E-01	2.4355E-01	AUT	proton	pi+	0.0000E+00	9.9280E-03	7.0207E-02	7.1510E-03
3.4853E+00	3.5573E-01	4.7681E-01	6.2290E-01	2.3146E-01	AUT	proton	pi+	0.0000E+00	1.2739E-02	7.0207E-02	6.8880E-03
3.3964E+00	2.8091E-01	5.9260E-01	6.2401E-01	5.5315E-01	AUT	proton	pi+	0.0000E+00	1.4333E-02	7.0207E-02	7.1310E-03
3.6901E+00	3.7569E-01	4.7601E-01	6.1920E-01	4.7464E-01	AUT	proton	pi+	0.0000E+00	6.1428E-02	7.0207E-02	6.8290E-03
3.3993E+00	2.9057E-01	5.7285E-01	6.7354E-01	2.4255E-01	AUT	proton	pi+	0.0000E+00	9.7320E-03	7.0207E-02	7.0620E-03
3.6463E+00	3.7331E-01	4.7338E-01	6.6885E-01	2.1125E-01	AUT	proton	pi+	0.0000E+00	3.0043E-02	7.0207E-02	6.8000E-03
3.4029E+00	2.7364E-01	6.0830E-01	6.7327E-01	5.8428E-01	AUT	proton	pi+	0.0000E+00	1.5226E-02	7.0207E-02	7.1220E-03
4.4567E+00	3.2157E-01	6.7155E-01	3.4445E-01	3.1472E-01	AUT	proton	pi+	0.0000E+00	3.2444E-02	7.0207E-02	7.1480E-03
4.2261E+00	3.1342E-01	6.5354E-01	3.7614E-01	2.2435E-01	AUT	proton	pi+	0.0000E+00	1.9241E-02	7.0207E-02	7.1560E-03
4.6130E+00	3.5018E-01	6.3833E-01	3.7921E-01	2.2297E-01	AUT	proton	pi+	0.0000E+00	1.8069E-02	7.0207E-02	7.0400E-03
4.8476E+00	3.8609E-01	6.0850E-01	3.8688E-01	2.1866E-01	AUT	proton	pi+	0.0000E+00	4.2939E-02	7.0207E-02	6.9290E-03
4.4443E+00	3.3422E-01	6.4519E-01	3.7845E-01	5.5968E-01	AUT	proton	pi+	0.0000E+00	1.8161E-02	7.0207E-02	7.0890E-03
4.3804E+00	3.4072E-01	6.2422E-01	4.2426E-01	1.2765E-01	AUT	proton	pi+	0.0000E+00	1.7578E-02	7.0207E-02	7.0450E-03
4.7169E+00	4.0168E-01	5.6950E-01	4.2824E-01	1.2807E-01	AUT	proton	pi+	0.0000E+00	3.5911E-02	7.0207E-02	6.8610E-03
4.3099E+00	3.2826E-01	6.3690E-01	4.2406E-01	2.9431E-01	AUT	proton	pi+	0.0000E+00	1.9151E-02	7.0207E-02	7.0830E-03
4.6230E+00	3.8267E-01	5.8640E-01	4.2704E-01	2.9182E-01	AUT	proton	pi+	0.0000E+00	1.8425E-02	7.0207E-02	6.9170E-03
4.3898E+00	3.4092E-01	6.2554E-01	4.2517E-01	5.3544E-01	AUT	proton	pi+	0.0000E+00	2.0695E-02	7.0207E-02	7.0430E-03
4.7263E+00	4.0816E-01	5.6151E-01	4.3029E-01	5.3636E-01	AUT	proton	pi+	0.0000E+00	4.2327E-02	7.0207E-02	6.8410E-03
4.4126E+00	3.5520E-01	6.0495E-01	4.7385E-01	1.2820E-01	AUT	proton	pi+	0.0000E+00	1.6103E-02	7.0207E-02	6.9740E-03
4.6971E+00	4.4143E-01	5.1605E-01	4.7703E-01	1.3044E-01	AUT	proton	pi+	0.0000E+00	4.2289E-02	7.0207E-02	6.7170E-03
4.3474E+00	3.3516E-01	6.2958E-01	4.7398E-01	2.9545E-01	AUT	proton	pi+	0.0000E+00	1.8493E-02	7.0207E-02	7.0340E-03
4.5690E+00	4.0497E-01	5.4857E-01	4.7538E-01	2.9461E-01	AUT	proton	pi+	0.0000E+00	1.6640E-02	7.0207E-02	6.8250E-03
4.3853E+00	3.4504E-01	6.1811E-01	4.7452E-01	5.3922E-01	AUT	proton	pi+	0.0000E+00	2.2117E-02	7.0207E-02	7.0040E-03
4.5953E+00	4.2457E-01	5.2528E-01	4.7689E-01	5.3178E-01	AUT	proton	pi+	0.0000E+00	2.6501E-02	7.0207E-02	6.7670E-03
4.3038E+00	3.2883E-01	6.3491E-01	5.2382E-01	2.3497E-01	AUT	proton	pi+	0.0000E+00	1.6665E-02	7.0207E-02	7.0250E-03
4.5116E+00	3.8306E-01	5.7182E-01	5.2389E-01	2.3302E-01	AUT	proton	pi+	0.0000E+00	1.5098E-02	7.0207E-02	6.8610E-03
4.5743E+00	4.5217E-01	4.9103E-01	5.2481E-01	2.4099E-01	AUT	proton	pi+	0.0000E+00	1.9608E-02	7.0207E-02	6.6560E-03
4.3999E+00	3.5188E-01	6.0917E-01	5.2445E-01	5.4223E-01	AUT	proton	pi+	0.0000E+00	2.1783E-02	7.0207E-02	6.9540E-03
4.5718E+00	4.4289E-01	5.0082E-01	5.2380E-01	5.0636E-01	AUT	proton	pi+	0.0000E+00	2.9769E-02	7.0207E-02	6.6850E-03
4.3509E+00	3.3742E-01	6.2596E-01	5.7386E-01	2.3793E-01	AUT	proton	pi+	0.0000E+00	1.6168E-02	7.0207E-02	6.9660E-03
4.5303E+00	4.1524E-01	5.3162E-01	5.7353E-01	2.3724E-01	AUT	proton	pi+	0.0000E+00	1.4654E-02	7.0207E-02	6.7320E-03
4.4147E+00	3.5682E-01	6.0389E-01	5.7414E-01	5.6356E-01	AUT	proton	pi+	0.0000E+00	2.0323E-02	7.0207E-02	6.9060E-03
4.6893E+00	4.5855E-01	4.9555E-01	5.7025E-01	4.6717E-01	AUT	proton	pi+	0.0000E+00	6.6637E-02	7.0207E-02	6.6060E-03
4.3910E+00	3.4867E-01	6.1241E-01	6.2385E-01	2.4017E-01	AUT	proton	pi+	0.0000E+00	1.5508E-02	7.0207E-02	6.8970E-03
4.5600E+00	4.2663E-01	5.1884E-01	6.2273E-01	2.3614E-01	AUT	proton	pi+	0.0000E+00	2.2254E-02	7.0207E-02	6.6640E-03
4.4221E+00	3.5347E-01	6.1000E-01	6.2363E-01	5.5992E-01	AUT	proton	pi+	0.0000E+00	2.3460E-02	7.0207E-02	6.8820E-03
4.3786E+00	3.4345E-01	6.1943E-01	6.7373E-01	3.2479E-01	AUT	proton	pi+	0.0000E+00	1.6329E-02	7.0207E-02	6.8760E-03
4.6041E+00	4.0772E-01	5.4768E-01	6.7123E-01	2.7336E-01	AUT	proton	pi+	0.0000E+00	2.6228E-02	7.0207E-02	6.6830E-03
5.3137E+00	3.9814E-01	6.4706E-01	3.7716E-01	2.2799E-01	AUT	proton	pi+	0.0000E+00	1.9192E-02	7.0207E-02	6.8980E-03
5.7228E+00	4.4808E-01	6.1911E-01	3.8377E-01	2.2329E-01	AUT	proton	pi+	0.0000E+00	3.1359E-02	7.0207E-02	6.7470E-03
5.4152E+00	4.0880E-01	6.4280E-01	3.7878E-01	5.5275E-01	AUT	proton	pi+	0.0000E+00	2.5730E-02	7.0207E-02	6.8650E-03
5.2839E+00	4.0218E-01	6.3722E-01	4.2377E-01	2.2891E-01	AUT	proton	pi+	0.0000E+00	1.9514E-02	7.0207E-02	6.8580E-03
5.5747E+00	4.6336E-01	5.8390E-01	4.2658E-01	2.2464E-01	AUT	proton	pi+	0.0000E+00	1.8723E-02	7.0207E-02	6.6760E-03
5.4285E+00	4.2776E-01	6.1763E-01	4.2556E-01	5.5149E-01	AUT	proton	pi+	0.0000E+00	2.2983E-02	7.0207E-02	6.7800E-03
5.3253E+00	4.1128E-01	6.2840E-01	4.7379E-01	2.3191E-01	AUT	proton	pi+	0.0000E+00	1.9052E-02	7.0207E-02	6.8020E-03
5.5451E+00	4.8738E-01	5.5268E-01	4.7451E-01	2.3149E-01	AUT	proton	pi+	0.0000E+00	2.0208E-02	7.0207E-02	6.5750E-03
5.4185E+00	4.3658E-01	6.0565E-01	4.7463E-01	5.4769E-01	AUT	proton	pi+	0.0000E+00	2.2621E-02	7.0207E-02	6.7240E-03
5.3650E+00	4.2306E-01	6.1625E-01	5.2384E-01	2.3528E-01	AUT	proton	pi+	0.0000E+00	1.8504E-02	7.0207E-02	6.7360E-03
5.5512E+00	5.0675E-01	5.3156E-01	5.2365E-01	2.3805E-01	AUT	proton	pi+	0.0000E+00	2.8119E-02	7.0207E-02	6.4850E-03
5.4129E+00	4.3415E-01	6.0796E-01	5.2415E-01	5.4787E-01	AUT	proton	pi+	0.0000E+00	2.6277E-02	7.0207E-02	6.7010E-03
5.4088E+00	4.4191E-01	5.9702E-01	5.7371E-01	2.3796E-01	AUT	proton	pi+	0.0000E+00	1.7851E-02	7.0207E-02	6.6430E-03
5.8016E+00	5.5330E-01	5.0798E-01	5.6751E-01	1.9214E-01	AUT	proton	pi+	0.0000E+00	1.7071E-01	7.0207E-02	6.3090E-03
5.4039E+00	4.2761E-01	6.1530E-01	5.7377E-01	5.4636E-01	AUT	proton	pi+	0.0000E+00	3.1032E-02	7.0207E-02	6.6870E-03
5.3876E+00	4.2711E-01	6.1358E-01	6.2355E-01	3.4216E-01	AUT	proton	pi+	0.0000E+00	1.8707E-02	7.0207E-02	6.6520E-03
5.6813E+00	5.1083E-01	5.3890E-01	6.1864E-01	2.2084E-01	AUT	proton	pi+	0.0000E+00	7.1042E-02	7.0207E-02	6.4020E-03
5.3838E+00	4.2111E-01	6.2138E-01	6.7236E-01	3.2737E-01	AUT	proton	pi+	0.0000E+00	2.3053E-02	7.0207E-02	6.6330E-03
6.5967E+00	5.0206E-01	6.3758E-01	3.7942E-01	3.2154E-01	AUT	proton	pi+	0.0000E+00	1.7859E-02	7.0207E-02	6.5840E-03
6.4236E+00	5.0626E-01	6.1619E-01	4.2446E-01	2.9088E-01	AUT	proton	pi+	0.0000E+00	1.8822E-02	7.0207E-02	6.5450E-03
7.0690E+00	5.8782E-01	5.8255E-01	4.2643E-01	2.8365E-01	AUT	proton	pi+	0.0000E+00	3.5317E-02	7.0207E-02	6.2950E-03
6.4954E+00	5.2254E-01	6.0445E-01	4.7377E-01	2.9694E-01	AUT	proton	pi+	0.0000E+00	1.8491E-02	7.0207E-02	6.4620E-03
7.4694E+00	6.1723E-01	5.8620E-01	4.7332E-01	2.6397E-01	AUT	proton	pi+	0.0000E+00	9.8768E-02	7.0207E-02	6.1730E-03
6.5090E+00	5.2098E-01	6.0744E-01	5.2356E-01	3.2495E-01	AUT	proton	pi+	0.0000E+00	2.0291E-02	7.0207E-02	6.4330E-03
6.4861E+00	5.1417E-01	6.1301E-01	5.7308E-01	3.2005E-01	AUT	proton	pi+	0.0000E+00	2.4459E-02	7.0207E-02	6.4180E-03
6.4376E+00	5.0204E-01	6.2254E-01	6.2222E-01	3.0922E-01	AUT	proton	pi+	0.0000E+00	3.1522E-02	7.0207E-02	6.4180E-03
1.3423E+00	1.0105E-01	8.0682E-01	3.7955E-01	4.9382E-01	AUT	proton	pi+	0.0000E+00	8.5130E-03	7.0207E-02	1.1590E-02
1.2859E+00	1.0582E-01	7.3890E-01	4.2673E-01	4.2137E-01	AUT	proton	pi+	0.0000E+00	5.7740E-03	7.0207E-02	1.1527E-02
1.8070E+00	1.5674E-01	6.9894E-01	4.3042E-01	4.1950E-01	AUT	proton	pi+	0.0000E+00	1.5446E-02	7.0207E-02	1.1071E-02
1.3519E+00	1.0771E-01	7.6573E-01	4.2777E-01	6.9685E-01	AUT	proton	pi+	0.0000E+00	1.1597E-02	7.0207E-02	1.1508E-02
1.1817E+00	1.0394E-01	6.9218E-01	4.7530E-01	3.9487E-01	AUT	proton	pi+	0.0000E+00	5.9850E-03	7.0207E-02	1.1527E-02
1.5986E+00	1.4930E-01	6.5033E-01	4.7804E-01	3.7857E-01	AUT	proton	pi+	0.0000E+00	6.4470E-03	7.0207E-02	1.1116E-02
1.3560E+00	1.1542E-01	7.2044E-01	4.7644E-01	7.2021E-01	AUT	proton	pi+	0.0000E+00	8.3230E-03	7.0207E-02	1.1418E-02
1.2803E+00	1.2685E-01	6.1536E-01	5.2550E-01	2.6413E-01	AUT	proton	pi+	0.0000E+00	7.6230E-03	7.0207E-02	1.1294E-02
1.7988E+00	1.8927E-01	5.7621E-01	5.2799E-01	2.4658E-01	AUT	proton	pi+	0.0000E+00	1.4031E-02	7.0207E-02	1.0760E-02
1.2298E+00	1.0899E-01	6.8948E-01	5.2466E-01	5.7399E-01	AUT	proton	pi+	0.0000E+00	5.2320E-03	7.0207E-02	1.1458E-02
1.6462E+00	1.6209E-01	6.1775E-01	5.2620E-01	5.5579E-01	AUT	proton	pi+	0.0000E+00	7.3450E-03	7.0207E-02	1.0980E-02
1.3528E+00	1.2084E-01	6.9214E-01	5.2658E-01	8.9087E-01	AUT	proton	pi+	0.0000E+00	1.7131E-02	7.0207E-02	1.1346E-02
1.2495E+00	1.3006E-01	5.8637E-01	5.7482E-01	2.5694E-01	AUT	proton	pi+	0.0000E+00	8.0190E-03	7.0207E-02	1.1239E-02
1.7140E+00	1.9127E-01	5.4382E-01	5.7650E-01	2.4047E-01	AUT	proton	pi+	0.0000E+00	1.0832E-02	7.0207E-02	1.0716E-02
1.2393E+00	1.1437E-01	6.6385E-01	5.7442E-01	5.7650E-01	AUT	proton	pi+	0.0000E+00	5.3240E-03	7.0207E-02	1.1382E-02
1.6425E+00	1.7298E-01	5.7780E-01	5.7569E-01	5.5716E-01	AUT	proton	pi+	0.0000E+00	8.4730E-03	7.0207E-02	1.0860E-02
1.3386E+00	1.1990E-01	6.8940E-01	5.7521E-01	9.0070E-01	AUT	proton	pi+	0.0000E+00	1.3237E-02	7.0207E-02	1.1328E-02
1.2516E+00	1.3608E-01	5.6236E-01	6.2448E-01	2.5185E-01	AUT	proton	pi+	0.0000E+00	8.0410E-03	7.0207E-02	1.1152E-02
1.6974E+00	2.0110E-01	5.1277E-01	6.2576E-01	2.3548E-01	AUT	proton	pi+	0.0000E+00	1.0559E-02	7.0207E-02	1.0608E-02
1.2689E+00	1.2193E-01	6.3942E-01	6.2423E-01	5.7457E-01	AUT	proton	pi+	0.0000E+00	5.5990E-03	7.0207E-02	1.1280E-02
1.6798E+00	1.8692E-01	5.4645E-01	6.2429E-01	5.3682E-01	AUT	proton	pi+	0.0000E+00	1.4558E-02	7.0207E-02	1.0711E-02
1.3356E+00	1.1490E-01	7.1375E-01	6.2408E-01	9.1023E-01	AUT	proton	pi+	0.0000E+00	1.2386E-02	7.0207E-02	1.1342E-02
1.2906E+00	1.4618E-01	5.4089E-01	6.7398E-01	2.4714E-01	AUT	proton	pi+	0.0000E+00	7.7700E-03	7.0207E-02	1.1023E-02
1.7429E+00	2.1491E-01	4.9214E-01	6.7219E-01	2.2184E-01	AUT	proton	pi+	0.0000E+00	1.4897E-02	7.0207E-02	1.0468E-02
1.3401E+00	1.3287E-01	6.2232E-01	6.7340E-01	5.6251E-01	AUT	proton	pi+	0.0000E+00	6.1340E-03	7.0207E-02	1.1141E-02
1.8940E+00	2.2542E-01	5.0907E-01	6.6630E-01	4.6029E-01	AUT	proton	pi+	0.0000E+00	1.6508E-01	7.0207E-02	1.0395E-02
2.3040E+00	2.1532E-01	6.5569E-01	4.7923E-01	4.6917E-01	AUT	proton	pi+	0.0000E+00	1.0211E-02	7.0207E-02	1.0604E-02
2.3647E+00	2.3968E-01	6.0403E-01	5.2638E-01	4.1274E-01	AUT	proton	pi+	0.0000E+00	7.0800E-03	7.0207E-02	1.0422E-02
2.3728E+00	2.5165E-01	5.7817E-01	5.7492E-01	3.9092E-01	AUT	proton	pi+	0.0000E+00	6.9900E-03	7.0207E-02	1.0316E-02
2.3614E+00	2.5647E-01	5.6534E-01	6.2377E-01	3.6267E-01	AUT	proton	pi+	0.0000E+00	7.8030E-03	7.0207E-02	1.0246E-02
2.3380E+00	2.4886E-01	5.7596E-01	6.7222E-01	3.4496E-01	AUT	proton	pi+	0.0000E+00	9.6670E-03	7.0207E-02	1.0242E-02
3.4160E+00	3.6094E-01	5.7383E-01	5.2695E-01	3.0866E-01	AUT	proton	pi+	0.0000E+00	1.8724E-02	7.0207E-02	9.8070E-03
3.3963E+00	3.6910E-01	5.5855E-01	5.7414E-01	2.9298E-01	AUT	proton	pi+	0.0000E+00	1.7454E-02	7.0207E-02	9.7310E-03
3.3635E+00	3.6304E-01	5.6210E-01	6.2227E-01	2.6849E-01	AUT	proton	pi+	0.0000E+00	2.1536E-02	7.0207E-02	9.7120E-03
