Q2	x	y	z	pT	obs	target	hadron	value	stat	systrel	systabs
1.187066	0.093177	0.618772	0.321988	0.161879	AUT	neutron	pi-	0.0	0.002412	0.070207	0.0009880000000000002
1.3692870000000001	0.1135	0.5847319999999999	0.322759	0.149765	AUT	neutron	pi-	0.0	0.001954	0.070207	0.00099
1.488782	0.12803399999999998	0.563495	0.323335	0.14294600000000002	AUT	neutron	pi-	0.0	0.0018859999999999999	0.070207	0.0009939999999999999
1.583173	0.141058	0.543871	0.324499	0.136955	AUT	neutron	pi-	0.0	0.001918	0.070207	0.000999
1.675315	0.155165	0.523241	0.325651	0.131287	AUT	neutron	pi-	0.0	0.001977	0.070207	0.001006
1.795973	0.17538900000000002	0.49655900000000003	0.327023	0.12420199999999999	AUT	neutron	pi-	0.0	0.002069	0.070207	0.001018
1.9087779999999999	0.201259	0.459862	0.33363699999999996	0.115229	AUT	neutron	pi-	0.0	0.004973	0.070207	0.001033
1.073302	0.066192	0.787083	0.321488	0.336675	AUT	neutron	pi-	0.0	0.0021	0.070207	0.000989
1.123304	0.074545	0.730273	0.322308	0.321881	AUT	neutron	pi-	0.0	0.001866	0.070207	0.000989
1.15792	0.080072	0.7006819999999999	0.322668	0.316703	AUT	neutron	pi-	0.0	0.001893	0.070207	0.000989
1.189843	0.084617	0.681266	0.322833	0.313135	AUT	neutron	pi-	0.0	0.0018579999999999998	0.070207	0.000989
1.232985	0.088906	0.6718890000000001	0.322947	0.31106	AUT	neutron	pi-	0.0	0.0018800000000000002	0.070207	0.000989
1.275467	0.09315599999999999	0.663331	0.323048	0.308946	AUT	neutron	pi-	0.0	0.001855	0.070207	0.000989
1.3176430000000001	0.097346	0.655763	0.323177	0.307088	AUT	neutron	pi-	0.0	0.0019199999999999998	0.070207	0.000989
1.35922	0.10159299999999999	0.648174	0.32321500000000003	0.305234	AUT	neutron	pi-	0.0	0.001876	0.070207	0.00099
1.402182	0.10599000000000001	0.6409199999999999	0.323362	0.30330100000000004	AUT	neutron	pi-	0.0	0.001923	0.070207	0.00099
1.444356	0.110437	0.6336189999999999	0.323356	0.301817	AUT	neutron	pi-	0.0	0.001957	0.070207	0.000991
1.4869139999999998	0.11498499999999999	0.626478	0.32347	0.3004	AUT	neutron	pi-	0.0	0.002013	0.070207	0.000992
1.531971	0.119778	0.619638	0.323544	0.299117	AUT	neutron	pi-	0.0	0.0020050000000000003	0.070207	0.000993
1.576414	0.12477200000000001	0.612096	0.32366100000000003	0.297931	AUT	neutron	pi-	0.0	0.002102	0.070207	0.000995
1.613996	0.13005	0.6012810000000001	0.323937	0.296365	AUT	neutron	pi-	0.0	0.0021579999999999998	0.070207	0.0009960000000000001
1.643673	0.135913	0.5859300000000001	0.324236	0.294277	AUT	neutron	pi-	0.0	0.002353	0.070207	0.000998
1.675918	0.14271	0.568997	0.324691	0.292003	AUT	neutron	pi-	0.0	0.0025960000000000002	0.070207	0.001001
1.7141970000000002	0.151608	0.547902	0.325263	0.289287	AUT	neutron	pi-	0.0	0.0030399999999999997	0.070207	0.001005
1.770241	0.164984	0.520087	0.326121	0.288102	AUT	neutron	pi-	0.0	0.004775	0.070207	0.0010119999999999999
1.859753	0.187547	0.481257	0.329444	0.28996	AUT	neutron	pi-	0.0	0.012173	0.070207	0.001026
1.05609	0.062034000000000006	0.8256290000000001	0.322842	0.500841	AUT	neutron	pi-	0.0	0.0019379999999999998	0.070207	0.000989
1.105936	0.068702	0.7800600000000001	0.323302	0.49550200000000005	AUT	neutron	pi-	0.0	0.001966	0.070207	0.00099
1.145656	0.07373500000000001	0.752835	0.323613	0.49228599999999995	AUT	neutron	pi-	0.0	0.0019690000000000003	0.070207	0.00099
1.18524	0.078453	0.7319829999999999	0.323761	0.490233	AUT	neutron	pi-	0.0	0.0019920000000000003	0.070207	0.000989
1.2232049999999999	0.082996	0.714054	0.323908	0.48885	AUT	neutron	pi-	0.0	0.002091	0.070207	0.000989
1.2701639999999998	0.087575	0.70267	0.32395100000000004	0.48854	AUT	neutron	pi-	0.0	0.002081	0.070207	0.000989
1.3211979999999999	0.092472	0.692213	0.323971	0.48790500000000003	AUT	neutron	pi-	0.0	0.0021420000000000002	0.070207	0.000989
1.373565	0.097708	0.681084	0.32400999999999996	0.48752700000000004	AUT	neutron	pi-	0.0	0.002154	0.070207	0.00099
1.430579	0.103503	0.669646	0.32404	0.48709600000000003	AUT	neutron	pi-	0.0	0.002175	0.070207	0.00099
1.489127	0.109884	0.656592	0.32413200000000003	0.486824	AUT	neutron	pi-	0.0	0.002227	0.070207	0.000991
1.55082	0.116976	0.6423479999999999	0.32402600000000004	0.48664399999999997	AUT	neutron	pi-	0.0	0.002259	0.070207	0.000993
1.611681	0.124839	0.625538	0.324098	0.48692799999999997	AUT	neutron	pi-	0.0	0.002323	0.070207	0.000995
1.64578	0.13438699999999998	0.5935729999999999	0.324418	0.488171	AUT	neutron	pi-	0.0	0.0023	0.070207	0.000998
1.688091	0.14864000000000002	0.550655	0.325173	0.49023	AUT	neutron	pi-	0.0	0.002255	0.070207	0.001004
1.8026389999999999	0.175402	0.499439	0.32755500000000004	0.49202799999999997	AUT	neutron	pi-	0.0	0.0027329999999999998	0.070207	0.001018
1.106662	0.067204	0.800196	0.325996	0.668193	AUT	neutron	pi-	0.0	0.001895	0.070207	0.000989
1.258536	0.084135	0.7255659999999999	0.326303	0.6662060000000001	AUT	neutron	pi-	0.0	0.001912	0.070207	0.000989
1.453555	0.103878	0.6787489999999999	0.326365	0.66503	AUT	neutron	pi-	0.0	0.002048	0.070207	0.000991
1.6728560000000001	0.13448	0.6062609999999999	0.326969	0.66192	AUT	neutron	pi-	0.0	0.002856	0.070207	0.000999
1.83133	0.17953	0.495676	0.330496	0.654209	AUT	neutron	pi-	0.0	0.02181	0.070207	0.0010199999999999999
1.262401	0.10401400000000001	0.589873	0.37245700000000004	0.155849	AUT	neutron	pi-	0.0	0.0021420000000000002	0.070207	0.00098
1.4832889999999999	0.130677	0.550311	0.373094	0.141112	AUT	neutron	pi-	0.0	0.00187	0.070207	0.000984
1.592553	0.149561	0.516217	0.373366	0.131967	AUT	neutron	pi-	0.0	0.0019219999999999999	0.070207	0.000991
1.670654	0.168802	0.479836	0.37391599999999997	0.12403800000000001	AUT	neutron	pi-	0.0	0.002015	0.070207	0.001
1.778403	0.195158	0.442144	0.375819	0.117237	AUT	neutron	pi-	0.0	0.002194	0.070207	0.001015
1.903505	0.22866999999999998	0.403623	0.38142	0.114922	AUT	neutron	pi-	0.0	0.005336	0.070207	0.001035
1.098266	0.072011	0.741112	0.371938	0.33466799999999997	AUT	neutron	pi-	0.0	0.002081	0.070207	0.000984
1.161071	0.082748	0.680025	0.372687	0.319339	AUT	neutron	pi-	0.0	0.0018899999999999998	0.070207	0.000982
1.2257559999999998	0.089931	0.660391	0.372898	0.315319	AUT	neutron	pi-	0.0	0.001871	0.070207	0.000982
1.290351	0.096562	0.647429	0.373102	0.312033	AUT	neutron	pi-	0.0	0.001865	0.070207	0.000981
1.351275	0.102843	0.636575	0.373243	0.309394	AUT	neutron	pi-	0.0	0.001923	0.070207	0.000981
1.411814	0.10923900000000002	0.626164	0.373345	0.306736	AUT	neutron	pi-	0.0	0.001861	0.070207	0.000982
1.473997	0.115979	0.615739	0.373404	0.304041	AUT	neutron	pi-	0.0	0.0019030000000000002	0.070207	0.000983
1.535318	0.122774	0.605858	0.373481	0.30194899999999997	AUT	neutron	pi-	0.0	0.001979	0.070207	0.000984
1.586016	0.12984300000000001	0.591834	0.373628	0.299396	AUT	neutron	pi-	0.0	0.002038	0.070207	0.000986
1.626601	0.137821	0.571873	0.3737	0.296576	AUT	neutron	pi-	0.0	0.0021550000000000002	0.070207	0.0009880000000000002
1.664624	0.147319	0.547559	0.373872	0.293566	AUT	neutron	pi-	0.0	0.0024579999999999997	0.070207	0.000991
1.695561	0.15965	0.51479	0.374083	0.29029499999999997	AUT	neutron	pi-	0.0	0.003274	0.070207	0.000997
1.737134	0.178851	0.471131	0.37490300000000004	0.28993800000000003	AUT	neutron	pi-	0.0	0.006519	0.070207	0.001006
1.8378919999999999	0.21014899999999997	0.424612	0.377958	0.29146500000000003	AUT	neutron	pi-	0.0	0.009606	0.070207	0.001024
1.0725770000000001	0.064618	0.805592	0.372805	0.5029170000000001	AUT	neutron	pi-	0.0	0.0018859999999999999	0.070207	0.000985
1.134226	0.073429	0.748603	0.373295	0.497655	AUT	neutron	pi-	0.0	0.0019399999999999999	0.070207	0.000984
1.184655	0.079989	0.7176600000000001	0.373604	0.49361099999999997	AUT	neutron	pi-	0.0	0.0019879999999999997	0.070207	0.000983
1.240966	0.086215	0.69738	0.37380599999999997	0.49144	AUT	neutron	pi-	0.0	0.002066	0.070207	0.000983
1.311324	0.092761	0.68493	0.37385799999999997	0.49041	AUT	neutron	pi-	0.0	0.002125	0.070207	0.000982
1.3843239999999999	0.099788	0.672137	0.373925	0.489282	AUT	neutron	pi-	0.0	0.0022440000000000003	0.070207	0.000982
1.461385	0.10746900000000001	0.6588579999999999	0.37395700000000004	0.48832700000000007	AUT	neutron	pi-	0.0	0.002367	0.070207	0.000983
1.541596	0.11608800000000001	0.6434270000000001	0.374029	0.487587	AUT	neutron	pi-	0.0	0.002523	0.070207	0.000984
1.621364	0.126229	0.62249	0.374046	0.48683699999999996	AUT	neutron	pi-	0.0	0.002705	0.070207	0.000986
1.6539529999999998	0.13956	0.574705	0.37405700000000003	0.487059	AUT	neutron	pi-	0.0	0.0033399999999999997	0.070207	0.000989
1.684359	0.161795	0.5055470000000001	0.37407199999999996	0.48986499999999994	AUT	neutron	pi-	0.0	0.0031079999999999997	0.070207	0.000997
1.793757	0.199012	0.438176	0.376601	0.491447	AUT	neutron	pi-	0.0	0.004539	0.070207	0.001017
1.097612	0.066598	0.800532	0.374735	0.6787569999999999	AUT	neutron	pi-	0.0	0.0019320000000000001	0.070207	0.000984
1.22149	0.08110099999999999	0.730426	0.375053	0.675804	AUT	neutron	pi-	0.0	0.001935	0.070207	0.000983
1.368409	0.096694	0.686241	0.375073	0.675916	AUT	neutron	pi-	0.0	0.001875	0.070207	0.000982
1.550874	0.117922	0.638157	0.37500500000000003	0.6766310000000001	AUT	neutron	pi-	0.0	0.0018920000000000002	0.070207	0.000984
1.686005	0.156369	0.527857	0.3754	0.674057	AUT	neutron	pi-	0.0	0.002784	0.070207	0.0009960000000000001
1.8571490000000002	0.215631	0.417996	0.379871	0.6700010000000001	AUT	neutron	pi-	0.0	0.030962	0.070207	0.001027
1.389998	0.09657	0.7188	0.378362	0.8581270000000001	AUT	neutron	pi-	0.0	0.00294	0.070207	0.000985
1.334701	0.114532	0.566866	0.42281	0.150114	AUT	neutron	pi-	0.0	0.001999	0.070207	0.000974
1.571705	0.147748	0.516133	0.423342	0.133044	AUT	neutron	pi-	0.0	0.0018789999999999998	0.070207	0.000981
1.6807020000000001	0.175777	0.463978	0.42361099999999996	0.12340699999999999	AUT	neutron	pi-	0.0	0.001996	0.070207	0.000992
1.786225	0.216635	0.401436	0.42503599999999997	0.119308	AUT	neutron	pi-	0.0	0.002076	0.070207	0.001013
1.117748	0.077671	0.699692	0.42226	0.331941	AUT	neutron	pi-	0.0	0.002146	0.070207	0.000978
1.223894	0.091235	0.650085	0.422954	0.318267	AUT	neutron	pi-	0.0	0.001902	0.070207	0.000976
1.324284	0.101786	0.630444	0.423138	0.313797	AUT	neutron	pi-	0.0	0.001834	0.070207	0.000975
1.416375	0.111802	0.613849	0.423317	0.309473	AUT	neutron	pi-	0.0	0.001853	0.070207	0.000975
1.504427	0.121625	0.599332	0.42342700000000005	0.30571	AUT	neutron	pi-	0.0	0.0018850000000000002	0.070207	0.000976
1.577785	0.131929	0.579547	0.423634	0.30179	AUT	neutron	pi-	0.0	0.0019399999999999999	0.070207	0.000977
1.636498	0.143743	0.551767	0.423753	0.297648	AUT	neutron	pi-	0.0	0.002127	0.070207	0.00098
1.687963	0.15900699999999998	0.514703	0.423925	0.29270100000000004	AUT	neutron	pi-	0.0	0.0026780000000000003	0.070207	0.000986
1.7286110000000001	0.183581	0.45726300000000003	0.42403500000000005	0.290564	AUT	neutron	pi-	0.0	0.005588	0.070207	0.0009960000000000001
1.8085099999999998	0.226273	0.388745	0.426201	0.291267	AUT	neutron	pi-	0.0	0.005519	0.070207	0.001018
1.090055	0.067596	0.783401	0.42305200000000004	0.504583	AUT	neutron	pi-	0.0	0.001866	0.070207	0.000981
1.1648370000000001	0.078691	0.717522	0.423505	0.49836899999999995	AUT	neutron	pi-	0.0	0.0019100000000000002	0.070207	0.0009789999999999998
1.236625	0.087119	0.6877939999999999	0.42377200000000004	0.49422200000000005	AUT	neutron	pi-	0.0	0.001971	0.070207	0.000977
1.325564	0.095584	0.671952	0.42385900000000004	0.492091	AUT	neutron	pi-	0.0	0.002065	0.070207	0.000976
1.4217739999999999	0.104796	0.657375	0.423965	0.49071099999999995	AUT	neutron	pi-	0.0	0.002179	0.070207	0.000976
1.525701	0.115452	0.640347	0.423992	0.48945900000000003	AUT	neutron	pi-	0.0	0.002318	0.070207	0.000976
1.625728	0.12799100000000002	0.615694	0.424124	0.487893	AUT	neutron	pi-	0.0	0.0026780000000000003	0.070207	0.000978
1.6695669999999998	0.145655	0.5563520000000001	0.424255	0.48646000000000006	AUT	neutron	pi-	0.0	0.004336	0.070207	0.000981
1.72098	0.184448	0.455618	0.42418199999999995	0.48916400000000004	AUT	neutron	pi-	0.0	0.004157	0.070207	0.000997
1.8531	0.242752	0.37045900000000004	0.428046	0.49008900000000005	AUT	neutron	pi-	0.0	0.015091	0.070207	0.001027
1.1067879999999999	0.068332	0.787235	0.424079	0.6882020000000001	AUT	neutron	pi-	0.0	0.0019379999999999998	0.070207	0.00098
1.2444959999999998	0.084319	0.715754	0.42451099999999997	0.683994	AUT	neutron	pi-	0.0	0.0020399999999999997	0.070207	0.000978
1.413551	0.102028	0.671949	0.424534	0.683474	AUT	neutron	pi-	0.0	0.002054	0.070207	0.000976
1.596833	0.127928	0.6070300000000001	0.42440200000000006	0.684358	AUT	neutron	pi-	0.0	0.002014	0.070207	0.000977
1.715252	0.18245	0.46310500000000004	0.42459399999999997	0.683888	AUT	neutron	pi-	0.0	0.003271	0.070207	0.0009960000000000001
1.355316	0.095429	0.706163	0.42641599999999996	0.8677809999999999	AUT	neutron	pi-	0.0	0.001946	0.070207	0.000978
1.772271	0.176608	0.490349	0.428142	0.85301	AUT	neutron	pi-	0.0	0.030151	0.070207	0.0009939999999999999
1.416424	0.12683699999999998	0.544089	0.473087	0.143751	AUT	neutron	pi-	0.0	0.001876	0.070207	0.000968
1.657873	0.171076	0.47096400000000005	0.473512	0.126114	AUT	neutron	pi-	0.0	0.0019219999999999999	0.070207	0.0009789999999999998
1.781306	0.223764	0.388933	0.47394	0.12405799999999999	AUT	neutron	pi-	0.0	0.002147	0.070207	0.001003
1.150253	0.083872	0.6668109999999999	0.472699	0.32855100000000004	AUT	neutron	pi-	0.0	0.002131	0.070207	0.000973
1.3137969999999999	0.102018	0.624213	0.473153	0.31643899999999997	AUT	neutron	pi-	0.0	0.0018809999999999999	0.070207	0.0009689999999999999
1.446815	0.11688599999999999	0.599881	0.473368	0.310694	AUT	neutron	pi-	0.0	0.0018440000000000002	0.070207	0.000968
1.556323	0.131406	0.574067	0.47356800000000004	0.304753	AUT	neutron	pi-	0.0	0.001894	0.070207	0.0009689999999999999
1.6394950000000001	0.14790899999999998	0.537441	0.47374499999999997	0.298744	AUT	neutron	pi-	0.0	0.002084	0.070207	0.0009720000000000001
1.710493	0.172262	0.48219399999999996	0.47395	0.292229	AUT	neutron	pi-	0.0	0.003166	0.070207	0.00098
1.7841040000000001	0.227029	0.384903	0.474587	0.29081999999999997	AUT	neutron	pi-	0.0	0.003259	0.070207	0.001005
1.1110799999999998	0.071543	0.755323	0.47308	0.506971	AUT	neutron	pi-	0.0	0.001846	0.070207	0.000976
1.210134	0.085565	0.685512	0.473631	0.498623	AUT	neutron	pi-	0.0	0.001872	0.070207	0.000973
1.3260370000000001	0.09711900000000001	0.66166	0.47380200000000006	0.49500900000000003	AUT	neutron	pi-	0.0	0.001945	0.070207	0.0009699999999999999
1.452812	0.10961300000000002	0.642296	0.473933	0.492555	AUT	neutron	pi-	0.0	0.0020670000000000003	0.070207	0.0009689999999999999
1.588531	0.12443	0.618834	0.474051	0.490594	AUT	neutron	pi-	0.0	0.002282	0.070207	0.0009689999999999999
1.6702549999999998	0.145731	0.55678	0.474253	0.48763100000000004	AUT	neutron	pi-	0.0	0.00359	0.070207	0.0009720000000000001
1.7470919999999999	0.201829	0.42728999999999995	0.474274	0.488976	AUT	neutron	pi-	0.0	0.004464	0.070207	0.000993
1.1195110000000001	0.070655	0.770778	0.473861	0.69211	AUT	neutron	pi-	0.0	0.001986	0.070207	0.000977
1.287902	0.08955	0.697517	0.47428400000000004	0.6871470000000001	AUT	neutron	pi-	0.0	0.002188	0.070207	0.0009720000000000001
1.508607	0.112634	0.65008	0.47442399999999996	0.6856399999999999	AUT	neutron	pi-	0.0	0.002455	0.070207	0.0009689999999999999
1.675935	0.162442	0.511556	0.474132	0.6878350000000001	AUT	neutron	pi-	0.0	0.002228	0.070207	0.000978
1.8677099999999998	0.25038499999999997	0.361666	0.471943	0.657131	AUT	neutron	pi-	0.0	0.044189	0.070207	0.001018
1.278538	0.086894	0.7240840000000001	0.47550200000000004	0.8753610000000001	AUT	neutron	pi-	0.0	0.0018579999999999998	0.070207	0.000973
1.676032	0.150877	0.547926	0.475483	0.8713280000000001	AUT	neutron	pi-	0.0	0.004173	0.070207	0.000975
1.488073	0.13973	0.520425	0.5232899999999999	0.137942	AUT	neutron	pi-	0.0	0.001832	0.070207	0.0009609999999999999
1.744616	0.208215	0.411448	0.523559	0.1259	AUT	neutron	pi-	0.0	0.001939	0.070207	0.000982
1.1986729999999999	0.09095	0.640885	0.522883	0.32551399999999997	AUT	neutron	pi-	0.0	0.002073	0.070207	0.000965
1.419866	0.11548599999999999	0.596128	0.52335	0.313343	AUT	neutron	pi-	0.0	0.0018449999999999999	0.070207	0.0009599999999999999
1.572466	0.136723	0.557814	0.52359	0.30491799999999997	AUT	neutron	pi-	0.0	0.0018809999999999999	0.070207	0.0009599999999999999
1.681658	0.16339800000000002	0.49986099999999994	0.523832	0.29625999999999997	AUT	neutron	pi-	0.0	0.002348	0.070207	0.0009660000000000001
1.7746490000000001	0.22242699999999999	0.392322	0.523963	0.291088	AUT	neutron	pi-	0.0	0.002786	0.070207	0.0009880000000000002
1.1314959999999998	0.076775	0.7170569999999999	0.52245	0.5065350000000001	AUT	neutron	pi-	0.0	0.0018850000000000002	0.070207	0.0009710000000000001
1.281327	0.094184	0.659463	0.523543	0.499263	AUT	neutron	pi-	0.0	0.0018620000000000002	0.070207	0.000965
1.446282	0.11068900000000001	0.633335	0.5238689999999999	0.494949	AUT	neutron	pi-	0.0	0.001956	0.070207	0.0009609999999999999
1.610999	0.130728	0.597869	0.5240100000000001	0.49188000000000004	AUT	neutron	pi-	0.0	0.002246	0.070207	0.0009609999999999999
1.704386	0.169141	0.49353500000000006	0.524208	0.48888400000000004	AUT	neutron	pi-	0.0	0.004933	0.070207	0.000968
1.803334	0.24134099999999997	0.363775	0.523609	0.484095	AUT	neutron	pi-	0.0	0.011	0.070207	0.0009960000000000001
1.15378	0.076899	0.730214	0.522629	0.691654	AUT	neutron	pi-	0.0	0.001971	0.070207	0.0009710000000000001
1.402578	0.101739	0.668906	0.52423	0.687398	AUT	neutron	pi-	0.0	0.002322	0.070207	0.0009630000000000001
1.644136	0.1428	0.566607	0.5243329999999999	0.686715	AUT	neutron	pi-	0.0	0.003068	0.070207	0.0009630000000000001
1.7834439999999998	0.21401900000000001	0.405085	0.523274	0.677968	AUT	neutron	pi-	0.0	0.012028	0.070207	0.000985
1.299587	0.090799	0.702663	0.523921	0.881432	AUT	neutron	pi-	0.0	0.001953	0.070207	0.000967
1.6694790000000002	0.152445	0.537762	0.524493	0.878684	AUT	neutron	pi-	0.0	0.003682	0.070207	0.000964
1.395829	0.100747	0.688096	0.5255920000000001	1.08521	AUT	neutron	pi-	0.0	0.003646	0.070207	0.0009660000000000001
1.5563639999999999	0.155116	0.49320600000000003	0.5734630000000001	0.134134	AUT	neutron	pi-	0.0	0.00182	0.070207	0.0009519999999999999
1.788066	0.22878	0.38154699999999997	0.573495	0.12771500000000002	AUT	neutron	pi-	0.0	0.0031309999999999997	0.070207	0.0009720000000000001
1.260368	0.099721	0.615143	0.572934	0.32153000000000004	AUT	neutron	pi-	0.0	0.001956	0.070207	0.000956
1.536965	0.13343	0.559134	0.573497	0.308191	AUT	neutron	pi-	0.0	0.001829	0.070207	0.000949
1.69439	0.172262	0.479495	0.573869	0.295926	AUT	neutron	pi-	0.0	0.0024170000000000003	0.070207	0.0009539999999999999
1.795241	0.239429	0.3659	0.5735180000000001	0.28996700000000003	AUT	neutron	pi-	0.0	0.003329	0.070207	0.000976
1.173073	0.086263	0.661469	0.572376	0.503085	AUT	neutron	pi-	0.0	0.001809	0.070207	0.0009609999999999999
1.424515	0.11181600000000001	0.617688	0.5733	0.49654899999999996	AUT	neutron	pi-	0.0	0.0019010000000000001	0.070207	0.0009519999999999999
1.6404439999999998	0.140812	0.566549	0.573991	0.491619	AUT	neutron	pi-	0.0	0.0023989999999999997	0.070207	0.00095
1.744334	0.19709200000000002	0.43488999999999994	0.573689	0.488112	AUT	neutron	pi-	0.0	0.007164	0.070207	0.000962
1.212302	0.087801	0.671658	0.572621	0.690381	AUT	neutron	pi-	0.0	0.002043	0.070207	0.0009609999999999999
1.585361	0.129583	0.598334	0.573971	0.6868609999999999	AUT	neutron	pi-	0.0	0.00298	0.070207	0.000951
1.749687	0.192026	0.443858	0.573468	0.68124	AUT	neutron	pi-	0.0	0.00941	0.070207	0.0009599999999999999
1.340014	0.099673	0.657887	0.573333	0.9385760000000001	AUT	neutron	pi-	0.0	0.001964	0.070207	0.0009570000000000001
1.712207	0.157083	0.531442	0.573617	0.9084049999999999	AUT	neutron	pi-	0.0	0.004691	0.070207	0.0009519999999999999
1.309865	0.10969000000000001	0.581887	0.622784	0.294618	AUT	neutron	pi-	0.0	0.00185	0.070207	0.000942
1.589518	0.148601	0.519483	0.623506	0.25519000000000003	AUT	neutron	pi-	0.0	0.001837	0.070207	0.000935
1.7253610000000001	0.1932	0.43558199999999997	0.623674	0.22274699999999997	AUT	neutron	pi-	0.0	0.002066	0.070207	0.000941
1.829505	0.249748	0.355504	0.621679	0.22143200000000002	AUT	neutron	pi-	0.0	0.004328	0.070207	0.0009570000000000001
1.237525	0.097998	0.614472	0.622412	0.501119	AUT	neutron	pi-	0.0	0.0018260000000000001	0.070207	0.000947
1.598856	0.139786	0.5567529999999999	0.623618	0.493183	AUT	neutron	pi-	0.0	0.00223	0.070207	0.000936
1.750998	0.19659100000000002	0.43492299999999995	0.6232989999999999	0.486897	AUT	neutron	pi-	0.0	0.0108	0.070207	0.000942
1.314548	0.10341600000000001	0.619401	0.622731	0.689083	AUT	neutron	pi-	0.0	0.002248	0.070207	0.0009460000000000001
1.6983830000000002	0.16031199999999998	0.519211	0.62369	0.684261	AUT	neutron	pi-	0.0	0.0074730000000000005	0.070207	0.000936
1.392674	0.112202	0.609696	0.6225609999999999	0.935134	AUT	neutron	pi-	0.0	0.0026550000000000002	0.070207	0.000944
1.393857	0.12431700000000001	0.547243	0.6727479999999999	0.27820700000000004	AUT	neutron	pi-	0.0	0.001773	0.070207	0.000924
1.705252	0.18476199999999998	0.451617	0.673271	0.229719	AUT	neutron	pi-	0.0	0.001918	0.070207	0.000918
1.8933689999999999	0.248573	0.369174	0.666321	0.191781	AUT	neutron	pi-	0.0	0.009853	0.070207	0.000932
1.367451	0.11709100000000001	0.569508	0.672551	0.49811300000000003	AUT	neutron	pi-	0.0	0.00186	0.070207	0.000927
1.728719	0.174871	0.48273900000000003	0.673113	0.48771800000000004	AUT	neutron	pi-	0.0	0.006326	0.070207	0.000917
1.362963	0.11435999999999999	0.581427	0.6722560000000001	0.742775	AUT	neutron	pi-	0.0	0.0028710000000000003	0.070207	0.0009289999999999999
1.783768	0.171444	0.5055810000000001	0.671622	0.70108	AUT	neutron	pi-	0.0	0.022874000000000002	0.070207	0.000917
2.162518	0.162624	0.646225	0.322783	0.147085	AUT	neutron	pi-	0.0	0.0025960000000000002	0.070207	0.001019
2.256571	0.186159	0.587511	0.323179	0.133944	AUT	neutron	pi-	0.0	0.0026320000000000002	0.070207	0.001033
2.321293	0.201167	0.55914	0.323464	0.128243	AUT	neutron	pi-	0.0	0.002736	0.070207	0.001044
2.402648	0.21485700000000002	0.541806	0.324565	0.124153	AUT	neutron	pi-	0.0	0.002777	0.070207	0.001053
2.511206	0.229756	0.529573	0.32552800000000004	0.121419	AUT	neutron	pi-	0.0	0.0028710000000000003	0.070207	0.001064
2.629968	0.248583	0.5127109999999999	0.326167	0.11785	AUT	neutron	pi-	0.0	0.003	0.070207	0.001077
2.7808490000000003	0.280302	0.48144499999999996	0.329154	0.11451800000000001	AUT	neutron	pi-	0.0	0.0034659999999999995	0.070207	0.001097
2.089095	0.142981	0.708626	0.322952	0.308375	AUT	neutron	pi-	0.0	0.002597	0.070207	0.001008
2.164327	0.15734700000000001	0.666552	0.323496	0.30140100000000003	AUT	neutron	pi-	0.0	0.002693	0.070207	0.001016
2.222346	0.168364	0.639582	0.323703	0.29539699999999997	AUT	neutron	pi-	0.0	0.0028420000000000003	0.070207	0.0010220000000000001
2.2780099999999996	0.178698	0.617663	0.323876	0.291906	AUT	neutron	pi-	0.0	0.003175	0.070207	0.001029
2.332826	0.188933	0.598251	0.323947	0.289721	AUT	neutron	pi-	0.0	0.003682	0.070207	0.001036
2.3879599999999996	0.19944	0.580128	0.324038	0.288848	AUT	neutron	pi-	0.0	0.004471	0.070207	0.0010429999999999999
2.450913	0.21086100000000002	0.5631649999999999	0.32455300000000004	0.28847399999999995	AUT	neutron	pi-	0.0	0.0054329999999999995	0.070207	0.001051
2.534065	0.22415300000000002	0.547771	0.325347	0.288319	AUT	neutron	pi-	0.0	0.006943	0.070207	0.0010609999999999999
2.620883	0.24229099999999998	0.524275	0.326008	0.289271	AUT	neutron	pi-	0.0	0.010685	0.070207	0.001073
2.762989	0.27584200000000003	0.486278	0.328816	0.290531	AUT	neutron	pi-	0.0	0.010981999999999999	0.070207	0.001094
2.116504	0.146681	0.700395	0.324191	0.48351400000000005	AUT	neutron	pi-	0.0	0.004004	0.070207	0.00101
2.239798	0.170504	0.636954	0.323997	0.486762	AUT	neutron	pi-	0.0	0.004765999999999999	0.070207	0.001024
2.3389599999999997	0.192395	0.589367	0.32385	0.48872600000000005	AUT	neutron	pi-	0.0	0.004136	0.070207	0.001038
2.456152	0.215863	0.551525	0.324692	0.489263	AUT	neutron	pi-	0.0	0.003952000000000001	0.070207	0.0010550000000000002
2.663856	0.255454	0.5069600000000001	0.327011	0.48919399999999996	AUT	neutron	pi-	0.0	0.004644	0.070207	0.0010810000000000001
2.237781	0.170454	0.641296	0.325496	0.670497	AUT	neutron	pi-	0.0	0.0033079999999999997	0.070207	0.001024
2.576387	0.236472	0.531116	0.327602	0.667514	AUT	neutron	pi-	0.0	0.008862	0.070207	0.001068
2.190957	0.171509	0.62131	0.372947	0.142683	AUT	neutron	pi-	0.0	0.002546	0.070207	0.001011
2.302757	0.19964200000000001	0.5591189999999999	0.373332	0.12946300000000002	AUT	neutron	pi-	0.0	0.00265	0.070207	0.001027
2.384093	0.21896	0.5276689999999999	0.373508	0.12389800000000001	AUT	neutron	pi-	0.0	0.00274	0.070207	0.001039
2.449521	0.23730500000000002	0.50024	0.37374	0.120255	AUT	neutron	pi-	0.0	0.0028420000000000003	0.070207	0.001051
2.5278110000000003	0.258746	0.473497	0.374788	0.11849200000000001	AUT	neutron	pi-	0.0	0.002845	0.070207	0.001064
2.696023	0.298869	0.43816499999999997	0.37628	0.121148	AUT	neutron	pi-	0.0	0.002804	0.070207	0.001086
2.114278	0.148493	0.69104	0.37302399999999997	0.30926	AUT	neutron	pi-	0.0	0.002484	0.070207	0.000999
2.208229	0.16741	0.639285	0.37344099999999997	0.301798	AUT	neutron	pi-	0.0	0.002605	0.070207	0.001009
2.28271	0.181477	0.6095229999999999	0.37373	0.295991	AUT	neutron	pi-	0.0	0.002911	0.070207	0.001017
2.354041	0.194643	0.586022	0.373848	0.29241	AUT	neutron	pi-	0.0	0.003408	0.070207	0.001025
2.424297	0.208484	0.563461	0.37390100000000004	0.290688	AUT	neutron	pi-	0.0	0.0041340000000000005	0.070207	0.001034
2.485011	0.22392399999999998	0.5378109999999999	0.37397800000000003	0.289808	AUT	neutron	pi-	0.0	0.005462	0.070207	0.001044
2.5080270000000002	0.242452	0.501436	0.374364	0.289722	AUT	neutron	pi-	0.0	0.007956999999999999	0.070207	0.0010539999999999998
2.579353	0.271381	0.46096400000000004	0.375656	0.290477	AUT	neutron	pi-	0.0	0.007416	0.070207	0.0010710000000000001
2.763738	0.318666	0.420955	0.37850900000000004	0.28862899999999997	AUT	neutron	pi-	0.0	0.006983	0.070207	0.0010949999999999998
2.1319310000000002	0.14944100000000002	0.692756	0.374248	0.48388400000000004	AUT	neutron	pi-	0.0	0.003428	0.070207	0.001
2.279879	0.177591	0.622707	0.374313	0.484354	AUT	neutron	pi-	0.0	0.007334	0.070207	0.001015
2.401168	0.205983	0.565396	0.374035	0.48671800000000004	AUT	neutron	pi-	0.0	0.007237	0.070207	0.001032
2.489231	0.240702	0.502073	0.37444099999999997	0.487705	AUT	neutron	pi-	0.0	0.005522	0.070207	0.001053
2.664487	0.294227	0.44022700000000003	0.376927	0.48794799999999994	AUT	neutron	pi-	0.0	0.009038	0.070207	0.001082
2.238067	0.172328	0.6350180000000001	0.374254	0.682578	AUT	neutron	pi-	0.0	0.00268	0.070207	0.0010119999999999999
2.5144279999999997	0.24936999999999998	0.493835	0.37522300000000003	0.681413	AUT	neutron	pi-	0.0	0.005266	0.070207	0.001057
2.394295	0.197437	0.601446	0.378296	0.857439	AUT	neutron	pi-	0.0	0.014375	0.070207	0.001026
2.2230209999999997	0.181362	0.596655	0.423153	0.138032	AUT	neutron	pi-	0.0	0.002512	0.070207	0.001004
2.35717	0.215324	0.530749	0.42343000000000003	0.126072	AUT	neutron	pi-	0.0	0.0026579999999999998	0.070207	0.0010220000000000001
2.44536	0.24159899999999998	0.49073900000000004	0.423605	0.12229200000000001	AUT	neutron	pi-	0.0	0.0027010000000000003	0.070207	0.001037
2.5054939999999997	0.273648	0.444154	0.423831	0.122475	AUT	neutron	pi-	0.0	0.002686	0.070207	0.0010539999999999998
2.659984	0.32306599999999996	0.39987	0.42476899999999995	0.132304	AUT	neutron	pi-	0.0	0.003833	0.070207	0.001076
2.137534	0.153901	0.674617	0.423174	0.31036199999999997	AUT	neutron	pi-	0.0	0.002495	0.070207	0.000991
2.250346	0.177311	0.615192	0.42355600000000004	0.30185100000000004	AUT	neutron	pi-	0.0	0.002641	0.070207	0.0010019999999999999
2.345973	0.19559200000000002	0.581284	0.42376	0.295672	AUT	neutron	pi-	0.0	0.003011	0.070207	0.0010119999999999999
2.4420599999999997	0.214229	0.552458	0.42389399999999994	0.292549	AUT	neutron	pi-	0.0	0.003815	0.070207	0.001023
2.496213	0.236012	0.512846	0.424001	0.290514	AUT	neutron	pi-	0.0	0.005476	0.070207	0.001035
2.484635	0.266785	0.451955	0.42423599999999995	0.29026199999999996	AUT	neutron	pi-	0.0	0.005478	0.070207	0.00105
2.622407	0.321443	0.396503	0.425854	0.288127	AUT	neutron	pi-	0.0	0.0037189999999999996	0.070207	0.001074
2.147687	0.152641	0.683569	0.424088	0.48781800000000003	AUT	neutron	pi-	0.0	0.002959	0.070207	0.000991
2.319448	0.18526099999999998	0.6075470000000001	0.424279	0.48501400000000006	AUT	neutron	pi-	0.0	0.0066879999999999995	0.070207	0.001006
2.451934	0.22187199999999999	0.53661	0.42410600000000004	0.48718100000000003	AUT	neutron	pi-	0.0	0.008713	0.070207	0.001027
2.517159	0.280902	0.43692	0.424716	0.488033	AUT	neutron	pi-	0.0	0.0061340000000000006	0.070207	0.001056
2.790795	0.362297	0.37338899999999997	0.426281	0.483984	AUT	neutron	pi-	0.0	0.038181	0.070207	0.001091
2.263492	0.178493	0.622147	0.42421099999999995	0.685624	AUT	neutron	pi-	0.0	0.0034219999999999997	0.070207	0.001003
2.5018029999999998	0.262679	0.46605699999999994	0.423939	0.6837	AUT	neutron	pi-	0.0	0.005497999999999999	0.070207	0.001048
2.374344	0.199794	0.589837	0.426066	0.8803209999999999	AUT	neutron	pi-	0.0	0.006383	0.070207	0.0010140000000000001
2.257062	0.19165	0.573896	0.47326	0.134206	AUT	neutron	pi-	0.0	0.002509	0.070207	0.0009960000000000001
2.414758	0.23448000000000002	0.499646	0.473522	0.125075	AUT	neutron	pi-	0.0	0.0026219999999999998	0.070207	0.001018
2.506789	0.280169	0.43494499999999997	0.47348599999999996	0.12603499999999998	AUT	neutron	pi-	0.0	0.002617	0.070207	0.001039
2.666173	0.340312	0.379944	0.47326	0.14213199999999998	AUT	neutron	pi-	0.0	0.007734	0.070207	0.001062
2.166431	0.160686	0.655596	0.473258	0.310182	AUT	neutron	pi-	0.0	0.002471	0.070207	0.000983
2.307257	0.19028299999999998	0.587889	0.47365100000000004	0.30030999999999997	AUT	neutron	pi-	0.0	0.0026899999999999997	0.070207	0.0009960000000000001
2.434644	0.21534099999999998	0.548115	0.473825	0.294528	AUT	neutron	pi-	0.0	0.003406	0.070207	0.001009
2.491168	0.24569699999999997	0.492134	0.47394899999999995	0.291044	AUT	neutron	pi-	0.0	0.00486	0.070207	0.001024
2.476152	0.29377600000000004	0.409681	0.47408999999999996	0.289583	AUT	neutron	pi-	0.0	0.003172	0.070207	0.0010429999999999999
2.6838	0.351426	0.370177	0.47389799999999993	0.291719	AUT	neutron	pi-	0.0	0.007449	0.070207	0.001065
2.1737580000000003	0.158027	0.668934	0.473947	0.490867	AUT	neutron	pi-	0.0	0.0027489999999999997	0.070207	0.000982
2.3781369999999997	0.19785	0.583691	0.474204	0.486281	AUT	neutron	pi-	0.0	0.006336	0.070207	0.001
2.476832	0.25119600000000003	0.480929	0.474128	0.48862799999999995	AUT	neutron	pi-	0.0	0.007129000000000001	0.070207	0.001026
2.572663	0.323408	0.386168	0.473841	0.48303900000000005	AUT	neutron	pi-	0.0	0.012336	0.070207	0.0010550000000000002
2.292623	0.185097	0.6102890000000001	0.474429	0.684574	AUT	neutron	pi-	0.0	0.004953	0.070207	0.0009939999999999999
2.5295650000000003	0.272635	0.45196400000000003	0.473787	0.67967	AUT	neutron	pi-	0.0	0.008896	0.070207	0.001035
2.353973	0.19711800000000002	0.591525	0.47485200000000005	0.9032709999999999	AUT	neutron	pi-	0.0	0.004225	0.070207	0.001
2.297272	0.20344600000000002	0.551141	0.523433	0.131962	AUT	neutron	pi-	0.0	0.002475	0.070207	0.000987
2.48068	0.265315	0.455168	0.523505	0.12626800000000002	AUT	neutron	pi-	0.0	0.002553	0.070207	0.001013
2.6399169999999996	0.332787	0.384796	0.5231640000000001	0.141461	AUT	neutron	pi-	0.0	0.007379000000000001	0.070207	0.001036
2.199451	0.168957	0.633931	0.523374	0.309421	AUT	neutron	pi-	0.0	0.002432	0.070207	0.000973
2.3818669999999997	0.206827	0.558587	0.523702	0.29824	AUT	neutron	pi-	0.0	0.0028899999999999998	0.070207	0.000989
2.483018	0.245317	0.491829	0.523875	0.292061	AUT	neutron	pi-	0.0	0.003908	0.070207	0.001005
2.525831	0.310436	0.39610500000000004	0.523816	0.292493	AUT	neutron	pi-	0.0	0.002939	0.070207	0.0010279999999999998
2.201347	0.1639	0.6539149999999999	0.5239010000000001	0.493258	AUT	neutron	pi-	0.0	0.002699	0.070207	0.0009720000000000001
2.435179	0.21477100000000002	0.551867	0.524134	0.48778699999999997	AUT	neutron	pi-	0.0	0.006601	0.070207	0.000992
2.521862	0.28826599999999997	0.42708900000000005	0.5236069999999999	0.485112	AUT	neutron	pi-	0.0	0.00698	0.070207	0.001021
2.315342	0.19200699999999998	0.597504	0.524384	0.684629	AUT	neutron	pi-	0.0	0.00521	0.070207	0.000983
2.609705	0.285193	0.444122	0.523043	0.672944	AUT	neutron	pi-	0.0	0.018154	0.070207	0.001021
2.341584	0.191923	0.602723	0.52433	0.9208790000000001	AUT	neutron	pi-	0.0	0.004024	0.070207	0.000983
2.341214	0.21733200000000003	0.527266	0.57348	0.130237	AUT	neutron	pi-	0.0	0.002448	0.070207	0.000973
2.544569	0.29277600000000004	0.42334499999999997	0.573367	0.131106	AUT	neutron	pi-	0.0	0.003553	0.070207	0.000998
2.239266	0.17874600000000002	0.611024	0.573353	0.308026	AUT	neutron	pi-	0.0	0.002428	0.070207	0.0009609999999999999
2.4512400000000003	0.230001	0.518073	0.573788	0.295578	AUT	neutron	pi-	0.0	0.00317	0.070207	0.000978
2.519937	0.299036	0.410787	0.573239	0.292218	AUT	neutron	pi-	0.0	0.002908	0.070207	0.000999
2.244366	0.17288599999999998	0.6332180000000001	0.57372	0.49408199999999997	AUT	neutron	pi-	0.0	0.002695	0.070207	0.000959
2.496243	0.249131	0.49260299999999996	0.573735	0.48754	AUT	neutron	pi-	0.0	0.005961	0.070207	0.000984
2.863022	0.354929	0.390879	0.567709	0.44782799999999995	AUT	neutron	pi-	0.0	0.053812	0.070207	0.001016
2.286947	0.181577	0.618584	0.5741970000000001	0.740553	AUT	neutron	pi-	0.0	0.004672	0.070207	0.000962
2.586141	0.257044	0.489176	0.573103	0.707158	AUT	neutron	pi-	0.0	0.012444	0.070207	0.0009880000000000002
2.404744	0.239963	0.495142	0.623318	0.130267	AUT	neutron	pi-	0.0	0.0024010000000000004	0.070207	0.000956
2.842341	0.359516	0.383102	0.618286	0.150562	AUT	neutron	pi-	0.0	0.058272000000000004	0.070207	0.000982
2.298476	0.194109	0.578108	0.6230939999999999	0.30462	AUT	neutron	pi-	0.0	0.002467	0.070207	0.0009449999999999999
2.514695	0.269744	0.455884	0.623057	0.292632	AUT	neutron	pi-	0.0	0.002865	0.070207	0.000964
2.320843	0.19111	0.593745	0.623193	0.49344399999999994	AUT	neutron	pi-	0.0	0.002931	0.070207	0.0009449999999999999
2.5533669999999997	0.266144	0.466942	0.622791	0.48462299999999997	AUT	neutron	pi-	0.0	0.010818000000000001	0.070207	0.000964
2.363311	0.196426	0.5920529999999999	0.622715	0.7523340000000001	AUT	neutron	pi-	0.0	0.005565	0.070207	0.0009460000000000001
2.301877	0.20498400000000003	0.547288	0.67275	0.247879	AUT	neutron	pi-	0.0	0.0023989999999999997	0.070207	0.0009220000000000001
2.542959	0.267719	0.461929	0.672342	0.22232399999999997	AUT	neutron	pi-	0.0	0.002886	0.070207	0.000933
2.34648	0.20188599999999998	0.567149	0.672277	0.554298	AUT	neutron	pi-	0.0	0.0037359999999999997	0.070207	0.000923
2.693871	0.269419	0.485142	0.6703319999999999	0.506095	AUT	neutron	pi-	0.0	0.021636000000000002	0.070207	0.000935
3.200387	0.25506999999999996	0.6086060000000001	0.323236	0.128354	AUT	neutron	pi-	0.0	0.004183	0.070207	0.001088
3.339004	0.282084	0.573634	0.323517	0.122074	AUT	neutron	pi-	0.0	0.004361	0.070207	0.001106
3.361197	0.303818	0.5362	0.32387699999999997	0.11717999999999999	AUT	neutron	pi-	0.0	0.004581	0.070207	0.001118
3.4286190000000003	0.330004	0.503525	0.32593099999999997	0.11570699999999999	AUT	neutron	pi-	0.0	0.004542	0.070207	0.001131
3.677894	0.372106	0.47948100000000005	0.329004	0.12007999999999999	AUT	neutron	pi-	0.0	0.0047729999999999995	0.070207	0.001151
3.208383	0.248901	0.6250819999999999	0.323995	0.288182	AUT	neutron	pi-	0.0	0.006339	0.070207	0.001084
3.3903830000000004	0.275407	0.5965239999999999	0.323943	0.288557	AUT	neutron	pi-	0.0	0.00943	0.070207	0.001102
3.4060650000000003	0.298242	0.5536949999999999	0.32410100000000003	0.289202	AUT	neutron	pi-	0.0	0.013761	0.070207	0.001115
3.428893	0.32968800000000004	0.504189	0.326206	0.289844	AUT	neutron	pi-	0.0	0.012604	0.070207	0.0011300000000000001
3.6937849999999997	0.377125	0.475184	0.330226	0.288624	AUT	neutron	pi-	0.0	0.010618	0.070207	0.001152
3.3002589999999996	0.265164	0.604298	0.323923	0.486333	AUT	neutron	pi-	0.0	0.009016	0.070207	0.0010949999999999998
3.427635	0.322058	0.517113	0.32556399999999996	0.487334	AUT	neutron	pi-	0.0	0.00884	0.070207	0.001127
3.7514730000000003	0.387929	0.469017	0.331341	0.486634	AUT	neutron	pi-	0.0	0.03042	0.070207	0.001157
3.401703	0.30188000000000004	0.55308	0.32624699999999995	0.685761	AUT	neutron	pi-	0.0	0.010027	0.070207	0.001114
3.23394	0.26264299999999996	0.597526	0.373294	0.127478	AUT	neutron	pi-	0.0	0.004091	0.070207	0.001074
3.3493239999999997	0.297085	0.546643	0.373569	0.12165699999999999	AUT	neutron	pi-	0.0	0.004268	0.070207	0.001093
3.3815410000000004	0.330364	0.496266	0.37359899999999996	0.119598	AUT	neutron	pi-	0.0	0.004306	0.070207	0.001108
3.5333550000000002	0.376604	0.45518500000000006	0.374314	0.127176	AUT	neutron	pi-	0.0	0.004224	0.070207	0.001127
3.7736699999999996	0.436242	0.419213	0.376134	0.14405	AUT	neutron	pi-	0.0	0.021111	0.070207	0.001151
3.2312990000000004	0.253132	0.619149	0.373843	0.291198	AUT	neutron	pi-	0.0	0.005338	0.070207	0.001068
3.413672	0.28476999999999997	0.581138	0.373921	0.290073	AUT	neutron	pi-	0.0	0.008440999999999999	0.070207	0.0010869999999999999
3.372411	0.318356	0.5138729999999999	0.37393699999999996	0.289815	AUT	neutron	pi-	0.0	0.011059000000000001	0.070207	0.001102
3.4488209999999997	0.362198	0.461765	0.374716	0.287858	AUT	neutron	pi-	0.0	0.006461	0.070207	0.001121
3.6544830000000004	0.415256	0.42676800000000004	0.377098	0.286877	AUT	neutron	pi-	0.0	0.008288	0.070207	0.001142
3.3199660000000004	0.27216999999999997	0.5931390000000001	0.37411700000000003	0.485835	AUT	neutron	pi-	0.0	0.014053999999999999	0.070207	0.0010789999999999999
3.4328839999999996	0.35030900000000004	0.47703999999999996	0.374671	0.48678299999999997	AUT	neutron	pi-	0.0	0.010484	0.070207	0.001116
3.725549	0.430076	0.41984899999999997	0.377452	0.48552	AUT	neutron	pi-	0.0	0.047429	0.070207	0.0011480000000000001
3.374721	0.307738	0.5397529999999999	0.37451100000000004	0.7107359999999999	AUT	neutron	pi-	0.0	0.00656	0.070207	0.0010960000000000002
3.797103	0.42566400000000004	0.432255	0.37395900000000004	0.6411640000000001	AUT	neutron	pi-	0.0	0.177792	0.070207	0.001149
3.265505	0.271758	0.5836279999999999	0.42339799999999994	0.127179	AUT	neutron	pi-	0.0	0.004014	0.070207	0.00106
3.366397	0.31947800000000004	0.5112800000000001	0.423518	0.12256900000000001	AUT	neutron	pi-	0.0	0.004154	0.070207	0.001082
3.520875	0.381083	0.44906899999999994	0.42326199999999997	0.131528	AUT	neutron	pi-	0.0	0.004436	0.070207	0.001104
3.260091	0.25847600000000004	0.611926	0.42377299999999996	0.294061	AUT	neutron	pi-	0.0	0.004896	0.070207	0.0010539999999999998
3.397937	0.299078	0.551507	0.42386499999999994	0.290617	AUT	neutron	pi-	0.0	0.008226	0.070207	0.001074
3.409157	0.350017	0.47269399999999995	0.423996	0.288785	AUT	neutron	pi-	0.0	0.005508	0.070207	0.001093
3.545837	0.40925	0.420183	0.42393100000000006	0.28988200000000003	AUT	neutron	pi-	0.0	0.006625	0.070207	0.001113
3.3287459999999998	0.2791	0.581225	0.424155	0.486368	AUT	neutron	pi-	0.0	0.015519	0.070207	0.0010630000000000001
3.4677089999999997	0.373116	0.45285600000000004	0.42402700000000004	0.48607	AUT	neutron	pi-	0.0	0.011420999999999999	0.070207	0.001101
3.378311	0.306621	0.5423439999999999	0.424234	0.726118	AUT	neutron	pi-	0.0	0.006111	0.070207	0.001075
3.288176	0.283088	0.565211	0.473387	0.127242	AUT	neutron	pi-	0.0	0.003947	0.070207	0.001046
3.471223	0.360892	0.46843599999999996	0.473297	0.128826	AUT	neutron	pi-	0.0	0.004082	0.070207	0.001073
3.299181	0.26655500000000004	0.600917	0.473728	0.295863	AUT	neutron	pi-	0.0	0.004697	0.070207	0.001039
3.3834660000000003	0.324359	0.507079	0.473919	0.290112	AUT	neutron	pi-	0.0	0.005921	0.070207	0.001062
3.515628	0.39637100000000003	0.43071800000000005	0.47381599999999996	0.293067	AUT	neutron	pi-	0.0	0.005252000000000001	0.070207	0.001083
3.3418980000000005	0.289441	0.5649270000000001	0.474101	0.48696999999999996	AUT	neutron	pi-	0.0	0.012308	0.070207	0.001048
3.505144	0.38727399999999995	0.43976499999999996	0.47384499999999996	0.48353500000000005	AUT	neutron	pi-	0.0	0.014624000000000002	0.070207	0.00108
3.37715	0.301908	0.549926	0.47399300000000005	0.732017	AUT	neutron	pi-	0.0	0.0073739999999999995	0.070207	0.001052
3.319583	0.299101	0.54199	0.523453	0.127108	AUT	neutron	pi-	0.0	0.0038840000000000003	0.070207	0.001029
3.54284	0.384213	0.44787299999999997	0.523243	0.1346	AUT	neutron	pi-	0.0	0.007012999999999999	0.070207	0.001052
3.3145919999999998	0.276445	0.583309	0.523687	0.296267	AUT	neutron	pi-	0.0	0.0046619999999999995	0.070207	0.0010220000000000001
3.4261760000000003	0.361142	0.462143	0.523767	0.293462	AUT	neutron	pi-	0.0	0.004117	0.070207	0.001046
3.7113690000000004	0.43707399999999996	0.411408	0.523266	0.30035	AUT	neutron	pi-	0.0	0.020386	0.070207	0.001062
3.361339	0.302444	0.5468689999999999	0.5240560000000001	0.48771000000000003	AUT	neutron	pi-	0.0	0.009133	0.070207	0.001029
3.599489	0.405692	0.43008500000000005	0.5223260000000001	0.471918	AUT	neutron	pi-	0.0	0.022361000000000002	0.070207	0.001057
3.3728230000000003	0.296111	0.558782	0.523995	0.733887	AUT	neutron	pi-	0.0	0.010577	0.070207	0.0010279999999999998
3.287603	0.27360999999999996	0.583929	0.573551	0.236652	AUT	neutron	pi-	0.0	0.003961	0.070207	0.0009960000000000001
3.39641	0.33552600000000005	0.491821	0.573642	0.224003	AUT	neutron	pi-	0.0	0.003989	0.070207	0.001011
3.564263	0.400225	0.43192200000000003	0.57244	0.249504	AUT	neutron	pi-	0.0	0.006901000000000001	0.070207	0.001021
3.3498660000000005	0.29188000000000003	0.562046	0.573969	0.5486840000000001	AUT	neutron	pi-	0.0	0.009187	0.070207	0.001
3.592288	0.38142	0.456661	0.571712	0.492465	AUT	neutron	pi-	0.0	0.017794	0.070207	0.001019
3.304307	0.28656	0.561968	0.6234529999999999	0.23561300000000002	AUT	neutron	pi-	0.0	0.003831	0.070207	0.0009689999999999999
3.4933379999999996	0.36370399999999997	0.46637700000000004	0.6225109999999999	0.232213	AUT	neutron	pi-	0.0	0.004796	0.070207	0.0009789999999999998
3.377731	0.29330100000000003	0.564656	0.6231220000000001	0.564767	AUT	neutron	pi-	0.0	0.008486	0.070207	0.0009699999999999999
3.2875959999999997	0.291873	0.5489930000000001	0.672646	0.30727600000000005	AUT	neutron	pi-	0.0	0.0040490000000000005	0.070207	0.000936
3.5853370000000004	0.361107	0.481264	0.669883	0.24381799999999998	AUT	neutron	pi-	0.0	0.007551	0.070207	0.000941
4.257108000000001	0.320221	0.644538	0.323277	0.12721500000000002	AUT	neutron	pi-	0.0	0.005625	0.070207	0.0011330000000000001
4.56827	0.35942399999999997	0.616111	0.323424	0.12293399999999999	AUT	neutron	pi-	0.0	0.005847	0.070207	0.0011539999999999999
4.56255	0.41213900000000003	0.538101	0.324954	0.120597	AUT	neutron	pi-	0.0	0.0058	0.070207	0.001178
4.6273550000000006	0.48608999999999997	0.46130200000000005	0.333608	0.137595	AUT	neutron	pi-	0.0	0.037638	0.070207	0.001207
4.224138	0.313958	0.6521779999999999	0.324031	0.28642199999999995	AUT	neutron	pi-	0.0	0.009098	0.070207	0.0011300000000000001
4.548467	0.35065999999999997	0.62865	0.324054	0.287059	AUT	neutron	pi-	0.0	0.015581	0.070207	0.00115
4.553762	0.40629899999999997	0.5453020000000001	0.325416	0.288509	AUT	neutron	pi-	0.0	0.012195999999999999	0.070207	0.001175
4.5643400000000005	0.47926899999999995	0.461555	0.334399	0.285605	AUT	neutron	pi-	0.0	0.029988	0.070207	0.0012029999999999999
4.417614	0.33928800000000003	0.6324069999999999	0.32403899999999997	0.48512	AUT	neutron	pi-	0.0	0.01569	0.070207	0.001143
4.529634	0.42393100000000006	0.5197149999999999	0.326803	0.485595	AUT	neutron	pi-	0.0	0.023395	0.070207	0.001182
4.4478860000000005	0.35807	0.607429	0.324866	0.699741	AUT	neutron	pi-	0.0	0.012704	0.070207	0.001151
4.348057	0.330864	0.637353	0.373212	0.126595	AUT	neutron	pi-	0.0	0.005488	0.070207	0.001115
4.56125	0.396071	0.560433	0.37335300000000005	0.12373599999999998	AUT	neutron	pi-	0.0	0.005572	0.070207	0.001143
4.409897	0.47048	0.454376	0.37304699999999996	0.13960699999999998	AUT	neutron	pi-	0.0	0.017738	0.070207	0.001172
4.274168	0.319727	0.648119	0.373832	0.289529	AUT	neutron	pi-	0.0	0.007359	0.070207	0.0011099999999999999
4.594908	0.370684	0.601985	0.373919	0.28823000000000004	AUT	neutron	pi-	0.0	0.012709999999999999	0.070207	0.0011330000000000001
4.403415	0.44826000000000005	0.477571	0.374042	0.287555	AUT	neutron	pi-	0.0	0.008709999999999999	0.070207	0.0011619999999999998
4.437336	0.353375	0.6128319999999999	0.374089	0.48532299999999995	AUT	neutron	pi-	0.0	0.018775999999999998	0.070207	0.001124
4.379562	0.46190600000000004	0.459996	0.374129	0.48481199999999997	AUT	neutron	pi-	0.0	0.042813	0.070207	0.001167
4.4431389999999995	0.358542	0.6063810000000001	0.374366	0.721862	AUT	neutron	pi-	0.0	0.010358	0.070207	0.001126
4.433432	0.345893	0.6227159999999999	0.423365	0.126724	AUT	neutron	pi-	0.0	0.005385	0.070207	0.001098
4.502497	0.42877299999999996	0.511184	0.42329300000000003	0.129443	AUT	neutron	pi-	0.0	0.00806	0.070207	0.001126
4.3449919999999995	0.327428	0.643522	0.423804	0.292706	AUT	neutron	pi-	0.0	0.006601	0.070207	0.001091
4.507925	0.41271800000000003	0.534999	0.42387600000000003	0.289592	AUT	neutron	pi-	0.0	0.0064930000000000005	0.070207	0.00112
4.805727	0.518129	0.44933199999999995	0.423638	0.294056	AUT	neutron	pi-	0.0	0.292111	0.070207	0.001158
4.431642	0.344929	0.625013	0.424254	0.5414220000000001	AUT	neutron	pi-	0.0	0.018653	0.070207	0.001097
4.435556	0.441787	0.48815699999999995	0.423932	0.5202680000000001	AUT	neutron	pi-	0.0	0.024559	0.070207	0.0011300000000000001
4.3028889999999995	0.32440399999999997	0.64315	0.47350200000000003	0.23646799999999998	AUT	neutron	pi-	0.0	0.005524	0.070207	0.001067
4.587738	0.37913800000000003	0.587835	0.47364700000000004	0.217496	AUT	neutron	pi-	0.0	0.005922	0.070207	0.001084
4.414805	0.45110100000000003	0.475379	0.473642	0.239441	AUT	neutron	pi-	0.0	0.00818	0.070207	0.001101
4.432856	0.360533	0.60248	0.474159	0.5405	AUT	neutron	pi-	0.0	0.015645	0.070207	0.001077
4.4437809999999995	0.481809	0.446841	0.47261800000000004	0.467271	AUT	neutron	pi-	0.0	0.07024	0.070207	0.0011099999999999999
4.386952	0.334882	0.635591	0.523532	0.237369	AUT	neutron	pi-	0.0	0.005370000000000001	0.070207	0.0010429999999999999
4.509849	0.417529	0.527402	0.5235029999999999	0.23111500000000001	AUT	neutron	pi-	0.0	0.005905	0.070207	0.0010609999999999999
4.436415	0.35818099999999997	0.606744	0.523989	0.573162	AUT	neutron	pi-	0.0	0.013628999999999999	0.070207	0.001048
4.446608	0.353167	0.613293	0.573522	0.23603000000000002	AUT	neutron	pi-	0.0	0.00513	0.070207	0.001015
4.437199	0.447111	0.481704	0.572368	0.242141	AUT	neutron	pi-	0.0	0.011581999999999999	0.070207	0.001027
4.442906	0.352475	0.615607	0.573839	0.574068	AUT	neutron	pi-	0.0	0.015119999999999998	0.070207	0.0010140000000000001
4.444454	0.351956	0.615119	0.623374	0.315628	AUT	neutron	pi-	0.0	0.005303	0.070207	0.000978
4.548026999999999	0.43867399999999995	0.502621	0.620893	0.261868	AUT	neutron	pi-	0.0	0.014731999999999999	0.070207	0.000983
4.463671	0.361784	0.600463	0.670165	0.341681	AUT	neutron	pi-	0.0	0.007015	0.070207	0.0009390000000000001
5.2858	0.398927	0.642472	0.323452	0.12393	AUT	neutron	pi-	0.0	0.007165	0.070207	0.0011769999999999999
5.482329	0.44608400000000004	0.595917	0.323515	0.11950899999999999	AUT	neutron	pi-	0.0	0.00745	0.070207	0.0012
5.581905	0.504517	0.53685	0.323383	0.123716	AUT	neutron	pi-	0.0	0.009001	0.070207	0.001231
5.298776999999999	0.397983	0.64561	0.324034	0.286926	AUT	neutron	pi-	0.0	0.020108	0.070207	0.001176
5.491566000000001	0.454366	0.586482	0.323963	0.28867	AUT	neutron	pi-	0.0	0.018752	0.070207	0.001204
5.5992120000000005	0.520505	0.521637	0.324265	0.286027	AUT	neutron	pi-	0.0	0.015934	0.070207	0.001239
5.412015	0.435737	0.605592	0.324075	0.484633	AUT	neutron	pi-	0.0	0.017692	0.070207	0.001194
5.6775709999999995	0.541463	0.508071	0.324439	0.48413	AUT	neutron	pi-	0.0	0.09764500000000001	0.070207	0.0012519999999999999
5.41477	0.433597	0.608682	0.324282	0.7006560000000001	AUT	neutron	pi-	0.0	0.020068	0.070207	0.001193
5.340841	0.410312	0.6315609999999999	0.373336	0.125124	AUT	neutron	pi-	0.0	0.0069370000000000005	0.070207	0.001152
5.543564	0.482332	0.5584399999999999	0.373325	0.12360499999999999	AUT	neutron	pi-	0.0	0.007845999999999999	0.070207	0.001183
5.339252	0.405397	0.638953	0.37391599999999997	0.287819	AUT	neutron	pi-	0.0	0.014321	0.070207	0.00115
5.530615	0.485066	0.554409	0.373913	0.287941	AUT	neutron	pi-	0.0	0.009888	0.070207	0.001184
5.397897	0.42851999999999996	0.613117	0.374089	0.53819	AUT	neutron	pi-	0.0	0.015642	0.070207	0.001159
5.613798	0.522582	0.5208109999999999	0.37399699999999997	0.5105649999999999	AUT	neutron	pi-	0.0	0.053185	0.070207	0.001201
5.394189	0.42780799999999997	0.613032	0.423372	0.12570699999999999	AUT	neutron	pi-	0.0	0.006743000000000001	0.070207	0.0011300000000000001
5.6060099999999995	0.513026	0.529975	0.42326899999999995	0.12772999999999998	AUT	neutron	pi-	0.0	0.015022	0.070207	0.00116
5.373695	0.416575	0.626649	0.42386899999999994	0.289192	AUT	neutron	pi-	0.0	0.011139	0.070207	0.001126
5.5547949999999995	0.502393	0.536758	0.423778	0.290161	AUT	neutron	pi-	0.0	0.011091	0.070207	0.0011560000000000001
5.423993	0.43847700000000006	0.603885	0.424099	0.5554060000000001	AUT	neutron	pi-	0.0	0.015627000000000002	0.070207	0.0011330000000000001
5.334892	0.406966	0.635961	0.473576	0.222768	AUT	neutron	pi-	0.0	0.0072109999999999995	0.070207	0.001093
5.5349330000000005	0.481687	0.558579	0.473495	0.221296	AUT	neutron	pi-	0.0	0.007154000000000001	0.070207	0.001114
5.420512	0.43665200000000004	0.605761	0.474008	0.557862	AUT	neutron	pi-	0.0	0.020066999999999998	0.070207	0.001101
5.3776269999999995	0.420462	0.621414	0.523583	0.22581500000000002	AUT	neutron	pi-	0.0	0.006813	0.070207	0.0010630000000000001
5.570814	0.502996	0.5374680000000001	0.523446	0.23262600000000003	AUT	neutron	pi-	0.0	0.010721	0.070207	0.0010789999999999999
5.415119	0.43245100000000003	0.6104689999999999	0.523799	0.558052	AUT	neutron	pi-	0.0	0.024714	0.070207	0.001065
5.382924	0.42218	0.619717	0.573587	0.298243	AUT	neutron	pi-	0.0	0.00715	0.070207	0.001024
5.584348	0.501905	0.5395810000000001	0.57247	0.276063	AUT	neutron	pi-	0.0	0.012581	0.070207	0.001033
5.411226	0.42971400000000004	0.613111	0.6228020000000001	0.331464	AUT	neutron	pi-	0.0	0.007164	0.070207	0.000981
5.38776	0.431404	0.606446	0.669042	0.294579	AUT	neutron	pi-	0.0	0.010515	0.070207	0.000935
6.473313	0.500927	0.6275029999999999	0.323456	0.121475	AUT	neutron	pi-	0.0	0.007526000000000001	0.070207	0.001234
7.059467999999999	0.584385	0.585138	0.323289	0.12248099999999999	AUT	neutron	pi-	0.0	0.014	0.070207	0.001287
6.510612	0.5103489999999999	0.62025	0.324018	0.28785900000000003	AUT	neutron	pi-	0.0	0.017225	0.070207	0.001239
7.223992999999999	0.600186	0.582943	0.324007	0.286468	AUT	neutron	pi-	0.0	0.028657	0.070207	0.0012980000000000001
6.586064	0.5172770000000001	0.6191810000000001	0.324029	0.535719	AUT	neutron	pi-	0.0	0.015959	0.070207	0.0012439999999999999
6.393169	0.486766	0.637219	0.373581	0.20515300000000003	AUT	neutron	pi-	0.0	0.008512	0.070207	0.001189
6.88277	0.565917	0.589443	0.37363	0.208671	AUT	neutron	pi-	0.0	0.008994	0.070207	0.0012289999999999998
6.584708	0.516742	0.619694	0.373988	0.538554	AUT	neutron	pi-	0.0	0.022165999999999998	0.070207	0.001204
6.481125	0.503203	0.6256109999999999	0.423629	0.21180100000000002	AUT	neutron	pi-	0.0	0.007781000000000001	0.070207	0.00116
7.071991000000001	0.587992	0.5825239999999999	0.423547	0.218856	AUT	neutron	pi-	0.0	0.014188999999999998	0.070207	0.001196
6.579913	0.515365	0.6208239999999999	0.423994	0.5387890000000001	AUT	neutron	pi-	0.0	0.028749	0.070207	0.001165
6.510258	0.508775	0.6218670000000001	0.47361400000000003	0.27671999999999997	AUT	neutron	pi-	0.0	0.007869	0.070207	0.001124
7.226714	0.5976090000000001	0.585701	0.47335600000000005	0.269642	AUT	neutron	pi-	0.0	0.018981	0.070207	0.001153
6.585792	0.515943	0.620599	0.523456	0.30662	AUT	neutron	pi-	0.0	0.007986	0.070207	0.001083
6.565177	0.510173	0.625314	0.572994	0.303755	AUT	neutron	pi-	0.0	0.009316	0.070207	0.001034
6.5234510000000006	0.49997700000000006	0.633354	0.622042	0.295125	AUT	neutron	pi-	0.0	0.011498	0.070207	0.000981
1.193481	0.11193199999999999	0.648753	0.324929	0.150954	AUT	neutron	pi-	0.0	0.001963	0.070207	0.001492
1.602435	0.160089	0.607548	0.328018	0.134899	AUT	neutron	pi-	0.0	0.00196	0.070207	0.001523
1.9365299999999999	0.21060900000000002	0.55703	0.33871100000000004	0.118216	AUT	neutron	pi-	0.0	0.012662	0.070207	0.0015689999999999999
1.079289	0.089376	0.733069	0.32324	0.308172	AUT	neutron	pi-	0.0	0.001911	0.070207	0.001491
1.160623	0.104369	0.673787	0.324271	0.297075	AUT	neutron	pi-	0.0	0.00213	0.070207	0.00149
1.269339	0.118198	0.650474	0.325693	0.292721	AUT	neutron	pi-	0.0	0.002393	0.070207	0.001493
1.4426290000000002	0.137794	0.634293	0.326376	0.289198	AUT	neutron	pi-	0.0	0.0028420000000000003	0.070207	0.001504
1.7192180000000001	0.172165	0.6060180000000001	0.328565	0.288435	AUT	neutron	pi-	0.0	0.005667	0.070207	0.001534
1.100543	0.09232699999999999	0.724796	0.32458000000000004	0.481865	AUT	neutron	pi-	0.0	0.001954	0.070207	0.00149
1.2705870000000001	0.118211	0.65164	0.32604099999999997	0.48544	AUT	neutron	pi-	0.0	0.001929	0.070207	0.0014939999999999999
1.615469	0.15987200000000001	0.613813	0.327966	0.48934700000000003	AUT	neutron	pi-	0.0	0.0025210000000000002	0.070207	0.001523
1.3399940000000001	0.12259500000000001	0.6750550000000001	0.330478	0.640658	AUT	neutron	pi-	0.0	0.009192	0.070207	0.001501
1.1854639999999999	0.119307	0.605581	0.373895	0.144457	AUT	neutron	pi-	0.0	0.0018690000000000002	0.070207	0.001478
1.4953809999999998	0.160471	0.564775	0.375519	0.129348	AUT	neutron	pi-	0.0	0.0019579999999999997	0.070207	0.001501
1.8064310000000001	0.205289	0.534139	0.37743899999999997	0.11904300000000001	AUT	neutron	pi-	0.0	0.0032840000000000005	0.070207	0.0015429999999999999
1.096295	0.093532	0.71229	0.373206	0.31001999999999996	AUT	neutron	pi-	0.0	0.001891	0.070207	0.0014789999999999998
1.188996	0.112233	0.6420939999999999	0.373763	0.298104	AUT	neutron	pi-	0.0	0.0021	0.070207	0.001478
1.297215	0.129167	0.608421	0.374726	0.293193	AUT	neutron	pi-	0.0	0.002514	0.070207	0.001482
1.483067	0.152874	0.587901	0.375264	0.290179	AUT	neutron	pi-	0.0	0.003285	0.070207	0.0014960000000000002
1.749149	0.19253599999999998	0.552045	0.376581	0.290394	AUT	neutron	pi-	0.0	0.007803	0.070207	0.001531
1.11181	0.094559	0.7155779999999999	0.374164	0.48780100000000004	AUT	neutron	pi-	0.0	0.002172	0.070207	0.00148
1.254394	0.12278499999999999	0.6198859999999999	0.374578	0.49093400000000004	AUT	neutron	pi-	0.0	0.002183	0.070207	0.00148
1.581252	0.16938699999999998	0.568387	0.375797	0.49302700000000005	AUT	neutron	pi-	0.0	0.00235	0.070207	0.00151
1.350819	0.131528	0.639446	0.377627	0.66503	AUT	neutron	pi-	0.0	0.0033420000000000004	0.070207	0.001491
1.202776	0.128392	0.571843	0.423595	0.138193	AUT	neutron	pi-	0.0	0.001852	0.070207	0.001468
1.508367	0.17438199999999998	0.5243399999999999	0.424839	0.123089	AUT	neutron	pi-	0.0	0.002006	0.070207	0.0014939999999999999
1.792097	0.225525	0.482637	0.42631199999999997	0.117175	AUT	neutron	pi-	0.0	0.003461	0.070207	0.001538
1.118125	0.099107	0.686703	0.42329300000000003	0.310316	AUT	neutron	pi-	0.0	0.001852	0.070207	0.001469
1.237688	0.12320899999999999	0.609083	0.423843	0.297942	AUT	neutron	pi-	0.0	0.002143	0.070207	0.001468
1.377059	0.147122	0.567248	0.424545	0.293082	AUT	neutron	pi-	0.0	0.002837	0.070207	0.0014759999999999999
1.6299	0.186852	0.530147	0.425092	0.291168	AUT	neutron	pi-	0.0	0.004911	0.070207	0.001506
1.861329	0.245279	0.460247	0.42847399999999997	0.292065	AUT	neutron	pi-	0.0	0.014756	0.070207	0.0015550000000000002
1.128919	0.098028	0.701817	0.424046	0.48945	AUT	neutron	pi-	0.0	0.002355	0.070207	0.00147
1.297841	0.13414700000000002	0.588132	0.42426800000000003	0.49087200000000003	AUT	neutron	pi-	0.0	0.002843	0.070207	0.001471
1.6162370000000001	0.189138	0.521124	0.425393	0.491842	AUT	neutron	pi-	0.0	0.003628	0.070207	0.001507
1.258701	0.123153	0.6328010000000001	0.42543800000000004	0.674834	AUT	neutron	pi-	0.0	0.002173	0.070207	0.0014730000000000001
1.7001400000000002	0.20252699999999998	0.511034	0.42628900000000003	0.6745	AUT	neutron	pi-	0.0	0.011023999999999999	0.070207	0.001518
1.231295	0.138434	0.543891	0.47364399999999995	0.133185	AUT	neutron	pi-	0.0	0.0018620000000000002	0.070207	0.001459
1.576539	0.199229	0.48151099999999997	0.47457	0.12093599999999999	AUT	neutron	pi-	0.0	0.001987	0.070207	0.001495
1.8742830000000001	0.275072	0.41295600000000005	0.47652799999999995	0.130698	AUT	neutron	pi-	0.0	0.009432	0.070207	0.001553
1.1422709999999998	0.105473	0.660417	0.473421	0.310229	AUT	neutron	pi-	0.0	0.001846	0.070207	0.00146
1.29593	0.136701	0.575177	0.47388199999999997	0.297047	AUT	neutron	pi-	0.0	0.00229	0.070207	0.001459
1.4920280000000001	0.173233	0.522586	0.47449300000000005	0.292765	AUT	neutron	pi-	0.0	0.0035549999999999996	0.070207	0.001477
1.7252740000000002	0.23059000000000002	0.45571000000000006	0.47553500000000004	0.29172800000000004	AUT	neutron	pi-	0.0	0.005824	0.070207	0.001519
1.152531	0.10291099999999999	0.683859	0.47406899999999996	0.490871	AUT	neutron	pi-	0.0	0.0023190000000000003	0.070207	0.0014609999999999998
1.367299	0.150848	0.552485	0.47433500000000006	0.490083	AUT	neutron	pi-	0.0	0.003732	0.070207	0.001465
1.67205	0.21644499999999997	0.47103900000000004	0.475152	0.48982600000000004	AUT	neutron	pi-	0.0	0.00625	0.070207	0.001508
1.249321	0.12579300000000002	0.618095	0.47453500000000004	0.683789	AUT	neutron	pi-	0.0	0.0019	0.070207	0.001462
1.6648880000000001	0.205481	0.492494	0.47381599999999996	0.678304	AUT	neutron	pi-	0.0	0.008303	0.070207	0.0015019999999999999
1.272297	0.15045899999999998	0.51817	0.523676	0.129776	AUT	neutron	pi-	0.0	0.001854	0.070207	0.001449
1.61289	0.217448	0.451528	0.524098	0.124082	AUT	neutron	pi-	0.0	0.00244	0.070207	0.001486
1.1734799999999999	0.11336099999999999	0.632625	0.523544	0.30895	AUT	neutron	pi-	0.0	0.001837	0.070207	0.001448
1.3781510000000001	0.156827	0.5341640000000001	0.523962	0.295928	AUT	neutron	pi-	0.0	0.002561	0.070207	0.001451
1.617645	0.216712	0.455759	0.524455	0.291531	AUT	neutron	pi-	0.0	0.003686	0.070207	0.001486
1.175966	0.10808	0.665824	0.52404	0.49253199999999997	AUT	neutron	pi-	0.0	0.002257	0.070207	0.001451
1.458029	0.17443699999999998	0.513045	0.524088	0.48853599999999997	AUT	neutron	pi-	0.0	0.004233	0.070207	0.0014609999999999998
1.841193	0.267941	0.416446	0.5216850000000001	0.46943	AUT	neutron	pi-	0.0	0.036427999999999995	0.070207	0.001523
1.216806	0.117497	0.640269	0.524574	0.733811	AUT	neutron	pi-	0.0	0.001905	0.070207	0.00145
1.606201	0.186404	0.523744	0.523267	0.711333	AUT	neutron	pi-	0.0	0.004843	0.070207	0.001469
1.335267	0.165329	0.496242	0.573625	0.128591	AUT	neutron	pi-	0.0	0.001835	0.070207	0.001437
1.7151450000000001	0.24230700000000002	0.429716	0.5735319999999999	0.12749000000000002	AUT	neutron	pi-	0.0	0.0044740000000000005	0.070207	0.001475
1.209427	0.122402	0.605532	0.573623	0.307347	AUT	neutron	pi-	0.0	0.001846	0.070207	0.001434
1.4890430000000001	0.18674000000000002	0.487262	0.5737680000000001	0.29294899999999996	AUT	neutron	pi-	0.0	0.002763	0.070207	0.0014449999999999999
1.81106	0.267024	0.41106400000000004	0.572216	0.28332399999999996	AUT	neutron	pi-	0.0	0.008388	0.070207	0.00149
1.209359	0.11567999999999999	0.64245	0.573998	0.493892	AUT	neutron	pi-	0.0	0.002222	0.070207	0.001437
1.527097	0.184669	0.504694	0.573422	0.485925	AUT	neutron	pi-	0.0	0.006848999999999999	0.070207	0.0014449999999999999
1.2710270000000001	0.12428399999999999	0.634648	0.57406	0.739061	AUT	neutron	pi-	0.0	0.0021100000000000003	0.070207	0.001438
1.807873	0.21176	0.517895	0.571738	0.682801	AUT	neutron	pi-	0.0	0.019624000000000003	0.070207	0.001462
1.20513	0.126641	0.583178	0.623534	0.26600999999999997	AUT	neutron	pi-	0.0	0.00182	0.070207	0.001415
1.447966	0.178993	0.49112100000000003	0.6233	0.220059	AUT	neutron	pi-	0.0	0.002069	0.070207	0.001415
1.737025	0.235553	0.447485	0.621789	0.204977	AUT	neutron	pi-	0.0	0.003897	0.070207	0.00144
1.264708	0.126773	0.6167199999999999	0.623821	0.49371800000000005	AUT	neutron	pi-	0.0	0.0022649999999999997	0.070207	0.001418
1.701159	0.203205	0.508513	0.62226	0.482149	AUT	neutron	pi-	0.0	0.017943	0.070207	0.001426
1.2731350000000001	0.12095399999999999	0.651779	0.6237520000000001	0.752455	AUT	neutron	pi-	0.0	0.002613	0.070207	0.001422
1.2605309999999998	0.138475	0.558912	0.673187	0.255064	AUT	neutron	pi-	0.0	0.0017980000000000001	0.070207	0.00139
1.6550939999999998	0.201311	0.499225	0.671599	0.21108200000000002	AUT	neutron	pi-	0.0	0.003181	0.070207	0.001391
1.2298129999999998	0.117198	0.6441060000000001	0.6735140000000001	0.566954	AUT	neutron	pi-	0.0	0.002164	0.070207	0.001401
1.6665599999999998	0.17985	0.562601	0.671825	0.520633	AUT	neutron	pi-	0.0	0.013355	0.070207	0.001387
2.2947	0.239911	0.580458	0.33233	0.28134699999999996	AUT	neutron	pi-	0.0	0.003632	0.070207	0.001607
2.185787	0.24227800000000002	0.548606	0.375619	0.197954	AUT	neutron	pi-	0.0	0.003826	0.070207	0.001586
2.6566080000000003	0.305703	0.526856	0.379591	0.19653099999999998	AUT	neutron	pi-	0.0	0.006670999999999999	0.070207	0.001643
2.285535	0.255696	0.5441010000000001	0.376954	0.548122	AUT	neutron	pi-	0.0	0.005035	0.070207	0.0015970000000000001
2.187983	0.250483	0.532155	0.424034	0.20223	AUT	neutron	pi-	0.0	0.003464	0.070207	0.0015689999999999999
2.5353310000000002	0.320266	0.48056800000000005	0.426497	0.209579	AUT	neutron	pi-	0.0	0.004354	0.070207	0.001622
2.288942	0.26943	0.5195810000000001	0.424833	0.555484	AUT	neutron	pi-	0.0	0.004765999999999999	0.070207	0.001583
2.231159	0.26287	0.5182869999999999	0.473811	0.20836799999999997	AUT	neutron	pi-	0.0	0.0031	0.070207	0.001553
2.527186	0.338119	0.45288199999999995	0.47393100000000005	0.22546300000000002	AUT	neutron	pi-	0.0	0.006065999999999999	0.070207	0.0016010000000000002
2.277128	0.270584	0.5155390000000001	0.47372299999999995	0.552257	AUT	neutron	pi-	0.0	0.005863	0.070207	0.001558
2.2365470000000003	0.264355	0.516836	0.5237569999999999	0.27585	AUT	neutron	pi-	0.0	0.003191	0.070207	0.001526
2.549631	0.340837	0.453201	0.5232899999999999	0.272534	AUT	neutron	pi-	0.0	0.007234999999999999	0.070207	0.001568
2.278146	0.271188	0.5143810000000001	0.573272	0.302165	AUT	neutron	pi-	0.0	0.003077	0.070207	0.0014960000000000002
2.266465	0.262953	0.5263359999999999	0.622613	0.28991100000000003	AUT	neutron	pi-	0.0	0.003879	0.070207	0.001454
2.247358	0.25151799999999996	0.54379	0.671545	0.270689	AUT	neutron	pi-	0.0	0.005404	0.070207	0.001407
3.4209160000000005	0.359302	0.57718	0.332732	0.275924	AUT	neutron	pi-	0.0	0.0058200000000000005	0.070207	0.0017239999999999998
3.430073	0.374242	0.556771	0.374558	0.199212	AUT	neutron	pi-	0.0	0.005154	0.070207	0.0017010000000000003
3.943284	0.467988	0.510251	0.378011	0.22117199999999998	AUT	neutron	pi-	0.0	0.089937	0.070207	0.00176
3.4161349999999997	0.371791	0.5580689999999999	0.374634	0.542358	AUT	neutron	pi-	0.0	0.012251	0.070207	0.0016989999999999998
3.403436	0.37182800000000005	0.555921	0.423782	0.291655	AUT	neutron	pi-	0.0	0.005064	0.070207	0.001663
3.815283	0.45081800000000005	0.512521	0.42355600000000004	0.277752	AUT	neutron	pi-	0.0	0.023444	0.070207	0.0017059999999999998
3.422826	0.37524	0.554361	0.47370200000000007	0.29592199999999996	AUT	neutron	pi-	0.0	0.0055130000000000005	0.070207	0.001627
3.4168629999999998	0.373839	0.555388	0.52344	0.294869	AUT	neutron	pi-	0.0	0.006162	0.070207	0.001585
3.4036480000000005	0.370243	0.55833	0.573036	0.283913	AUT	neutron	pi-	0.0	0.007121	0.070207	0.001536
4.379163	0.4581	0.579227	0.332125	0.271436	AUT	neutron	pi-	0.0	0.01111	0.070207	0.0018039999999999998
4.343674	0.46260100000000004	0.569056	0.373702	0.273957	AUT	neutron	pi-	0.0	0.009472	0.070207	0.0017649999999999999
4.341891	0.46216499999999994	0.569365	0.423713	0.27758299999999997	AUT	neutron	pi-	0.0	0.01059	0.070207	0.0017170000000000002
4.340854	0.461721	0.569773	0.47346000000000005	0.278337	AUT	neutron	pi-	0.0	0.011622	0.070207	0.0016690000000000001
