Q2	x	y	z	pT	obs	target	hadron	value	stat	systrel	systabs
1.143975	0.08573	0.650076	0.323369	0.136724	AUT	proton	pi+	0.0	0.008858	0.070207	0.008317
1.27352	0.10637	0.580538	0.32390399999999997	0.13004200000000002	AUT	proton	pi+	0.0	0.009807	0.070207	0.008190000000000001
1.3971879999999999	0.12328599999999999	0.549287	0.324083	0.12841	AUT	proton	pi+	0.0	0.010058	0.070207	0.008086
1.52614	0.140325	0.527135	0.32437	0.127547	AUT	proton	pi+	0.0	0.009931	0.070207	0.007982
1.6337780000000002	0.159774	0.495842	0.324698	0.126197	AUT	proton	pi+	0.0	0.009842	0.070207	0.007867
1.7382360000000001	0.189295	0.44592299999999996	0.325408	0.12516	AUT	proton	pi+	0.0	0.009133	0.070207	0.007706
1.8653	0.229634	0.394305	0.32910100000000003	0.1242	AUT	proton	pi+	0.0	0.015083000000000001	0.070207	0.0075120000000000004
1.100064	0.071378	0.749212	0.32322	0.31209899999999996	AUT	proton	pi+	0.0	0.009143	0.070207	0.008409
1.190222	0.083909	0.6875640000000001	0.323746	0.304679	AUT	proton	pi+	0.0	0.009123000000000001	0.070207	0.008329000000000001
1.270568	0.093825	0.656278	0.323916	0.302118	AUT	proton	pi+	0.0	0.009201	0.070207	0.008267
1.3503020000000001	0.10360799999999999	0.6315569999999999	0.32400500000000004	0.30044699999999996	AUT	proton	pi+	0.0	0.008739	0.070207	0.008206999999999999
1.4311459999999998	0.113607	0.610436	0.324077	0.298824	AUT	proton	pi+	0.0	0.00853	0.070207	0.008145
1.503077	0.123697	0.588812	0.324179	0.29665	AUT	proton	pi+	0.0	0.008286	0.070207	0.008081999999999999
1.565952	0.134178	0.565545	0.324428	0.29475100000000004	AUT	proton	pi+	0.0	0.007835	0.070207	0.008017
1.6242809999999999	0.14593499999999998	0.5394260000000001	0.32468600000000003	0.292277	AUT	proton	pi+	0.0	0.007528	0.070207	0.007947
1.679291	0.161473	0.5042270000000001	0.324869	0.289707	AUT	proton	pi+	0.0	0.0067150000000000005	0.070207	0.007856
1.754425	0.188505	0.45201899999999995	0.32550500000000004	0.28510100000000005	AUT	proton	pi+	0.0	0.00605	0.070207	0.00771
1.863646	0.228883	0.39529200000000003	0.32929	0.281524	AUT	proton	pi+	0.0	0.0112	0.070207	0.007515999999999999
1.1145450000000001	0.069258	0.7824479999999999	0.323866	0.494386	AUT	proton	pi+	0.0	0.006622	0.070207	0.008423
1.234794	0.083303	0.718557	0.324164	0.49155699999999997	AUT	proton	pi+	0.0	0.006261	0.070207	0.008333
1.347491	0.09508	0.6868609999999999	0.32413400000000003	0.49137299999999995	AUT	proton	pi+	0.0	0.005933	0.070207	0.008259
1.448648	0.10664100000000001	0.6583640000000001	0.32419000000000003	0.49080100000000004	AUT	proton	pi+	0.0	0.005762	0.070207	0.008187
1.5368620000000002	0.11964300000000001	0.622739	0.324283	0.489709	AUT	proton	pi+	0.0	0.005425999999999999	0.070207	0.008106
1.609321	0.136547	0.57167	0.324442	0.48832200000000003	AUT	proton	pi+	0.0	0.005374	0.070207	0.008002
1.6841580000000003	0.164802	0.497084	0.324835	0.48958500000000005	AUT	proton	pi+	0.0	0.005905	0.070207	0.007838
1.811652	0.212195	0.415205	0.32708200000000004	0.492899	AUT	proton	pi+	0.0	0.015562999999999999	0.070207	0.007593000000000001
1.222164	0.079819	0.747786	0.32560100000000003	0.672962	AUT	proton	pi+	0.0	0.0063869999999999994	0.070207	0.008354
1.494838	0.11645599999999999	0.626498	0.32569000000000004	0.672168	AUT	proton	pi+	0.0	0.006379999999999999	0.070207	0.008125
1.67937	0.17163599999999998	0.48051800000000006	0.326855	0.6704720000000001	AUT	proton	pi+	0.0	0.009854	0.070207	0.007802
1.418141	0.10659400000000001	0.673858	0.32923	0.850453	AUT	proton	pi+	0.0	0.016391	0.070207	0.008183
1.1711340000000001	0.092559	0.61738	0.37335	0.13458900000000001	AUT	proton	pi+	0.0	0.007872	0.070207	0.008255
1.335032	0.11802	0.548574	0.37393000000000004	0.128443	AUT	proton	pi+	0.0	0.009155	0.070207	0.008095
1.484881	0.138621	0.5192640000000001	0.37400900000000004	0.12738	AUT	proton	pi+	0.0	0.009622	0.070207	0.007967
1.601274	0.160255	0.484625	0.374239	0.126116	AUT	proton	pi+	0.0	0.009983	0.070207	0.007838
1.7012580000000002	0.192721	0.428962	0.374483	0.125424	AUT	proton	pi+	0.0	0.010043	0.070207	0.007662
1.8253400000000002	0.243567	0.364635	0.37613800000000003	0.12368900000000001	AUT	proton	pi+	0.0	0.014669999999999999	0.070207	0.00743
1.121402	0.076753	0.7109409999999999	0.37326	0.311638	AUT	proton	pi+	0.0	0.008747	0.070207	0.008357
1.237962	0.09290599999999999	0.645999	0.37380399999999997	0.303677	AUT	proton	pi+	0.0	0.009335	0.070207	0.008253
1.3369229999999999	0.10531099999999999	0.615223	0.373958	0.300661	AUT	proton	pi+	0.0	0.009981	0.070207	0.008175
1.432326	0.11718699999999999	0.592329	0.374023	0.298701	AUT	proton	pi+	0.0	0.009595000000000001	0.070207	0.008099
1.518448	0.129699	0.567404	0.37417399999999995	0.296344	AUT	proton	pi+	0.0	0.008847	0.070207	0.008020999999999999
1.5873620000000002	0.14366199999999998	0.535623	0.374233	0.293356	AUT	proton	pi+	0.0	0.007976	0.070207	0.007935
1.639402	0.16103399999999998	0.493691	0.374486	0.290224	AUT	proton	pi+	0.0	0.00725	0.070207	0.007831999999999999
1.6969919999999998	0.188547	0.437141	0.374889	0.28529699999999997	AUT	proton	pi+	0.0	0.006543000000000001	0.070207	0.007683
1.8004790000000002	0.23685	0.370197	0.376477	0.28371799999999997	AUT	proton	pi+	0.0	0.008983	0.070207	0.007458
1.1259350000000001	0.072263	0.757905	0.373415	0.49628199999999995	AUT	proton	pi+	0.0	0.0067150000000000005	0.070207	0.008387
1.268712	0.088767	0.692976	0.37399499999999997	0.492965	AUT	proton	pi+	0.0	0.006490999999999999	0.070207	0.008279
1.400655	0.10341900000000001	0.656504	0.374033	0.492224	AUT	proton	pi+	0.0	0.006177	0.070207	0.008186
1.5206600000000001	0.11916700000000001	0.6187630000000001	0.374194	0.490886	AUT	proton	pi+	0.0	0.005869	0.070207	0.008085
1.609377	0.139604	0.5595899999999999	0.374354	0.48871400000000004	AUT	proton	pi+	0.0	0.005777	0.070207	0.007958
1.6776779999999998	0.17969100000000002	0.45696400000000004	0.374596	0.489913	AUT	proton	pi+	0.0	0.00602	0.070207	0.007731
1.830393	0.252362	0.352351	0.377126	0.492821	AUT	proton	pi+	0.0	0.028386	0.070207	0.0073939999999999995
1.21865	0.08018	0.741874	0.3746	0.680025	AUT	proton	pi+	0.0	0.005983	0.070207	0.008334999999999999
1.488853	0.11443099999999999	0.633704	0.374844	0.679139	AUT	proton	pi+	0.0	0.005803	0.070207	0.008115
1.640334	0.171681	0.47288500000000006	0.375114	0.678673	AUT	proton	pi+	0.0	0.007408	0.070207	0.007778
1.421216	0.110928	0.65166	0.377182	0.866784	AUT	proton	pi+	0.0	0.010332	0.070207	0.008136
1.193495	0.098562	0.5914739999999999	0.423422	0.132675	AUT	proton	pi+	0.0	0.007736	0.070207	0.008201
1.3928260000000001	0.128865	0.524185	0.423861	0.12751400000000002	AUT	proton	pi+	0.0	0.008808	0.070207	0.008008
1.56549	0.15624200000000002	0.486167	0.42399	0.126724	AUT	proton	pi+	0.0	0.009259	0.070207	0.007840999999999999
1.692235	0.19676400000000002	0.418796	0.42410200000000003	0.12655	AUT	proton	pi+	0.0	0.010154	0.070207	0.00762
1.8156729999999999	0.25698499999999996	0.343368	0.42408100000000004	0.125637	AUT	proton	pi+	0.0	0.019961000000000003	0.070207	0.007354
1.13218	0.080693	0.682707	0.423125	0.311683	AUT	proton	pi+	0.0	0.008943000000000001	0.070207	0.008318
1.263643	0.099165	0.617855	0.42381	0.303647	AUT	proton	pi+	0.0	0.009747	0.070207	0.008198
1.3870120000000001	0.11463399999999999	0.586486	0.42400299999999996	0.300346	AUT	proton	pi+	0.0	0.009966	0.070207	0.008098000000000001
1.5022010000000001	0.13041	0.558372	0.424099	0.29754400000000003	AUT	proton	pi+	0.0	0.009175	0.070207	0.007997
1.588337	0.147816	0.521043	0.424171	0.294038	AUT	proton	pi+	0.0	0.008348999999999999	0.070207	0.007889
1.640091	0.171301	0.464794	0.42435100000000003	0.29001	AUT	proton	pi+	0.0	0.0070480000000000004	0.070207	0.007753
1.7097099999999998	0.216522	0.385363	0.42464799999999997	0.287019	AUT	proton	pi+	0.0	0.006765	0.070207	0.007526000000000001
1.872147	0.281377	0.322517	0.42476400000000003	0.289937	AUT	proton	pi+	0.0	0.024978999999999998	0.070207	0.007262
1.141324	0.078055	0.7111109999999999	0.422713	0.494504	AUT	proton	pi+	0.0	0.007836	0.070207	0.008336
1.3216	0.098634	0.649821	0.423763	0.49205299999999996	AUT	proton	pi+	0.0	0.007375	0.070207	0.008201
1.4929459999999999	0.118324	0.6118520000000001	0.42407	0.49104	AUT	proton	pi+	0.0	0.006942	0.070207	0.008073
1.61251	0.14247200000000002	0.5497770000000001	0.42434099999999997	0.488599	AUT	proton	pi+	0.0	0.0067150000000000005	0.070207	0.007921
1.679193	0.196232	0.42283999999999994	0.424604	0.487742	AUT	proton	pi+	0.0	0.006619	0.070207	0.007628
1.241783	0.087073	0.696016	0.42333699999999996	0.683937	AUT	proton	pi+	0.0	0.006146	0.070207	0.008276
1.544468	0.130522	0.579137	0.424412	0.684126	AUT	proton	pi+	0.0	0.005455	0.070207	0.007995
1.679687	0.194758	0.42229099999999997	0.42422	0.6816810000000001	AUT	proton	pi+	0.0	0.009946	0.070207	0.007633
1.422383	0.11611400000000001	0.6189100000000001	0.42556099999999997	0.882935	AUT	proton	pi+	0.0	0.008304	0.070207	0.008087
1.232695	0.10735399999999999	0.561395	0.473386	0.131072	AUT	proton	pi+	0.0	0.007436	0.070207	0.00813
1.488065	0.145608	0.49602299999999994	0.473894	0.12765	AUT	proton	pi+	0.0	0.008437	0.070207	0.007887
1.672266	0.191866	0.425123	0.473999	0.127498	AUT	proton	pi+	0.0	0.00985	0.070207	0.007626000000000001
1.8100470000000002	0.257166	0.341945	0.473871	0.128155	AUT	proton	pi+	0.0	0.023586000000000003	0.070207	0.007331999999999999
1.1607610000000002	0.089269	0.632919	0.472488	0.307293	AUT	proton	pi+	0.0	0.0083	0.070207	0.008249
1.3374	0.11246199999999999	0.576637	0.47368699999999997	0.300979	AUT	proton	pi+	0.0	0.009913	0.070207	0.008097
1.4920200000000001	0.13255899999999998	0.545666	0.473947	0.298075	AUT	proton	pi+	0.0	0.009315	0.070207	0.007965999999999999
1.595928	0.154652	0.5007149999999999	0.474189	0.294431	AUT	proton	pi+	0.0	0.008298999999999999	0.070207	0.00783
1.659614	0.18908599999999998	0.42705699999999996	0.474317	0.290092	AUT	proton	pi+	0.0	0.006926000000000001	0.070207	0.007638
1.7591759999999999	0.24512199999999998	0.349221	0.47429499999999997	0.29031999999999997	AUT	proton	pi+	0.0	0.010718	0.070207	0.007381
1.178373	0.08808300000000001	0.650844	0.47227700000000006	0.49276499999999995	AUT	proton	pi+	0.0	0.008912	0.070207	0.008256999999999999
1.427035	0.116223	0.595637	0.473656	0.49060699999999996	AUT	proton	pi+	0.0	0.008276	0.070207	0.008071
1.620219	0.148314	0.5317270000000001	0.474391	0.48852399999999996	AUT	proton	pi+	0.0	0.007456	0.070207	0.007867
1.6900939999999998	0.207641	0.399927	0.474383	0.48461400000000004	AUT	proton	pi+	0.0	0.008506	0.070207	0.00755
1.306735	0.101587	0.628817	0.47278100000000006	0.685353	AUT	proton	pi+	0.0	0.006956	0.070207	0.008167
1.6325450000000001	0.164328	0.49168	0.474258	0.685808	AUT	proton	pi+	0.0	0.006379999999999999	0.070207	0.007778
1.432954	0.12289800000000001	0.5816140000000001	0.474437	0.900641	AUT	proton	pi+	0.0	0.007798	0.070207	0.008028
1.278463	0.118424	0.527304	0.5231319999999999	0.129584	AUT	proton	pi+	0.0	0.007412	0.070207	0.008043000000000002
1.592818	0.170467	0.455405	0.523904	0.12830999999999998	AUT	proton	pi+	0.0	0.008679000000000001	0.070207	0.00772
1.766788	0.23567399999999997	0.365546	0.523806	0.12923900000000002	AUT	proton	pi+	0.0	0.017624	0.070207	0.007398999999999999
1.199224	0.101337	0.576	0.5223439999999999	0.303143	AUT	proton	pi+	0.0	0.00898	0.070207	0.008156
1.442766	0.132247	0.529068	0.523479	0.29798800000000003	AUT	proton	pi+	0.0	0.009205	0.070207	0.007951
1.603924	0.162465	0.479674	0.524153	0.29448	AUT	proton	pi+	0.0	0.008045	0.070207	0.007764
1.7070029999999998	0.218029	0.383704	0.5242600000000001	0.29128200000000004	AUT	proton	pi+	0.0	0.007428	0.070207	0.007479
1.242289	0.103181	0.58622	0.5221520000000001	0.490878	AUT	proton	pi+	0.0	0.010625	0.070207	0.008143000000000001
1.57863	0.145919	0.5264260000000001	0.523863	0.488629	AUT	proton	pi+	0.0	0.008401	0.070207	0.007863
1.7024119999999998	0.20688299999999998	0.40364099999999997	0.524281	0.48166400000000004	AUT	proton	pi+	0.0	0.010012	0.070207	0.007531
1.411845	0.126405	0.5506220000000001	0.522989	0.686175	AUT	proton	pi+	0.0	0.0081	0.070207	0.007989
1.747654	0.204408	0.415818	0.523671	0.681409	AUT	proton	pi+	0.0	0.016219	0.070207	0.007539
1.440121	0.128589	0.552088	0.523392	0.912758	AUT	proton	pi+	0.0	0.008594	0.070207	0.007975
1.3438299999999999	0.133663	0.49101000000000006	0.573098	0.129269	AUT	proton	pi+	0.0	0.007527	0.070207	0.007923999999999999
1.694225	0.20544600000000002	0.404903	0.573856	0.12953199999999998	AUT	proton	pi+	0.0	0.011346	0.070207	0.007515000000000001
1.246602	0.11570899999999999	0.524644	0.5725359999999999	0.299734	AUT	proton	pi+	0.0	0.009819	0.070207	0.008042
1.55329	0.158814	0.475121	0.5736829999999999	0.29549699999999995	AUT	proton	pi+	0.0	0.008298999999999999	0.070207	0.007763
1.707554	0.21661100000000003	0.385919	0.5739890000000001	0.291981	AUT	proton	pi+	0.0	0.008391	0.070207	0.00746
1.339779	0.12378099999999999	0.527829	0.572493	0.48952299999999993	AUT	proton	pi+	0.0	0.011526999999999999	0.070207	0.007987000000000001
1.6942959999999998	0.18925999999999998	0.43979399999999996	0.574033	0.48340600000000006	AUT	proton	pi+	0.0	0.00999	0.070207	0.007594
1.424787	0.134995	0.517139	0.5727180000000001	0.758879	AUT	proton	pi+	0.0	0.008051	0.070207	0.007914000000000001
1.8390330000000001	0.21396500000000002	0.41712	0.572345	0.679819	AUT	proton	pi+	0.0	0.033855	0.070207	0.007464
1.440136	0.156859	0.450933	0.623218	0.129154	AUT	proton	pi+	0.0	0.007931	0.070207	0.007756999999999999
1.800748	0.243517	0.35935300000000003	0.622534	0.129653	AUT	proton	pi+	0.0	0.028952999999999996	0.070207	0.007309
1.318904	0.134099	0.47948999999999997	0.622738	0.296717	AUT	proton	pi+	0.0	0.00952	0.070207	0.007898
1.684247	0.199944	0.412146	0.6233420000000001	0.292905	AUT	proton	pi+	0.0	0.008452	0.070207	0.0075120000000000004
1.351508	0.13456400000000002	0.489171	0.622346	0.54889	AUT	proton	pi+	0.0	0.013096	0.070207	0.007894
1.753991	0.195463	0.437379	0.623258	0.5232600000000001	AUT	proton	pi+	0.0	0.014238999999999998	0.070207	0.007529000000000001
1.296525	0.140163	0.450259	0.672465	0.23205100000000004	AUT	proton	pi+	0.0	0.008531	0.070207	0.007833
1.703768	0.199447	0.415721	0.672424	0.22535100000000002	AUT	proton	pi+	0.0	0.009627	0.070207	0.007481
1.4462059999999999	0.152383	0.462577	0.6708930000000001	0.540455	AUT	proton	pi+	0.0	0.016386	0.070207	0.007756
2.206698	0.176241	0.6088100000000001	0.323696	0.132105	AUT	proton	pi+	0.0	0.010948999999999999	0.070207	0.0077659999999999995
2.371126	0.20875500000000002	0.5507310000000001	0.324085	0.127931	AUT	proton	pi+	0.0	0.010093000000000001	0.070207	0.007601
2.419936	0.235575	0.49817700000000004	0.324139	0.126937	AUT	proton	pi+	0.0	0.009244	0.070207	0.007481999999999999
2.495765	0.267746	0.45204700000000003	0.32512199999999997	0.126469	AUT	proton	pi+	0.0	0.008320000000000001	0.070207	0.0073560000000000006
2.684929	0.318332	0.40982700000000005	0.327544	0.12578599999999998	AUT	proton	pi+	0.0	0.008657	0.070207	0.007184
2.164368	0.153336	0.687064	0.32322199999999995	0.31089	AUT	proton	pi+	0.0	0.007181999999999999	0.070207	0.007893
2.277279	0.178703	0.617726	0.323917	0.29993800000000004	AUT	proton	pi+	0.0	0.00704	0.070207	0.007751000000000001
2.370002	0.19703099999999998	0.582955	0.324092	0.29601700000000003	AUT	proton	pi+	0.0	0.006795000000000001	0.070207	0.0076560000000000005
2.441631	0.214441	0.551841	0.324192	0.292418	AUT	proton	pi+	0.0	0.006739	0.070207	0.007573000000000001
2.461934	0.2337	0.510678	0.324326	0.28899400000000003	AUT	proton	pi+	0.0	0.006332	0.070207	0.007489
2.489119	0.25803200000000004	0.467696	0.324807	0.286024	AUT	proton	pi+	0.0	0.006259000000000001	0.070207	0.007392
2.610806	0.297084	0.426504	0.32644	0.285096	AUT	proton	pi+	0.0	0.00625	0.070207	0.007253
2.8099380000000003	0.35333200000000003	0.385676	0.33064299999999996	0.287393	AUT	proton	pi+	0.0	0.014487	0.070207	0.0070739999999999996
2.199162	0.145082	0.7390869999999999	0.323843	0.493465	AUT	proton	pi+	0.0	0.007542	0.070207	0.007940000000000001
2.349166	0.178204	0.63952	0.32429	0.486121	AUT	proton	pi+	0.0	0.006111999999999999	0.070207	0.007751999999999999
2.467062	0.210062	0.570164	0.324407	0.485363	AUT	proton	pi+	0.0	0.0061200000000000004	0.070207	0.007593000000000001
2.507237	0.261052	0.46776	0.32495799999999997	0.48703	AUT	proton	pi+	0.0	0.007431999999999999	0.070207	0.007382
2.745077	0.33458699999999997	0.398251	0.32873	0.48700600000000005	AUT	proton	pi+	0.0	0.022313	0.070207	0.0071319999999999995
2.345793	0.180161	0.647824	0.325626	0.671563	AUT	proton	pi+	0.0	0.008519	0.070207	0.0077469999999999995
2.5600549999999997	0.277364	0.45001899999999995	0.326669	0.669242	AUT	proton	pi+	0.0	0.019053	0.070207	0.0073230000000000005
2.233725	0.18290499999999998	0.594078	0.37367100000000003	0.130923	AUT	proton	pi+	0.0	0.010209999999999999	0.070207	0.007703
2.3926060000000002	0.22056199999999998	0.5263329999999999	0.373949	0.127618	AUT	proton	pi+	0.0	0.009729	0.070207	0.007518
2.444099	0.256338	0.462688	0.374033	0.127117	AUT	proton	pi+	0.0	0.009042	0.070207	0.007370000000000001
2.528107	0.307311	0.39966999999999997	0.3744	0.126	AUT	proton	pi+	0.0	0.00801	0.070207	0.0071920000000000005
2.781952	0.36822699999999997	0.366098	0.373825	0.12551600000000002	AUT	proton	pi+	0.0	0.020347999999999998	0.070207	0.007005
2.1785810000000003	0.16139	0.6567649999999999	0.37349499999999997	0.30818	AUT	proton	pi+	0.0	0.007704000000000001	0.070207	0.00782
2.318607	0.189904	0.5918859999999999	0.373954	0.29889499999999997	AUT	proton	pi+	0.0	0.007532	0.070207	0.007664
2.420041	0.21192399999999997	0.553559	0.374075	0.294507	AUT	proton	pi+	0.0	0.007319	0.070207	0.007556
2.452623	0.23540300000000003	0.505204	0.374213	0.290667	AUT	proton	pi+	0.0	0.0070019999999999995	0.070207	0.007453
2.4792080000000003	0.26554099999999997	0.45290699999999995	0.37431	0.287677	AUT	proton	pi+	0.0	0.00689	0.070207	0.0073349999999999995
2.543772	0.31116900000000003	0.396902	0.37479	0.28799	AUT	proton	pi+	0.0	0.007025	0.070207	0.0071790000000000005
2.7742709999999997	0.366806	0.366507	0.374421	0.290697	AUT	proton	pi+	0.0	0.017438	0.070207	0.0070090000000000005
2.216832	0.15391300000000002	0.702788	0.373638	0.494953	AUT	proton	pi+	0.0	0.006289	0.070207	0.007862000000000001
2.402918	0.193105	0.6039329999999999	0.374279	0.486468	AUT	proton	pi+	0.0	0.006474	0.070207	0.007647
2.486756	0.240031	0.505027	0.374355	0.48586899999999994	AUT	proton	pi+	0.0	0.006559000000000001	0.070207	0.007435
2.565717	0.315339	0.395845	0.374736	0.48648500000000006	AUT	proton	pi+	0.0	0.009798000000000001	0.070207	0.007167
2.339337	0.178016	0.6510739999999999	0.374787	0.678817	AUT	proton	pi+	0.0	0.007175	0.070207	0.00773
2.514936	0.274039	0.448417	0.374797	0.675303	AUT	proton	pi+	0.0	0.014693000000000001	0.070207	0.007306999999999999
2.395212	0.19433399999999998	0.618939	0.377067	0.8673120000000001	AUT	proton	pi+	0.0	0.021478	0.070207	0.007651000000000001
2.269532	0.191341	0.577491	0.42363100000000004	0.130499	AUT	proton	pi+	0.0	0.009325	0.070207	0.007634999999999999
2.413123	0.239204	0.49007700000000004	0.423874	0.127771	AUT	proton	pi+	0.0	0.009183	0.070207	0.0074140000000000005
2.498889	0.297155	0.409144	0.42383000000000004	0.12709600000000001	AUT	proton	pi+	0.0	0.008392	0.070207	0.007201000000000001
2.7566610000000003	0.363477	0.367539	0.423691	0.126467	AUT	proton	pi+	0.0	0.020834000000000002	0.070207	0.006993000000000001
2.196499	0.168123	0.635578	0.42363100000000004	0.306766	AUT	proton	pi+	0.0	0.008139	0.070207	0.007759
2.3615	0.200578	0.5708810000000001	0.424004	0.29801500000000003	AUT	proton	pi+	0.0	0.007905	0.070207	0.007586
2.436868	0.228433	0.517472	0.424076	0.293451	AUT	proton	pi+	0.0	0.007601	0.070207	0.007458
2.471102	0.263466	0.45522399999999996	0.424191	0.289914	AUT	proton	pi+	0.0	0.0074129999999999995	0.070207	0.007318000000000001
2.565474	0.32024400000000003	0.389374	0.42421400000000004	0.29060199999999997	AUT	proton	pi+	0.0	0.007658	0.070207	0.007126
2.234419	0.163892	0.664613	0.423509	0.49332700000000007	AUT	proton	pi+	0.0	0.006398	0.070207	0.007781999999999999
2.450654	0.20979299999999998	0.567701	0.42439	0.485918	AUT	proton	pi+	0.0	0.008157	0.070207	0.007542
2.5248169999999996	0.284673	0.43517700000000004	0.424472	0.483368	AUT	proton	pi+	0.0	0.006938	0.070207	0.007245999999999999
2.353742	0.189023	0.6174810000000001	0.424126	0.683476	AUT	proton	pi+	0.0	0.006251	0.070207	0.007651000000000001
2.542605	0.287414	0.430229	0.424004	0.6772100000000001	AUT	proton	pi+	0.0	0.016025	0.070207	0.007234
2.3934889999999998	0.197608	0.6034229999999999	0.425572	0.883034	AUT	proton	pi+	0.0	0.01645	0.070207	0.00761
2.300503	0.20061199999999998	0.559368	0.473634	0.13036099999999998	AUT	proton	pi+	0.0	0.008897	0.070207	0.007567
2.445518	0.264625	0.450007	0.47380500000000003	0.128128	AUT	proton	pi+	0.0	0.008984	0.070207	0.007292
2.5980060000000003	0.332523	0.37902800000000003	0.47361400000000003	0.127975	AUT	proton	pi+	0.0	0.012856999999999999	0.070207	0.007063
2.229634	0.177725	0.610386	0.473487	0.30400900000000003	AUT	proton	pi+	0.0	0.008171	0.070207	0.007684000000000001
2.406345	0.216741	0.53877	0.47403199999999995	0.296338	AUT	proton	pi+	0.0	0.008097	0.070207	0.007487000000000001
2.457984	0.25653000000000004	0.46532799999999996	0.47413999999999995	0.2922	AUT	proton	pi+	0.0	0.007845	0.070207	0.007320999999999999
2.554538	0.31743499999999997	0.391293	0.47414799999999996	0.293027	AUT	proton	pi+	0.0	0.008554	0.070207	0.007111
2.2716830000000003	0.177622	0.622959	0.473408	0.491278	AUT	proton	pi+	0.0	0.007297	0.070207	0.007684000000000001
2.4793580000000004	0.239858	0.505309	0.47445	0.48516099999999995	AUT	proton	pi+	0.0	0.010048	0.070207	0.007389
2.582734	0.321716	0.389997	0.47437700000000005	0.478376	AUT	proton	pi+	0.0	0.011332	0.070207	0.007095999999999999
2.3501119999999998	0.19347999999999999	0.59696	0.47382799999999997	0.7318140000000001	AUT	proton	pi+	0.0	0.006232	0.070207	0.0076040000000000005
2.56542	0.277821	0.449112	0.473738	0.705662	AUT	proton	pi+	0.0	0.012593	0.070207	0.007243
2.324872	0.216704	0.525005	0.523153	0.129823	AUT	proton	pi+	0.0	0.008834999999999999	0.070207	0.007468000000000001
2.519949	0.3001	0.409402	0.5236970000000001	0.128717	AUT	proton	pi+	0.0	0.009885	0.070207	0.007142
2.2584560000000002	0.19176600000000002	0.573168	0.522384	0.300966	AUT	proton	pi+	0.0	0.008671	0.070207	0.007587000000000001
2.434319	0.242193	0.48855	0.523975	0.29483899999999996	AUT	proton	pi+	0.0	0.008145	0.070207	0.007353
2.535937	0.309182	0.39941	0.5240520000000001	0.294975	AUT	proton	pi+	0.0	0.008733	0.070207	0.007112
2.317746	0.19746	0.572453	0.522708	0.489591	AUT	proton	pi+	0.0	0.008869	0.070207	0.007558
2.522472	0.281051	0.43945100000000004	0.524079	0.481653	AUT	proton	pi+	0.0	0.010237999999999999	0.070207	0.007208
2.392541	0.21608899999999998	0.54643	0.5230600000000001	0.743115	AUT	proton	pi+	0.0	0.006856999999999999	0.070207	0.007475
2.359799	0.24368299999999998	0.476675	0.573307	0.129394	AUT	proton	pi+	0.0	0.008699	0.070207	0.007328
2.640432	0.339919	0.376671	0.5734199999999999	0.129781	AUT	proton	pi+	0.0	0.019615	0.070207	0.006984000000000001
2.2835389999999998	0.213511	0.521181	0.572806	0.298521	AUT	proton	pi+	0.0	0.00891	0.070207	0.007455
2.511348	0.291574	0.42055	0.573575	0.294758	AUT	proton	pi+	0.0	0.008442	0.070207	0.007143000000000001
2.3601919999999996	0.230602	0.503013	0.573098	0.48729799999999995	AUT	proton	pi+	0.0	0.010108	0.070207	0.007382
2.694487	0.32154499999999997	0.406331	0.5720529999999999	0.470789	AUT	proton	pi+	0.0	0.02307	0.070207	0.00704
2.375343	0.22286	0.521915	0.57257	0.734835	AUT	proton	pi+	0.0	0.011728	0.070207	0.007415000000000001
2.263488	0.224725	0.49010200000000004	0.622373	0.23694	AUT	proton	pi+	0.0	0.008735	0.070207	0.0073739999999999995
2.533055	0.291223	0.42305299999999996	0.622775	0.22980799999999998	AUT	proton	pi+	0.0	0.008659	0.070207	0.007111
2.37727	0.239193	0.485717	0.621792	0.5479930000000001	AUT	proton	pi+	0.0	0.011774	0.070207	0.007314
2.309397	0.243344	0.46138999999999997	0.6713979999999999	0.29439499999999996	AUT	proton	pi+	0.0	0.008589	0.070207	0.007262
2.730579	0.30493600000000004	0.434192	0.669615	0.244329	AUT	proton	pi+	0.0	0.018413	0.070207	0.007028
3.289737	0.253965	0.6287050000000001	0.32405900000000004	0.12779400000000002	AUT	proton	pi+	0.0	0.013105	0.070207	0.0074
3.4652849999999997	0.297414	0.5653729999999999	0.324046	0.127078	AUT	proton	pi+	0.0	0.012334999999999999	0.070207	0.007245000000000001
3.429965	0.345036	0.482681	0.32406399999999996	0.126692	AUT	proton	pi+	0.0	0.010487	0.070207	0.007098
3.5485019999999996	0.406165	0.423767	0.324929	0.124602	AUT	proton	pi+	0.0	0.012098000000000001	0.070207	0.006919
3.2022939999999998	0.239914	0.647962	0.32381	0.300345	AUT	proton	pi+	0.0	0.010034999999999999	0.070207	0.007456
3.4125379999999996	0.27364299999999997	0.604409	0.324154	0.293688	AUT	proton	pi+	0.0	0.009706999999999999	0.070207	0.007326000000000001
3.479048	0.302856	0.557042	0.324189	0.290097	AUT	proton	pi+	0.0	0.009479000000000001	0.070207	0.007227
3.462785	0.34066	0.49318599999999996	0.324272	0.28728200000000004	AUT	proton	pi+	0.0	0.009333	0.070207	0.007109999999999999
3.523879	0.398468	0.429309	0.325255	0.28673200000000004	AUT	proton	pi+	0.0	0.010804000000000001	0.070207	0.006940999999999999
3.265543	0.243693	0.652518	0.324182	0.486613	AUT	proton	pi+	0.0	0.008777	0.070207	0.007441
3.4956949999999996	0.310525	0.5485680000000001	0.324352	0.48489799999999994	AUT	proton	pi+	0.0	0.008681	0.070207	0.007203
3.5189980000000003	0.394	0.43380100000000005	0.325115	0.485304	AUT	proton	pi+	0.0	0.016381	0.070207	0.006954000000000001
3.407058	0.290144	0.582579	0.325585	0.691966	AUT	proton	pi+	0.0	0.013118000000000001	0.070207	0.007276
3.3302099999999997	0.260471	0.6209279999999999	0.373892	0.12783699999999998	AUT	proton	pi+	0.0	0.011945	0.070207	0.007345
3.450388	0.316734	0.529453	0.373899	0.12726300000000001	AUT	proton	pi+	0.0	0.011479999999999999	0.070207	0.0071530000000000005
3.487566	0.388968	0.43577200000000005	0.373719	0.126351	AUT	proton	pi+	0.0	0.011154	0.070207	0.006938
3.239863	0.24662399999999998	0.637713	0.373893	0.298717	AUT	proton	pi+	0.0	0.010791	0.070207	0.007398999999999999
3.458561	0.285525	0.587376	0.374066	0.29373	AUT	proton	pi+	0.0	0.010485	0.070207	0.007254000000000001
3.4626050000000004	0.326339	0.515021	0.37419	0.290029	AUT	proton	pi+	0.0	0.010051000000000001	0.070207	0.007123
3.4923620000000004	0.39098	0.43411000000000005	0.374203	0.289223	AUT	proton	pi+	0.0	0.011313	0.070207	0.006931999999999999
3.307172	0.25242	0.638058	0.374165	0.48756400000000005	AUT	proton	pi+	0.0	0.010320000000000001	0.070207	0.007377
3.498364	0.344449	0.498841	0.374537	0.48310699999999995	AUT	proton	pi+	0.0	0.009496	0.070207	0.0070680000000000005
3.4022959999999998	0.28776	0.586183	0.37501	0.7103520000000001	AUT	proton	pi+	0.0	0.010512	0.070207	0.007254000000000001
3.3659559999999997	0.26992	0.606639	0.42373900000000003	0.128502	AUT	proton	pi+	0.0	0.010957	0.070207	0.007285
3.441615	0.350552	0.478871	0.423701	0.12753599999999998	AUT	proton	pi+	0.0	0.010838	0.070207	0.007024
3.648993	0.429299	0.41183800000000004	0.423471	0.12679200000000002	AUT	proton	pi+	0.0	0.026545	0.070207	0.006793
3.280359	0.25307199999999996	0.629415	0.423921	0.298185	AUT	proton	pi+	0.0	0.01128	0.070207	0.007347
3.4722150000000003	0.301168	0.5597880000000001	0.424015	0.29339499999999996	AUT	proton	pi+	0.0	0.01069	0.070207	0.007175
3.447167	0.364188	0.460553	0.424126	0.29142199999999996	AUT	proton	pi+	0.0	0.011265	0.070207	0.006983
3.6414760000000004	0.43106400000000006	0.40927600000000003	0.423992	0.292583	AUT	proton	pi+	0.0	0.030601	0.070207	0.0067870000000000005
3.340786	0.26077	0.6241369999999999	0.42418100000000003	0.488122	AUT	proton	pi+	0.0	0.012295	0.070207	0.007319
3.4915730000000003	0.35582800000000003	0.48047399999999996	0.424512	0.48291300000000004	AUT	proton	pi+	0.0	0.013621000000000001	0.070207	0.007006999999999999
3.3996160000000004	0.284519	0.591036	0.42453199999999996	0.725805	AUT	proton	pi+	0.0	0.009315	0.070207	0.007239
3.385543	0.282396	0.585336	0.47374099999999997	0.128775	AUT	proton	pi+	0.0	0.010598999999999999	0.070207	0.007215999999999999
3.4760720000000003	0.376722	0.449267	0.47361800000000004	0.128314	AUT	proton	pi+	0.0	0.013307	0.070207	0.006919
3.326769	0.260633	0.6201720000000001	0.47385299999999997	0.298107	AUT	proton	pi+	0.0	0.011247	0.070207	0.007293000000000001
3.459483	0.32416500000000004	0.51936	0.474017	0.293896	AUT	proton	pi+	0.0	0.010922	0.070207	0.007077
3.4978309999999997	0.399547	0.42494	0.474078	0.29480100000000004	AUT	proton	pi+	0.0	0.017246	0.070207	0.006852
3.3769199999999997	0.274991	0.60002	0.474156	0.48818100000000003	AUT	proton	pi+	0.0	0.013621000000000001	0.070207	0.007243
3.485925	0.376709	0.45058000000000004	0.47426499999999994	0.48109300000000005	AUT	proton	pi+	0.0	0.018121	0.070207	0.006919
3.4060230000000002	0.284558	0.589409	0.474221	0.7373149999999999	AUT	proton	pi+	0.0	0.01052	0.070207	0.0072109999999999995
3.4002839999999996	0.314135	0.533925	0.52278	0.12903900000000001	AUT	proton	pi+	0.0	0.010079000000000001	0.070207	0.007084999999999999
3.653223	0.429072	0.412546	0.5233939999999999	0.128922	AUT	proton	pi+	0.0	0.03659	0.070207	0.006736
3.3632440000000003	0.27979499999999996	0.5854	0.522112	0.297222	AUT	proton	pi+	0.0	0.011021	0.070207	0.007198
3.470543	0.37006300000000003	0.457545	0.523929	0.295848	AUT	proton	pi+	0.0	0.012722	0.070207	0.0069099999999999995
3.399919	0.30743000000000004	0.54608	0.5228	0.48658500000000005	AUT	proton	pi+	0.0	0.01369	0.070207	0.007108
3.733106	0.431512	0.41916899999999996	0.5201899999999999	0.453754	AUT	proton	pi+	0.0	0.084803	0.070207	0.00673
3.4111230000000003	0.290867	0.574563	0.522597	0.7373770000000001	AUT	proton	pi+	0.0	0.016395	0.070207	0.007161
3.343186	0.303738	0.535732	0.5719529999999999	0.23559899999999998	AUT	proton	pi+	0.0	0.010389	0.070207	0.007087
3.4859690000000003	0.382729	0.442662	0.573227	0.232475	AUT	proton	pi+	0.0	0.013078999999999999	0.070207	0.006842
3.39514	0.3161	0.525619	0.572006	0.555912	AUT	proton	pi+	0.0	0.01625	0.070207	0.0070480000000000004
3.3513940000000004	0.332665	0.490609	0.6217729999999999	0.298074	AUT	proton	pi+	0.0	0.01098	0.070207	0.006962
3.699225	0.410171	0.437039	0.618556	0.216479	AUT	proton	pi+	0.0	0.038405	0.070207	0.0067269999999999995
3.3234809999999997	0.336458	0.479408	0.668555	0.271074	AUT	proton	pi+	0.0	0.018387	0.070207	0.006917
4.277709	0.324348	0.639613	0.323993	0.125882	AUT	proton	pi+	0.0	0.020913	0.070207	0.007154000000000001
4.509822	0.36827600000000005	0.593859	0.324054	0.12657000000000002	AUT	proton	pi+	0.0	0.019263	0.070207	0.007023000000000001
4.515815	0.43593999999999994	0.504214	0.32393099999999997	0.12724100000000002	AUT	proton	pi+	0.0	0.014583	0.070207	0.006828
4.899128	0.5212140000000001	0.45535600000000004	0.323718	0.131072	AUT	proton	pi+	0.0	0.14952000000000001	0.070207	0.006576
4.244487	0.31840799999999997	0.64632	0.324192	0.291071	AUT	proton	pi+	0.0	0.017662999999999998	0.070207	0.0071719999999999996
4.475293	0.35445	0.611961	0.324283	0.289555	AUT	proton	pi+	0.0	0.015373	0.070207	0.007063
4.4983629999999994	0.393425	0.554647	0.324318	0.287867	AUT	proton	pi+	0.0	0.013713	0.070207	0.006951000000000001
4.533567	0.456453	0.482228	0.324208	0.290196	AUT	proton	pi+	0.0	0.014222	0.070207	0.006768000000000001
4.374542	0.344649	0.617264	0.324473	0.483004	AUT	proton	pi+	0.0	0.016009	0.070207	0.007093
4.507782	0.438464	0.500223	0.324382	0.483363	AUT	proton	pi+	0.0	0.016151	0.070207	0.0068200000000000005
4.421333	0.366287	0.591117	0.32501199999999997	0.70205	AUT	proton	pi+	0.0	0.018141	0.070207	0.007028
4.320735	0.331096	0.633133	0.373868	0.126745	AUT	proton	pi+	0.0	0.018963	0.070207	0.007102
4.522157	0.392567	0.559875	0.373854	0.127572	AUT	proton	pi+	0.0	0.017171000000000002	0.070207	0.00692
4.516732	0.46766199999999997	0.468398	0.373566	0.127824	AUT	proton	pi+	0.0	0.023661	0.070207	0.006703
4.2740599999999995	0.322747	0.642201	0.374179	0.292831	AUT	proton	pi+	0.0	0.018775	0.070207	0.007128
4.498037	0.365755	0.596384	0.374208	0.290716	AUT	proton	pi+	0.0	0.015829	0.070207	0.006998000000000001
4.503349	0.42663199999999996	0.5131819999999999	0.37417100000000003	0.29078699999999996	AUT	proton	pi+	0.0	0.013791999999999999	0.070207	0.006822
4.675487	0.495831	0.456838	0.37403000000000003	0.295754	AUT	proton	pi+	0.0	0.038546	0.070207	0.006618000000000001
4.3885510000000005	0.348923	0.6123310000000001	0.374515	0.48278999999999994	AUT	proton	pi+	0.0	0.020411000000000002	0.070207	0.0070480000000000004
4.515884	0.44710500000000003	0.490907	0.374492	0.48239499999999996	AUT	proton	pi+	0.0	0.0191	0.070207	0.006762000000000001
4.416358	0.365664	0.591303	0.374743	0.717498	AUT	proton	pi+	0.0	0.01555	0.070207	0.006998000000000001
4.364448	0.34018699999999996	0.623007	0.423779	0.127754	AUT	proton	pi+	0.0	0.017543	0.070207	0.007047
4.52719	0.42312	0.521575	0.42371800000000004	0.12853299999999998	AUT	proton	pi+	0.0	0.017331	0.070207	0.006802
4.308916	0.328303	0.636675	0.42405200000000004	0.293998	AUT	proton	pi+	0.0	0.019101	0.070207	0.007083
4.507766999999999	0.382515	0.572137	0.424091	0.292059	AUT	proton	pi+	0.0	0.015397999999999998	0.070207	0.006920999999999999
4.536702	0.454426	0.48481499999999994	0.424018	0.294584	AUT	proton	pi+	0.0	0.018631	0.070207	0.006711
4.403029	0.35735700000000004	0.6014010000000001	0.4245	0.48382700000000006	AUT	proton	pi+	0.0	0.020311000000000003	0.070207	0.006995
4.541199	0.46364399999999995	0.47518699999999997	0.424372	0.481942	AUT	proton	pi+	0.0	0.026838	0.070207	0.006684000000000001
4.412125	0.36298	0.594572	0.42457	0.726617	AUT	proton	pi+	0.0	0.016368	0.070207	0.006978
4.409528	0.355149	0.604668	0.473708	0.128254	AUT	proton	pi+	0.0	0.016045	0.070207	0.006973999999999999
4.523402	0.45088999999999996	0.48729399999999995	0.47357200000000005	0.12985	AUT	proton	pi+	0.0	0.025633999999999997	0.070207	0.006692
4.347153	0.335171	0.629529	0.47402299999999997	0.295288	AUT	proton	pi+	0.0	0.018483000000000003	0.070207	0.007034
4.5225290000000005	0.4173	0.528772	0.47398999999999997	0.295123	AUT	proton	pi+	0.0	0.014213	0.070207	0.006789
4.937042	0.524991	0.455579	0.473609	0.304196	AUT	proton	pi+	0.0	0.328387	0.070207	0.0064670000000000005
4.416708	0.367421	0.5891149999999999	0.47443599999999997	0.484968	AUT	proton	pi+	0.0	0.018712	0.070207	0.006936
4.635545	0.485591	0.462552	0.47333100000000006	0.47093900000000005	AUT	proton	pi+	0.0	0.049519	0.070207	0.006589
4.413372	0.360033	0.5990880000000001	0.47439799999999993	0.7299680000000001	AUT	proton	pi+	0.0	0.023049	0.070207	0.006959
4.3214559999999995	0.340035	0.616717	0.520633	0.23228200000000002	AUT	proton	pi+	0.0	0.016853	0.070207	0.006992
4.516011	0.405507	0.5414869999999999	0.523781	0.23421199999999998	AUT	proton	pi+	0.0	0.014232	0.070207	0.006795000000000001
4.572381	0.479681	0.46194399999999997	0.523516	0.244286	AUT	proton	pi+	0.0	0.028584	0.070207	0.006576
4.415799	0.373841	0.5778300000000001	0.522312	0.535439	AUT	proton	pi+	0.0	0.018593000000000002	0.070207	0.006889
4.7463809999999995	0.490088	0.469239	0.519683	0.452696	AUT	proton	pi+	0.0	0.09311699999999999	0.070207	0.0065450000000000005
4.406375	0.39677399999999996	0.5413789999999999	0.571595	0.236727	AUT	proton	pi+	0.0	0.014097	0.070207	0.006789
4.68196	0.490438	0.46251899999999996	0.570317	0.225611	AUT	proton	pi+	0.0	0.055709	0.070207	0.006509999999999999
4.404819	0.39045599999999997	0.549144	0.571106	0.539438	AUT	proton	pi+	0.0	0.024449000000000002	0.070207	0.006808
4.384437	0.41025600000000007	0.519038	0.619343	0.30583699999999997	AUT	proton	pi+	0.0	0.01781	0.070207	0.006716
5.335666000000001	0.41378000000000004	0.62595	0.323824	0.12690099999999999	AUT	proton	pi+	0.0	0.022083000000000002	0.070207	0.006887000000000001
5.537478	0.492605	0.5461189999999999	0.323829	0.126697	AUT	proton	pi+	0.0	0.025152	0.070207	0.006657
5.306197	0.402557	0.639302	0.324151	0.290771	AUT	proton	pi+	0.0	0.017063	0.070207	0.00692
5.510685	0.46950200000000003	0.5701189999999999	0.324384	0.28722600000000004	AUT	proton	pi+	0.0	0.016383	0.070207	0.006725
5.6111379999999995	0.53865	0.504699	0.324412	0.28877600000000003	AUT	proton	pi+	0.0	0.041425	0.070207	0.006520000000000001
5.410927	0.43671400000000005	0.604513	0.324588	0.53064	AUT	proton	pi+	0.0	0.014015000000000001	0.070207	0.006818
5.658951	0.545285	0.5027550000000001	0.324554	0.48894399999999993	AUT	proton	pi+	0.0	0.073646	0.070207	0.0065
5.373636	0.42673500000000003	0.6122569999999999	0.373753	0.127687	AUT	proton	pi+	0.0	0.021246	0.070207	0.006816
5.565571	0.5130680000000001	0.5261779999999999	0.373654	0.128127	AUT	proton	pi+	0.0	0.038288	0.070207	0.006562
5.3384339999999995	0.410467	0.631185	0.374085	0.292311	AUT	proton	pi+	0.0	0.017922999999999998	0.070207	0.006864
5.530241999999999	0.49048800000000004	0.547986	0.374214	0.28983000000000003	AUT	proton	pi+	0.0	0.019399	0.070207	0.006628
5.419064	0.43919600000000003	0.602617	0.374659	0.542663	AUT	proton	pi+	0.0	0.01619	0.070207	0.006776999999999999
5.943919999999999	0.571802	0.503588	0.375269	0.465351	AUT	proton	pi+	0.0	0.543121	0.070207	0.006382
5.283739	0.402204	0.637162	0.42384700000000003	0.229068	AUT	proton	pi+	0.0	0.019599000000000002	0.070207	0.0068579999999999995
5.4928669999999995	0.460162	0.579144	0.423912	0.22478800000000002	AUT	proton	pi+	0.0	0.018496000000000002	0.070207	0.0066879999999999995
5.571503	0.522993	0.516469	0.42379300000000003	0.23094099999999998	AUT	proton	pi+	0.0	0.029210000000000003	0.070207	0.0065
5.418554	0.439551	0.60207	0.424408	0.544254	AUT	proton	pi+	0.0	0.019552	0.070207	0.006745
5.325034	0.411401	0.628195	0.473836	0.231708	AUT	proton	pi+	0.0	0.019122999999999998	0.070207	0.006802
5.529926000000001	0.489224	0.54929	0.473837	0.231985	AUT	proton	pi+	0.0	0.019777	0.070207	0.00657
5.417321	0.438325	0.603384	0.47440299999999996	0.545566	AUT	proton	pi+	0.0	0.022296	0.070207	0.006719
5.384426	0.436771	0.599461	0.521982	0.233954	AUT	proton	pi+	0.0	0.018115	0.070207	0.006696
5.57376	0.522055	0.517604	0.523514	0.240792	AUT	proton	pi+	0.0	0.036578	0.070207	0.006439
5.413907	0.44186899999999996	0.596999	0.521898	0.541866	AUT	proton	pi+	0.0	0.028058	0.070207	0.006679000000000001
5.4081339999999996	0.468747	0.5607260000000001	0.570113	0.31145500000000004	AUT	proton	pi+	0.0	0.020547	0.070207	0.006567
6.3460339999999995	0.492608	0.625178	0.323927	0.224602	AUT	proton	pi+	0.0	0.017269999999999997	0.070207	0.006654
6.787853	0.568559	0.5785170000000001	0.323938	0.217968	AUT	proton	pi+	0.0	0.019226	0.070207	0.006426
6.571085000000001	0.521188	0.613047	0.324567	0.522655	AUT	proton	pi+	0.0	0.021028	0.070207	0.006566
6.393167	0.504419	0.615528	0.373842	0.227629	AUT	proton	pi+	0.0	0.017993000000000002	0.070207	0.0065829999999999994
6.883375999999999	0.581974	0.572872	0.37380599999999997	0.22296100000000002	AUT	proton	pi+	0.0	0.027999	0.070207	0.0063490000000000005
6.563521000000001	0.519987	0.613816	0.37454	0.526297	AUT	proton	pi+	0.0	0.029539	0.070207	0.006534000000000001
6.488358	0.523126	0.6030800000000001	0.42374399999999995	0.23031	AUT	proton	pi+	0.0	0.018005	0.070207	0.0064930000000000005
7.417505	0.615089	0.584128	0.423746	0.224586	AUT	proton	pi+	0.0	0.081264	0.070207	0.006213000000000001
6.549231	0.519392	0.6131840000000001	0.42418900000000004	0.529001	AUT	proton	pi+	0.0	0.039684	0.070207	0.006503
6.496094	0.522517	0.604526	0.47384899999999996	0.297795	AUT	proton	pi+	0.0	0.018484	0.070207	0.006462000000000001
7.467486999999999	0.617201	0.586067	0.473326	0.26424000000000003	AUT	proton	pi+	0.0	0.09925199999999999	0.070207	0.006173
6.501062	0.526405	0.600053	0.5219020000000001	0.315273	AUT	proton	pi+	0.0	0.021877	0.070207	0.006418000000000001
6.4216169999999995	0.539177	0.577573	0.567808	0.27589600000000003	AUT	proton	pi+	0.0	0.037391	0.070207	0.006347
1.181159	0.121699	0.593057	0.324339	0.133486	AUT	proton	pi+	0.0	0.010017	0.070207	0.011444
1.545614	0.176715	0.531027	0.326441	0.130078	AUT	proton	pi+	0.0	0.007644	0.070207	0.010994
1.867629	0.236125	0.479646	0.331201	0.127338	AUT	proton	pi+	0.0	0.018198	0.070207	0.010579999999999999
1.143908	0.098965	0.7046479999999999	0.323709	0.307248	AUT	proton	pi+	0.0	0.006706	0.070207	0.011642
1.281056	0.125666	0.6181760000000001	0.32421500000000003	0.300101	AUT	proton	pi+	0.0	0.005618	0.070207	0.011412
1.457629	0.15248499999999998	0.579435	0.325183	0.297075	AUT	proton	pi+	0.0	0.005033	0.070207	0.011184999999999999
1.7040549999999999	0.195734	0.529971	0.32692899999999997	0.290794	AUT	proton	pi+	0.0	0.004609	0.070207	0.010851999999999999
1.188417	0.09992000000000001	0.726028	0.32469699999999996	0.486045	AUT	proton	pi+	0.0	0.00633	0.070207	0.011634
1.4087450000000001	0.13801	0.62017	0.325245	0.484425	AUT	proton	pi+	0.0	0.00595	0.070207	0.011304999999999999
1.682041	0.189854	0.539859	0.327073	0.484101	AUT	proton	pi+	0.0	0.009577	0.070207	0.010895
1.369847	0.135664	0.634881	0.32817199999999996	0.659499	AUT	proton	pi+	0.0	0.011795	0.070207	0.011325
1.1971129999999999	0.130913	0.559937	0.37408600000000003	0.130922	AUT	proton	pi+	0.0	0.010087	0.070207	0.011331
1.5216129999999999	0.18848	0.49014300000000005	0.375349	0.12778299999999998	AUT	proton	pi+	0.0	0.007631999999999999	0.070207	0.010869
1.8066740000000001	0.25075	0.437366	0.377632	0.12632000000000002	AUT	proton	pi+	0.0	0.012726000000000001	0.070207	0.010463
1.158707	0.10564200000000001	0.6696979999999999	0.373828	0.306321	AUT	proton	pi+	0.0	0.006503	0.070207	0.011554
1.3198860000000001	0.138627	0.577719	0.374148	0.29704400000000003	AUT	proton	pi+	0.0	0.005711	0.070207	0.011266
1.505829	0.172746	0.528698	0.374768	0.292199	AUT	proton	pi+	0.0	0.0050490000000000005	0.070207	0.010985
1.720645	0.224196	0.46756099999999995	0.376359	0.286582	AUT	proton	pi+	0.0	0.005776	0.070207	0.010625
1.20471	0.103869	0.7088720000000001	0.374175	0.491816	AUT	proton	pi+	0.0	0.005672	0.070207	0.01157
1.430396	0.148892	0.585098	0.374573	0.489357	AUT	proton	pi+	0.0	0.00534	0.070207	0.011178
1.6726849999999998	0.210921	0.48419300000000004	0.37600500000000003	0.48932	AUT	proton	pi+	0.0	0.009361	0.070207	0.010713
1.3739700000000001	0.141738	0.6157229999999999	0.37652800000000003	0.676367	AUT	proton	pi+	0.0	0.008851999999999999	0.070207	0.011244
1.212497	0.137907	0.5391130000000001	0.423915	0.12988	AUT	proton	pi+	0.0	0.010218999999999999	0.070207	0.011245
1.5346959999999998	0.204413	0.456925	0.42463900000000004	0.126473	AUT	proton	pi+	0.0	0.00758	0.070207	0.010727
1.834919	0.275127	0.404127	0.42393100000000006	0.126252	AUT	proton	pi+	0.0	0.020031999999999998	0.070207	0.010301000000000001
1.174376	0.11271700000000001	0.6369819999999999	0.423792	0.30477	AUT	proton	pi+	0.0	0.006856	0.070207	0.011467
1.366878	0.153221	0.541687	0.424166	0.294813	AUT	proton	pi+	0.0	0.005927	0.070207	0.011114
1.567616	0.200007	0.476655	0.42474300000000004	0.28886999999999996	AUT	proton	pi+	0.0	0.005411	0.070207	0.010754000000000001
1.774894	0.259813	0.414347	0.424573	0.287889	AUT	proton	pi+	0.0	0.010833	0.070207	0.010383
1.21898	0.10831700000000001	0.688878	0.424063	0.495144	AUT	proton	pi+	0.0	0.005312	0.070207	0.011507
1.472796	0.164933	0.546255	0.42431899999999995	0.491331	AUT	proton	pi+	0.0	0.005149	0.070207	0.011019
1.694922	0.237961	0.433051	0.42452399999999996	0.48957	AUT	proton	pi+	0.0	0.01236	0.070207	0.01051
1.346855	0.136234	0.6230640000000001	0.4254	0.695821	AUT	proton	pi+	0.0	0.007305	0.070207	0.011261
1.774375	0.23744899999999997	0.453375	0.424314	0.6660699999999999	AUT	proton	pi+	0.0	0.037691	0.070207	0.010509000000000001
1.246975	0.148009	0.517828	0.47395600000000004	0.12883499999999998	AUT	proton	pi+	0.0	0.00958	0.070207	0.011136
1.596133	0.221494	0.438593	0.473966	0.126701	AUT	proton	pi+	0.0	0.009032	0.070207	0.010586
1.189465	0.119276	0.610294	0.473892	0.304322	AUT	proton	pi+	0.0	0.0074659999999999995	0.070207	0.011387000000000001
1.411969	0.168234	0.510125	0.474224	0.293879	AUT	proton	pi+	0.0	0.006085	0.070207	0.010966
1.6471669999999998	0.227368	0.44117700000000004	0.474249	0.28980100000000003	AUT	proton	pi+	0.0	0.006997	0.070207	0.010546999999999999
1.249773	0.11671400000000001	0.6575880000000001	0.47398199999999996	0.495258	AUT	proton	pi+	0.0	0.00513	0.070207	0.01141
1.5527819999999999	0.19134600000000002	0.49949499999999997	0.47416099999999994	0.488624	AUT	proton	pi+	0.0	0.005974	0.070207	0.010796
1.330342	0.131145	0.6344890000000001	0.474783	0.713817	AUT	proton	pi+	0.0	0.006459	0.070207	0.011281
1.7335479999999999	0.219327	0.47997399999999996	0.47362299999999996	0.683843	AUT	proton	pi+	0.0	0.024427	0.070207	0.010592
1.294197	0.159407	0.49992600000000004	0.523938	0.128609	AUT	proton	pi+	0.0	0.009029	0.070207	0.011017
1.668626	0.238065	0.425677	0.523983	0.127813	AUT	proton	pi+	0.0	0.012822	0.070207	0.010449
1.218223	0.12844	0.581696	0.5239020000000001	0.303086	AUT	proton	pi+	0.0	0.0074459999999999995	0.070207	0.011281999999999999
1.502947	0.19325	0.47387399999999996	0.524231	0.292637	AUT	proton	pi+	0.0	0.0062380000000000005	0.070207	0.010748
1.7789869999999999	0.262441	0.410992	0.5242180000000001	0.29196300000000003	AUT	proton	pi+	0.0	0.016265	0.070207	0.010306000000000001
1.286905	0.128114	0.619013	0.523976	0.49323900000000004	AUT	proton	pi+	0.0	0.005536999999999999	0.070207	0.011284
1.619384	0.20633	0.47962	0.524031	0.48272299999999996	AUT	proton	pi+	0.0	0.01	0.070207	0.010655
1.358817	0.136413	0.621873	0.52417	0.728884	AUT	proton	pi+	0.0	0.005886	0.070207	0.011212
1.373437	0.177074	0.48050200000000004	0.573929	0.129101	AUT	proton	pi+	0.0	0.008347	0.070207	0.010851999999999999
1.9042189999999999	0.290773	0.39664499999999997	0.573492	0.1281	AUT	proton	pi+	0.0	0.055647	0.070207	0.01012
1.244491	0.137438	0.556373	0.573891	0.301571	AUT	proton	pi+	0.0	0.007704000000000001	0.070207	0.011174
1.575926	0.211206	0.454981	0.57371	0.291106	AUT	proton	pi+	0.0	0.007645999999999999	0.070207	0.01059
1.342357	0.142927	0.580886	0.573797	0.490655	AUT	proton	pi+	0.0	0.006518	0.070207	0.011125
1.7463419999999998	0.231116	0.45863999999999994	0.572779	0.474896	AUT	proton	pi+	0.0	0.025979000000000002	0.070207	0.010451
1.354811	0.136291	0.613029	0.5733729999999999	0.736869	AUT	proton	pi+	0.0	0.00624	0.070207	0.011183
1.206472	0.136325	0.5417069999999999	0.623747	0.245429	AUT	proton	pi+	0.0	0.008417000000000001	0.070207	0.011151000000000001
1.543935	0.201745	0.465697	0.622899	0.2226	AUT	proton	pi+	0.0	0.007126	0.070207	0.010616
1.335824	0.141855	0.577108	0.623208	0.550683	AUT	proton	pi+	0.0	0.0067659999999999994	0.070207	0.011099
1.788024	0.218964	0.49552799999999997	0.621677	0.495303	AUT	proton	pi+	0.0	0.038143	0.070207	0.010484
1.2878	0.151221	0.52036	0.67286	0.23766900000000002	AUT	proton	pi+	0.0	0.007948	0.070207	0.01098
1.7297189999999998	0.21711799999999998	0.483328	0.670694	0.21521700000000002	AUT	proton	pi+	0.0	0.014699	0.070207	0.010454999999999999
1.349301	0.14508900000000002	0.56702	0.6714859999999999	0.5445939999999999	AUT	proton	pi+	0.0	0.009635	0.070207	0.011033
2.197978	0.22594899999999998	0.594498	0.323937	0.250881	AUT	proton	pi+	0.0	0.005808	0.070207	0.010645
2.5112490000000003	0.289056	0.526716	0.326441	0.22066	AUT	proton	pi+	0.0	0.006159	0.070207	0.010295
2.8083240000000003	0.351923	0.48378000000000004	0.330311	0.220813	AUT	proton	pi+	0.0	0.014331	0.070207	0.010008
2.368204	0.24928000000000003	0.5908760000000001	0.32603699999999997	0.515385	AUT	proton	pi+	0.0	0.008537000000000001	0.070207	0.01052
2.223177	0.237576	0.5713600000000001	0.37389	0.241771	AUT	proton	pi+	0.0	0.006114	0.070207	0.010535
2.4803290000000002	0.305687	0.492482	0.374679	0.215759	AUT	proton	pi+	0.0	0.006690000000000001	0.070207	0.010177
2.7877009999999998	0.368752	0.45790600000000004	0.374208	0.220065	AUT	proton	pi+	0.0	0.018508	0.070207	0.009902
2.357618	0.25543000000000005	0.575821	0.374721	0.533188	AUT	proton	pi+	0.0	0.0073409999999999994	0.070207	0.010447
2.253216	0.247996	0.55462	0.423892	0.235683	AUT	proton	pi+	0.0	0.006638	0.070207	0.010440999999999999
2.531303	0.320826	0.478846	0.424041	0.21923299999999998	AUT	proton	pi+	0.0	0.00837	0.070207	0.010073
2.3497310000000002	0.254751	0.574454	0.424404	0.547744	AUT	proton	pi+	0.0	0.006765	0.070207	0.010415
2.299636	0.261581	0.5372939999999999	0.473934	0.23245	AUT	proton	pi+	0.0	0.006924	0.070207	0.010334000000000001
2.599575	0.336808	0.467796	0.47396000000000005	0.224404	AUT	proton	pi+	0.0	0.012565	0.070207	0.009967
2.34832	0.25345300000000004	0.576023	0.474333	0.559053	AUT	proton	pi+	0.0	0.0071790000000000005	0.070207	0.010388
2.3594619999999997	0.277506	0.521119	0.523931	0.23287600000000003	AUT	proton	pi+	0.0	0.007081999999999999	0.070207	0.010218000000000001
2.836525	0.377109	0.45554799999999995	0.5237729999999999	0.23766500000000002	AUT	proton	pi+	0.0	0.038939	0.070207	0.009755
2.344538	0.252197	0.575212	0.524003	0.562383	AUT	proton	pi+	0.0	0.008572	0.070207	0.010358
2.3418189999999997	0.267955	0.535473	0.573723	0.30398600000000003	AUT	proton	pi+	0.0	0.00722	0.070207	0.010228000000000001
2.754359	0.357277	0.46705	0.571943	0.24447	AUT	proton	pi+	0.0	0.025885000000000002	0.070207	0.009798999999999999
2.359795	0.264024	0.5467529999999999	0.622787	0.333804	AUT	proton	pi+	0.0	0.007989	0.070207	0.010204000000000001
2.354457	0.257388	0.556277	0.6715840000000001	0.301926	AUT	proton	pi+	0.0	0.011242	0.070207	0.010191
3.343173	0.36759899999999995	0.5522	0.324738	0.21111300000000002	AUT	proton	pi+	0.0	0.010501	0.070207	0.009943
3.7242319999999998	0.43526099999999995	0.5182720000000001	0.325098	0.208067	AUT	proton	pi+	0.0	0.024087	0.070207	0.009664
3.376935	0.37442800000000004	0.5483180000000001	0.32468800000000003	0.5281819999999999	AUT	proton	pi+	0.0	0.01911	0.070207	0.009914
3.3216769999999998	0.366059	0.551064	0.374155	0.266262	AUT	proton	pi+	0.0	0.010397	0.070207	0.009906
3.67995	0.431055	0.51708	0.374105	0.26287699999999997	AUT	proton	pi+	0.0	0.020666999999999998	0.070207	0.009636
3.385099	0.377431	0.545176	0.424129	0.271339	AUT	proton	pi+	0.0	0.010892	0.070207	0.009819
3.895166	0.46195699999999995	0.510609	0.423997	0.26047800000000004	AUT	proton	pi+	0.0	0.088003	0.070207	0.009466
3.3876800000000005	0.376852	0.546479	0.47401000000000004	0.29939299999999996	AUT	proton	pi+	0.0	0.011687000000000001	0.070207	0.009783
3.3878559999999998	0.375798	0.547936	0.523778	0.298234	AUT	proton	pi+	0.0	0.013565	0.070207	0.009748
3.381508	0.371965	0.552259	0.57324	0.288111	AUT	proton	pi+	0.0	0.016571000000000002	0.070207	0.00972
3.3636550000000005	0.362875	0.5623630000000001	0.6223529999999999	0.26927199999999996	AUT	proton	pi+	0.0	0.02186	0.070207	0.009712
4.319309	0.46201899999999996	0.566627	0.324181	0.262563	AUT	proton	pi+	0.0	0.015585	0.070207	0.009548000000000001
4.31674	0.46196400000000004	0.566357	0.374132	0.270081	AUT	proton	pi+	0.0	0.018937	0.070207	0.009501
4.314737999999999	0.461506	0.5666720000000001	0.423929	0.278005	AUT	proton	pi+	0.0	0.023278999999999998	0.070207	0.009461
4.3086269999999995	0.46075299999999997	0.566814	0.473754	0.27937199999999995	AUT	proton	pi+	0.0	0.027152	0.070207	0.009423
4.300841	0.459279	0.567587	0.523521	0.270816	AUT	proton	pi+	0.0	0.032754000000000005	0.070207	0.009386
