Q2	x	y	z	pT	obs	target	hadron	value	stat	systrel	systabs
1.186655	0.093165	0.6186550000000001	0.322022	0.161796	AUT	neutron	pi-	0.0	0.00242	0.070207	0.0009880000000000002
1.369052	0.11349200000000001	0.58468	0.322711	0.149804	AUT	neutron	pi-	0.0	0.001955	0.070207	0.00099
1.4846540000000001	0.12803499999999998	0.561956	0.32301599999999997	0.142956	AUT	neutron	pi-	0.0	0.001871	0.070207	0.0009939999999999999
1.5612979999999999	0.140599	0.538135	0.32329600000000003	0.136224	AUT	neutron	pi-	0.0	0.001907	0.070207	0.000999
1.618326	0.152886	0.5129779999999999	0.323446	0.129724	AUT	neutron	pi-	0.0	0.0019879999999999997	0.070207	0.001005
1.667098	0.166256	0.485976	0.3236	0.123481	AUT	neutron	pi-	0.0	0.002062	0.070207	0.0010119999999999999
1.7104549999999998	0.181838	0.45595	0.323753	0.116819	AUT	neutron	pi-	0.0	0.002278	0.070207	0.001021
1.751368	0.20233299999999999	0.41974799999999995	0.32397600000000004	0.111213	AUT	neutron	pi-	0.0	0.0024100000000000002	0.070207	0.001034
1.828318	0.236621	0.37543000000000004	0.327165	0.11437699999999999	AUT	neutron	pi-	0.0	0.002364	0.070207	0.0010550000000000002
1.073395	0.06619900000000001	0.787048	0.321423	0.336341	AUT	neutron	pi-	0.0	0.002098	0.070207	0.000989
1.123517	0.074543	0.730433	0.322297	0.321912	AUT	neutron	pi-	0.0	0.001864	0.070207	0.000989
1.157814	0.08007	0.7006399999999999	0.32265	0.316724	AUT	neutron	pi-	0.0	0.0018969999999999998	0.070207	0.000989
1.189473	0.084617	0.681056	0.322857	0.313248	AUT	neutron	pi-	0.0	0.0018559999999999998	0.070207	0.000989
1.233068	0.088909	0.671914	0.322983	0.31099	AUT	neutron	pi-	0.0	0.0018809999999999999	0.070207	0.000989
1.275436	0.093157	0.663309	0.32308400000000004	0.308874	AUT	neutron	pi-	0.0	0.001853	0.070207	0.000989
1.317733	0.097347	0.655801	0.32319899999999996	0.30706300000000003	AUT	neutron	pi-	0.0	0.001918	0.070207	0.000989
1.359078	0.10159	0.648126	0.323254	0.305123	AUT	neutron	pi-	0.0	0.001877	0.070207	0.00099
1.40232	0.10599000000000001	0.640985	0.323321	0.30349899999999996	AUT	neutron	pi-	0.0	0.0019210000000000002	0.070207	0.00099
1.443682	0.11044200000000001	0.6332899999999999	0.323407	0.301797	AUT	neutron	pi-	0.0	0.001963	0.070207	0.000991
1.48668	0.11498299999999999	0.626395	0.32348499999999997	0.300307	AUT	neutron	pi-	0.0	0.0020050000000000003	0.070207	0.000992
1.5320049999999998	0.11978499999999999	0.6196189999999999	0.323563	0.299089	AUT	neutron	pi-	0.0	0.002003	0.070207	0.000993
1.576274	0.124774	0.612034	0.323633	0.297749	AUT	neutron	pi-	0.0	0.0021100000000000003	0.070207	0.000995
1.6109	0.130052	0.600124	0.323736	0.296238	AUT	neutron	pi-	0.0	0.002154	0.070207	0.0009960000000000001
1.635977	0.135877	0.583346	0.323829	0.294311	AUT	neutron	pi-	0.0	0.002355	0.070207	0.000998
1.6592689999999999	0.142396	0.564585	0.323935	0.291891	AUT	neutron	pi-	0.0	0.002647	0.070207	0.001001
1.681434	0.150508	0.541357	0.324023	0.289829	AUT	neutron	pi-	0.0	0.003072	0.070207	0.001004
1.699211	0.161158	0.510999	0.324019	0.28892199999999996	AUT	neutron	pi-	0.0	0.004419	0.070207	0.00101
1.7177779999999998	0.175702	0.473976	0.32404299999999997	0.289903	AUT	neutron	pi-	0.0	0.007166	0.070207	0.001018
1.745985	0.19802899999999998	0.427746	0.32404299999999997	0.29187399999999997	AUT	neutron	pi-	0.0	0.006666	0.070207	0.001031
1.8255599999999998	0.236116	0.375808	0.327376	0.292027	AUT	neutron	pi-	0.0	0.006490999999999999	0.070207	0.0010550000000000002
1.05595	0.062067	0.825047	0.32261799999999996	0.5007229999999999	AUT	neutron	pi-	0.0	0.00195	0.070207	0.000989
1.105998	0.068703	0.780088	0.323293	0.49578999999999995	AUT	neutron	pi-	0.0	0.001968	0.070207	0.00099
1.14568	0.073736	0.752844	0.32360900000000004	0.49205600000000005	AUT	neutron	pi-	0.0	0.001967	0.070207	0.00099
1.1853639999999999	0.078458	0.73202	0.323785	0.490083	AUT	neutron	pi-	0.0	0.001995	0.070207	0.000989
1.223183	0.082996	0.71404	0.323876	0.48909300000000006	AUT	neutron	pi-	0.0	0.002094	0.070207	0.000989
1.269801	0.087578	0.702455	0.323898	0.48847799999999997	AUT	neutron	pi-	0.0	0.002082	0.070207	0.000989
1.3214219999999999	0.092476	0.692295	0.323991	0.487878	AUT	neutron	pi-	0.0	0.002146	0.070207	0.000989
1.3740370000000002	0.097711	0.681297	0.324006	0.48732200000000003	AUT	neutron	pi-	0.0	0.002151	0.070207	0.00099
1.430517	0.1035	0.669636	0.323997	0.48707	AUT	neutron	pi-	0.0	0.002173	0.070207	0.00099
1.4896340000000001	0.109885	0.656806	0.324047	0.48691999999999996	AUT	neutron	pi-	0.0	0.002216	0.070207	0.000991
1.551099	0.116977	0.6424489999999999	0.32406399999999996	0.48672200000000004	AUT	neutron	pi-	0.0	0.0022670000000000004	0.070207	0.000993
1.610816	0.124839	0.625215	0.324073	0.486936	AUT	neutron	pi-	0.0	0.0023079999999999997	0.070207	0.000995
1.6383299999999998	0.13428900000000002	0.591328	0.323996	0.48800299999999996	AUT	neutron	pi-	0.0	0.002268	0.070207	0.000998
1.6571060000000002	0.147456	0.544867	0.323875	0.489854	AUT	neutron	pi-	0.0	0.0021739999999999997	0.070207	0.001003
1.6878669999999998	0.16733499999999998	0.48940600000000006	0.323811	0.491065	AUT	neutron	pi-	0.0	0.002309	0.070207	0.001013
1.749025	0.20313	0.418905	0.324304	0.49171800000000004	AUT	neutron	pi-	0.0	0.003512	0.070207	0.001034
1.8640759999999998	0.251793	0.359248	0.329762	0.49310699999999996	AUT	neutron	pi-	0.0	0.015036	0.070207	0.001064
1.10754	0.06731799999999999	0.799439	0.325811	0.668143	AUT	neutron	pi-	0.0	0.001898	0.070207	0.000989
1.25914	0.084232	0.725074	0.326301	0.666085	AUT	neutron	pi-	0.0	0.001913	0.070207	0.000989
1.4542899999999999	0.103958	0.678557	0.326376	0.664981	AUT	neutron	pi-	0.0	0.002059	0.070207	0.000991
1.668007	0.134487	0.604536	0.326832	0.661453	AUT	neutron	pi-	0.0	0.00285	0.070207	0.000998
1.7881169999999997	0.19076400000000002	0.45977399999999996	0.329633	0.644667	AUT	neutron	pi-	0.0	0.022244999999999997	0.070207	0.001026
1.26274	0.104045	0.589838	0.372456	0.155897	AUT	neutron	pi-	0.0	0.002137	0.070207	0.00098
1.483471	0.130656	0.550474	0.373042	0.141209	AUT	neutron	pi-	0.0	0.0018679999999999999	0.070207	0.000984
1.592699	0.149578	0.516212	0.373375	0.132097	AUT	neutron	pi-	0.0	0.0019199999999999998	0.070207	0.000991
1.665627	0.16864500000000002	0.47885900000000003	0.373616	0.124144	AUT	neutron	pi-	0.0	0.002018	0.070207	0.001
1.728009	0.191832	0.436943	0.373737	0.116851	AUT	neutron	pi-	0.0	0.002182	0.070207	0.001013
1.7860200000000002	0.23019699999999998	0.37743000000000004	0.373763	0.117751	AUT	neutron	pi-	0.0	0.002069	0.070207	0.001035
1.870683	0.279571	0.324362	0.374593	0.136666	AUT	neutron	pi-	0.0	0.007534000000000001	0.070207	0.0010630000000000001
1.0946049999999998	0.073752	0.720795	0.37035999999999997	0.32785	AUT	neutron	pi-	0.0	0.0019850000000000002	0.070207	0.000984
1.16257	0.084256	0.668646	0.372126	0.31709	AUT	neutron	pi-	0.0	0.001857	0.070207	0.000982
1.234645	0.09164299999999999	0.652744	0.372492	0.313585	AUT	neutron	pi-	0.0	0.001853	0.070207	0.000981
1.3016379999999999	0.09831000000000001	0.641471	0.37273	0.310718	AUT	neutron	pi-	0.0	0.0018960000000000001	0.070207	0.000981
1.3648049999999998	0.104745	0.6312760000000001	0.37296	0.308164	AUT	neutron	pi-	0.0	0.001889	0.070207	0.000981
1.428193	0.11138699999999999	0.621208	0.373165	0.30548800000000004	AUT	neutron	pi-	0.0	0.0018739999999999998	0.070207	0.000982
1.491763	0.11813299999999999	0.6118	0.37334	0.303184	AUT	neutron	pi-	0.0	0.0019399999999999999	0.070207	0.000983
1.552401	0.12496800000000001	0.601851	0.373458	0.30101300000000003	AUT	neutron	pi-	0.0	0.001994	0.070207	0.000985
1.599592	0.132367	0.585534	0.373632	0.29853	AUT	neutron	pi-	0.0	0.002045	0.070207	0.000986
1.639484	0.140854	0.564006	0.373797	0.295722	AUT	neutron	pi-	0.0	0.002231	0.070207	0.000989
1.676161	0.151027	0.537858	0.373917	0.292485	AUT	neutron	pi-	0.0	0.002641	0.070207	0.000993
1.7049	0.164854	0.501378	0.37407399999999996	0.28958	AUT	neutron	pi-	0.0	0.003856	0.070207	0.000999
1.732028	0.187089	0.449284	0.37402399999999997	0.290659	AUT	neutron	pi-	0.0	0.007529000000000001	0.070207	0.00101
1.786662	0.23273200000000002	0.374279	0.374194	0.291325	AUT	neutron	pi-	0.0	0.004666	0.070207	0.001036
1.8995819999999999	0.288387	0.319193	0.37544	0.288817	AUT	neutron	pi-	0.0	0.018313	0.070207	0.001068
1.078862	0.069222	0.756323	0.368573	0.49903000000000003	AUT	neutron	pi-	0.0	0.0019309999999999998	0.070207	0.000984
1.149767	0.078361	0.7110529999999999	0.371733	0.493069	AUT	neutron	pi-	0.0	0.00199	0.070207	0.000983
1.214615	0.085444	0.688743	0.37242800000000004	0.490796	AUT	neutron	pi-	0.0	0.002088	0.070207	0.000983
1.2936	0.092472	0.6777810000000001	0.372822	0.48958999999999997	AUT	neutron	pi-	0.0	0.002166	0.070207	0.000982
1.374464	0.099892	0.666652	0.373157	0.48881099999999994	AUT	neutron	pi-	0.0	0.0022719999999999997	0.070207	0.000982
1.458866	0.107922	0.6549550000000001	0.37350900000000004	0.48803100000000005	AUT	neutron	pi-	0.0	0.0023989999999999997	0.070207	0.000983
1.5437	0.116744	0.64068	0.373794	0.48755	AUT	neutron	pi-	0.0	0.002573	0.070207	0.000984
1.623738	0.126977	0.619738	0.374013	0.48697799999999997	AUT	neutron	pi-	0.0	0.002746	0.070207	0.000986
1.654609	0.14069500000000001	0.570341	0.37407199999999996	0.4872	AUT	neutron	pi-	0.0	0.0033280000000000002	0.070207	0.000989
1.6847720000000002	0.16403399999999999	0.498884	0.373891	0.49003800000000003	AUT	neutron	pi-	0.0	0.003031	0.070207	0.000998
1.761291	0.217671	0.396663	0.373781	0.49287600000000004	AUT	neutron	pi-	0.0	0.003372	0.070207	0.001027
1.908389	0.290564	0.318248	0.374553	0.49215600000000004	AUT	neutron	pi-	0.0	0.042755	0.070207	0.0010689999999999999
1.126099	0.073714	0.742336	0.370569	0.6741729999999999	AUT	neutron	pi-	0.0	0.001966	0.070207	0.000984
1.300904	0.092036	0.685342	0.37345900000000004	0.675354	AUT	neutron	pi-	0.0	0.0018780000000000001	0.070207	0.000982
1.505002	0.113033	0.6458520000000001	0.37449899999999997	0.6763640000000001	AUT	neutron	pi-	0.0	0.001875	0.070207	0.000983
1.6608889999999998	0.145357	0.557474	0.37507199999999996	0.6751189999999999	AUT	neutron	pi-	0.0	0.002355	0.070207	0.000991
1.771787	0.208002	0.41766499999999995	0.376051	0.66245	AUT	neutron	pi-	0.0	0.013484999999999999	0.070207	0.0010220000000000001
1.4435790000000002	0.1045	0.684836	0.376956	0.8539260000000001	AUT	neutron	pi-	0.0	0.004409000000000001	0.070207	0.000985
1.33251	0.11463399999999999	0.565577	0.422767	0.14978	AUT	neutron	pi-	0.0	0.001993	0.070207	0.000974
1.5733030000000001	0.148072	0.515502	0.42332200000000003	0.13280699999999998	AUT	neutron	pi-	0.0	0.001887	0.070207	0.000981
1.6816380000000002	0.17612	0.463337	0.423637	0.123305	AUT	neutron	pi-	0.0	0.002001	0.070207	0.000992
1.76814	0.216746	0.39718200000000004	0.423699	0.11944400000000001	AUT	neutron	pi-	0.0	0.0020210000000000002	0.070207	0.001013
1.8458689999999998	0.271623	0.329633	0.42333999999999994	0.137014	AUT	neutron	pi-	0.0	0.006046	0.070207	0.001042
1.110464	0.083616	0.644776	0.42056099999999996	0.316666	AUT	neutron	pi-	0.0	0.001895	0.070207	0.000977
1.2457129999999998	0.098466	0.6130939999999999	0.422029	0.311118	AUT	neutron	pi-	0.0	0.001835	0.070207	0.000974
1.358866	0.110451	0.59614	0.42239399999999994	0.3075	AUT	neutron	pi-	0.0	0.0018690000000000002	0.070207	0.000974
1.464266	0.12165799999999999	0.583171	0.422674	0.30393400000000004	AUT	neutron	pi-	0.0	0.001913	0.070207	0.000975
1.564284	0.132927	0.57021	0.42303	0.300629	AUT	neutron	pi-	0.0	0.001971	0.070207	0.000977
1.6417380000000001	0.145213	0.547936	0.42374799999999996	0.297194	AUT	neutron	pi-	0.0	0.002163	0.070207	0.000981
1.6933169999999997	0.161147	0.509523	0.42393500000000006	0.292284	AUT	neutron	pi-	0.0	0.002799	0.070207	0.000987
1.734268	0.187674	0.44891400000000004	0.42408500000000005	0.290821	AUT	neutron	pi-	0.0	0.0060409999999999995	0.070207	0.000998
1.8002639999999999	0.242752	0.36206900000000003	0.424126	0.290222	AUT	neutron	pi-	0.0	0.0037840000000000005	0.070207	0.001027
1.100048	0.080921	0.659834	0.420012	0.492781	AUT	neutron	pi-	0.0	0.001983	0.070207	0.000977
1.240799	0.095237	0.631323	0.422105	0.488309	AUT	neutron	pi-	0.0	0.002278	0.070207	0.000975
1.386299	0.108928	0.616722	0.422379	0.486903	AUT	neutron	pi-	0.0	0.002531	0.070207	0.000975
1.539396	0.12413800000000001	0.600941	0.42265699999999995	0.486493	AUT	neutron	pi-	0.0	0.002972	0.070207	0.000976
1.656225	0.14186300000000002	0.5663229999999999	0.423849	0.486259	AUT	neutron	pi-	0.0	0.004039	0.070207	0.00098
1.7057630000000001	0.174492	0.476368	0.424099	0.488921	AUT	neutron	pi-	0.0	0.004503	0.070207	0.000992
1.7937939999999999	0.23883200000000002	0.366814	0.42398100000000005	0.489671	AUT	neutron	pi-	0.0	0.006978	0.070207	0.001025
1.1946219999999999	0.090299	0.643371	0.42127700000000007	0.6823859999999999	AUT	neutron	pi-	0.0	0.0020469999999999998	0.070207	0.000976
1.523515	0.125781	0.588426	0.42308900000000005	0.68471	AUT	neutron	pi-	0.0	0.001983	0.070207	0.000977
1.714984	0.184698	0.458959	0.424187	0.682293	AUT	neutron	pi-	0.0	0.0032170000000000002	0.070207	0.000997
1.4700959999999998	0.122091	0.599119	0.425026	0.8678959999999999	AUT	neutron	pi-	0.0	0.004177	0.070207	0.00098
1.411697	0.129088	0.53295	0.47256499999999996	0.140587	AUT	neutron	pi-	0.0	0.001857	0.070207	0.000968
1.6683009999999998	0.174299	0.46518100000000007	0.47354399999999996	0.125418	AUT	neutron	pi-	0.0	0.001924	0.070207	0.000981
1.785493	0.2283	0.382213	0.47356499999999996	0.12489000000000001	AUT	neutron	pi-	0.0	0.002224	0.070207	0.001006
1.17709	0.097524	0.586058	0.470689	0.31154299999999996	AUT	neutron	pi-	0.0	0.0018399999999999998	0.070207	0.0009689999999999999
1.385994	0.121271	0.5539850000000001	0.47222600000000003	0.30513	AUT	neutron	pi-	0.0	0.0019079999999999998	0.070207	0.000967
1.556498	0.14085	0.5355270000000001	0.47272700000000006	0.299496	AUT	neutron	pi-	0.0	0.002041	0.070207	0.0009699999999999999
1.686189	0.162548	0.5032770000000001	0.47381	0.29422	AUT	neutron	pi-	0.0	0.002549	0.070207	0.000977
1.752032	0.203994	0.419282	0.474067	0.291144	AUT	neutron	pi-	0.0	0.0043100000000000005	0.070207	0.0009939999999999999
1.834487	0.26797	0.332312	0.47403500000000004	0.288138	AUT	neutron	pi-	0.0	0.005804	0.070207	0.001024
1.172213	0.095782	0.59412	0.47047	0.48795299999999997	AUT	neutron	pi-	0.0	0.002264	0.070207	0.0009689999999999999
1.444606	0.124918	0.560832	0.472311	0.486026	AUT	neutron	pi-	0.0	0.0035600000000000002	0.070207	0.000968
1.6716950000000002	0.159584	0.509894	0.473602	0.48766000000000004	AUT	neutron	pi-	0.0	0.005918	0.070207	0.000976
1.775755	0.223737	0.38924200000000003	0.473966	0.48854200000000003	AUT	neutron	pi-	0.0	0.005864	0.070207	0.001003
1.348459	0.11602	0.567444	0.47168999999999994	0.688009	AUT	neutron	pi-	0.0	0.0024219999999999997	0.070207	0.0009689999999999999
1.7144080000000002	0.185727	0.45425200000000004	0.47380200000000006	0.687068	AUT	neutron	pi-	0.0	0.0033829999999999997	0.070207	0.000986
1.4827709999999998	0.134906	0.543804	0.47408	0.8835940000000001	AUT	neutron	pi-	0.0	0.004397	0.070207	0.000973
1.507837	0.14991300000000002	0.49106700000000003	0.5224989999999999	0.131491	AUT	neutron	pi-	0.0	0.001855	0.070207	0.0009630000000000001
1.764016	0.216648	0.398836	0.523622	0.125959	AUT	neutron	pi-	0.0	0.002183	0.070207	0.000985
1.304784	0.11938399999999999	0.53133	0.520741	0.30616	AUT	neutron	pi-	0.0	0.001905	0.070207	0.000959
1.606833	0.157344	0.495385	0.522758	0.296029	AUT	neutron	pi-	0.0	0.002322	0.070207	0.000964
1.7642689999999999	0.21528699999999998	0.403323	0.523964	0.291117	AUT	neutron	pi-	0.0	0.0027489999999999997	0.070207	0.000985
1.9332919999999998	0.297189	0.315177	0.523943	0.291929	AUT	neutron	pi-	0.0	0.026497000000000003	0.070207	0.001018
1.363043	0.125405	0.529505	0.520867	0.4867	AUT	neutron	pi-	0.0	0.0038159999999999995	0.070207	0.0009599999999999999
1.7298470000000001	0.19656300000000002	0.434575	0.523617	0.48822299999999996	AUT	neutron	pi-	0.0	0.005439	0.070207	0.000978
1.4677	0.141069	0.5096970000000001	0.522095	0.7457020000000001	AUT	neutron	pi-	0.0	0.002163	0.070207	0.0009630000000000001
1.787409	0.210684	0.412617	0.523235	0.7033590000000001	AUT	neutron	pi-	0.0	0.009283	0.070207	0.000984
1.622535	0.18218900000000002	0.438695	0.572661	0.12731900000000002	AUT	neutron	pi-	0.0	0.0018579999999999998	0.070207	0.000958
1.851688	0.273094	0.328802	0.573018	0.144715	AUT	neutron	pi-	0.0	0.01319	0.070207	0.0009880000000000002
1.494873	0.152252	0.478171	0.571384	0.297425	AUT	neutron	pi-	0.0	0.002239	0.070207	0.000951
1.7774240000000001	0.224615	0.388087	0.573625	0.290695	AUT	neutron	pi-	0.0	0.002959	0.070207	0.0009710000000000001
1.506679	0.154638	0.47545699999999996	0.571585	0.55635	AUT	neutron	pi-	0.0	0.0057020000000000005	0.070207	0.000951
1.788678	0.219973	0.396063	0.572978	0.527859	AUT	neutron	pi-	0.0	0.008278	0.070207	0.0009689999999999999
1.582634	0.176757	0.43636	0.621645	0.223536	AUT	neutron	pi-	0.0	0.002084	0.070207	0.000938
1.805665	0.238452	0.368059	0.6224850000000001	0.22038899999999997	AUT	neutron	pi-	0.0	0.003199	0.070207	0.000953
1.6002319999999999	0.179086	0.43679399999999996	0.620693	0.55787	AUT	neutron	pi-	0.0	0.0072180000000000005	0.070207	0.0009400000000000001
1.6410189999999998	0.19496	0.4101	0.669849	0.27874899999999997	AUT	neutron	pi-	0.0	0.0025399999999999997	0.070207	0.0009199999999999999
2.1620310000000003	0.162602	0.646185	0.322759	0.147068	AUT	neutron	pi-	0.0	0.002592	0.070207	0.001019
2.256397	0.186144	0.5875090000000001	0.32319000000000003	0.133996	AUT	neutron	pi-	0.0	0.002623	0.070207	0.001033
2.319623	0.201128	0.558847	0.323385	0.128348	AUT	neutron	pi-	0.0	0.002738	0.070207	0.001044
2.378458	0.21448000000000003	0.5373220000000001	0.323525	0.123642	AUT	neutron	pi-	0.0	0.002782	0.070207	0.001053
2.430281	0.227521	0.517564	0.323548	0.119947	AUT	neutron	pi-	0.0	0.002928	0.070207	0.001062
2.462843	0.240817	0.495562	0.323651	0.116972	AUT	neutron	pi-	0.0	0.0029920000000000003	0.070207	0.0010710000000000001
2.479787	0.255703	0.469954	0.323727	0.11483199999999999	AUT	neutron	pi-	0.0	0.003025	0.070207	0.00108
2.49614	0.273806	0.441828	0.323927	0.115264	AUT	neutron	pi-	0.0	0.002916	0.070207	0.001091
2.549978	0.29885500000000004	0.41359700000000005	0.324856	0.11981099999999999	AUT	neutron	pi-	0.0	0.0028120000000000003	0.070207	0.001106
2.700682	0.340946	0.384304	0.325517	0.13206099999999998	AUT	neutron	pi-	0.0	0.004027	0.070207	0.0011279999999999999
2.088829	0.142928	0.708804	0.322981	0.308343	AUT	neutron	pi-	0.0	0.0026030000000000003	0.070207	0.001008
2.164245	0.15734700000000001	0.6665270000000001	0.32350500000000004	0.301361	AUT	neutron	pi-	0.0	0.0026780000000000003	0.070207	0.001016
2.222093	0.16836900000000002	0.639493	0.323712	0.295648	AUT	neutron	pi-	0.0	0.0028510000000000002	0.070207	0.0010220000000000001
2.277997	0.178708	0.617626	0.323823	0.29175100000000004	AUT	neutron	pi-	0.0	0.003182	0.070207	0.001029
2.332826	0.188926	0.598274	0.32398499999999997	0.289674	AUT	neutron	pi-	0.0	0.003696	0.070207	0.001036
2.387138	0.199436	0.5799380000000001	0.324015	0.28883000000000003	AUT	neutron	pi-	0.0	0.004446	0.070207	0.0010429999999999999
2.438819	0.21071700000000002	0.5607880000000001	0.324017	0.288579	AUT	neutron	pi-	0.0	0.00547	0.070207	0.001051
2.483477	0.223012	0.539604	0.324017	0.288675	AUT	neutron	pi-	0.0	0.006923	0.070207	0.00106
2.497105	0.23717800000000003	0.5102359999999999	0.324008	0.289587	AUT	neutron	pi-	0.0	0.009040000000000001	0.070207	0.0010689999999999999
2.488124	0.254806	0.4733	0.32402	0.290679	AUT	neutron	pi-	0.0	0.008974	0.070207	0.00108
2.489786	0.277523	0.434911	0.324392	0.290633	AUT	neutron	pi-	0.0	0.007215000000000001	0.070207	0.001093
2.5725279999999997	0.31137800000000004	0.40065300000000004	0.325913	0.28985500000000003	AUT	neutron	pi-	0.0	0.006664	0.070207	0.001112
2.7621830000000003	0.359074	0.372909	0.326696	0.287618	AUT	neutron	pi-	0.0	0.01223	0.070207	0.0011359999999999999
2.116636	0.14669100000000002	0.700396	0.324142	0.483469	AUT	neutron	pi-	0.0	0.003958	0.070207	0.00101
2.239984	0.170498	0.637031	0.323981	0.486701	AUT	neutron	pi-	0.0	0.004788000000000001	0.070207	0.001024
2.337901	0.192407	0.58906	0.323799	0.48845900000000003	AUT	neutron	pi-	0.0	0.004152	0.070207	0.001038
2.426245	0.21531	0.546305	0.323746	0.48943100000000006	AUT	neutron	pi-	0.0	0.0037670000000000004	0.070207	0.0010539999999999998
2.465814	0.242441	0.49339399999999994	0.323651	0.490464	AUT	neutron	pi-	0.0	0.0038350000000000003	0.070207	0.001072
2.485461	0.28168200000000004	0.42839700000000003	0.324307	0.49218500000000004	AUT	neutron	pi-	0.0	0.005354	0.070207	0.0010949999999999998
2.666516	0.337733	0.38310700000000003	0.325982	0.49265200000000003	AUT	neutron	pi-	0.0	0.013678999999999998	0.070207	0.001126
2.237971	0.170452	0.641336	0.325457	0.670463	AUT	neutron	pi-	0.0	0.003304	0.070207	0.001024
2.5192490000000003	0.24695	0.500707	0.326625	0.661117	AUT	neutron	pi-	0.0	0.009212	0.070207	0.001073
2.77497	0.345229	0.38969899999999996	0.327443	0.639835	AUT	neutron	pi-	0.0	0.180453	0.070207	0.0011300000000000001
2.1908060000000003	0.17155499999999999	0.621104	0.372929	0.142567	AUT	neutron	pi-	0.0	0.002536	0.070207	0.001011
2.302397	0.199641	0.559032	0.373318	0.129303	AUT	neutron	pi-	0.0	0.00264	0.070207	0.001027
2.384505	0.21896	0.527759	0.37354899999999996	0.12397000000000001	AUT	neutron	pi-	0.0	0.0027329999999999998	0.070207	0.001039
2.445794	0.23725500000000002	0.499596	0.373581	0.120176	AUT	neutron	pi-	0.0	0.0028399999999999996	0.070207	0.001051
2.477966	0.25755500000000003	0.466358	0.373657	0.11848900000000001	AUT	neutron	pi-	0.0	0.0028190000000000003	0.070207	0.0010630000000000001
2.497552	0.28414	0.42623599999999995	0.373589	0.121591	AUT	neutron	pi-	0.0	0.002729	0.070207	0.001077
2.597507	0.327971	0.384344	0.373188	0.134076	AUT	neutron	pi-	0.0	0.003346	0.070207	0.001098
2.114345	0.148529	0.690887	0.37300900000000003	0.30933299999999997	AUT	neutron	pi-	0.0	0.002486	0.070207	0.000999
2.208017	0.167405	0.639246	0.37343899999999997	0.301927	AUT	neutron	pi-	0.0	0.002601	0.070207	0.001009
2.282357	0.181478	0.609426	0.373721	0.29591999999999996	AUT	neutron	pi-	0.0	0.002914	0.070207	0.001017
2.354352	0.194634	0.58613	0.37387	0.292342	AUT	neutron	pi-	0.0	0.003401	0.070207	0.001025
2.4246090000000002	0.208484	0.563537	0.373919	0.290646	AUT	neutron	pi-	0.0	0.0041340000000000005	0.070207	0.001034
2.485073	0.22391999999999998	0.5378350000000001	0.37396599999999997	0.28988600000000003	AUT	neutron	pi-	0.0	0.00542	0.070207	0.001044
2.4980919999999998	0.242315	0.49976000000000004	0.374026	0.289681	AUT	neutron	pi-	0.0	0.007829000000000001	0.070207	0.0010539999999999998
2.481809	0.26742	0.450096	0.37399499999999997	0.290642	AUT	neutron	pi-	0.0	0.0068980000000000005	0.070207	0.001068
2.481036	0.302818	0.397474	0.37414899999999995	0.28885	AUT	neutron	pi-	0.0	0.004868	0.070207	0.001085
2.671751	0.349402	0.370669	0.37417399999999995	0.28642399999999996	AUT	neutron	pi-	0.0	0.007026999999999999	0.070207	0.001108
2.132457	0.149566	0.692326	0.37416	0.483717	AUT	neutron	pi-	0.0	0.003436	0.070207	0.001
2.2795900000000002	0.17768399999999998	0.6223029999999999	0.374281	0.484371	AUT	neutron	pi-	0.0	0.007408	0.070207	0.001015
2.401432	0.20608400000000002	0.565177	0.374106	0.4867	AUT	neutron	pi-	0.0	0.007253	0.070207	0.001032
2.473226	0.24052199999999999	0.499324	0.373986	0.48794399999999993	AUT	neutron	pi-	0.0	0.005313	0.070207	0.001053
2.4851900000000002	0.295537	0.40921	0.373848	0.489008	AUT	neutron	pi-	0.0	0.006217	0.070207	0.001082
2.738362	0.360708	0.36790100000000003	0.373874	0.48704899999999995	AUT	neutron	pi-	0.0	0.031813	0.070207	0.001113
2.2384020000000002	0.172394	0.6348699999999999	0.374239	0.682469	AUT	neutron	pi-	0.0	0.0026850000000000003	0.070207	0.0010119999999999999
2.469426	0.24969699999999997	0.48485200000000006	0.374372	0.6787920000000001	AUT	neutron	pi-	0.0	0.005219	0.070207	0.001057
2.7218259999999996	0.33529000000000003	0.393559	0.373235	0.656799	AUT	neutron	pi-	0.0	0.058873	0.070207	0.001103
2.393455	0.196766	0.603002	0.378198	0.85726	AUT	neutron	pi-	0.0	0.014256999999999999	0.070207	0.001026
2.22355	0.18248599999999998	0.592865	0.422734	0.136864	AUT	neutron	pi-	0.0	0.00251	0.070207	0.001004
2.3594470000000003	0.216058	0.529447	0.423496	0.125973	AUT	neutron	pi-	0.0	0.0026550000000000002	0.070207	0.001023
2.4461470000000003	0.24244899999999997	0.489178	0.423555	0.1223	AUT	neutron	pi-	0.0	0.0026969999999999997	0.070207	0.001038
2.4968060000000003	0.27462800000000004	0.441119	0.423521	0.122985	AUT	neutron	pi-	0.0	0.0026780000000000003	0.070207	0.0010539999999999998
2.592121	0.323535	0.388948	0.42323500000000003	0.134968	AUT	neutron	pi-	0.0	0.003684	0.070207	0.001076
2.1494240000000002	0.15978	0.653039	0.420692	0.308053	AUT	neutron	pi-	0.0	0.002499	0.070207	0.0009939999999999999
2.271386	0.18231	0.6038640000000001	0.42330100000000004	0.299746	AUT	neutron	pi-	0.0	0.002727	0.070207	0.001005
2.371184	0.20039200000000001	0.573447	0.423774	0.29454600000000003	AUT	neutron	pi-	0.0	0.0031899999999999997	0.070207	0.001015
2.464306	0.219597	0.543903	0.423879	0.292003	AUT	neutron	pi-	0.0	0.0041140000000000005	0.070207	0.001026
2.49747	0.24306799999999998	0.49831400000000003	0.42394899999999996	0.29015599999999997	AUT	neutron	pi-	0.0	0.006123	0.070207	0.001039
2.473341	0.277465	0.432726	0.42400699999999997	0.289665	AUT	neutron	pi-	0.0	0.004569	0.070207	0.0010550000000000002
2.575515	0.330293	0.378359	0.42406000000000005	0.287865	AUT	neutron	pi-	0.0	0.004081	0.070207	0.001078
2.178675	0.16168	0.65457	0.421116	0.484455	AUT	neutron	pi-	0.0	0.003689	0.070207	0.000995
2.3654759999999997	0.19664700000000002	0.583755	0.424034	0.48555699999999996	AUT	neutron	pi-	0.0	0.008733	0.070207	0.001013
2.473588	0.237461	0.5063300000000001	0.42411400000000005	0.48755600000000004	AUT	neutron	pi-	0.0	0.007317000000000001	0.070207	0.001035
2.524987	0.304951	0.40355	0.424016	0.487167	AUT	neutron	pi-	0.0	0.007256	0.070207	0.001067
2.300272	0.18921500000000002	0.595788	0.42288000000000003	0.686483	AUT	neutron	pi-	0.0	0.003247	0.070207	0.001009
2.508784	0.271769	0.450629	0.423717	0.682094	AUT	neutron	pi-	0.0	0.007011	0.070207	0.001052
2.393412	0.205569	0.575321	0.42520399999999997	0.8782610000000001	AUT	neutron	pi-	0.0	0.00784	0.070207	0.001017
2.249963	0.199526	0.5485300000000001	0.47210799999999997	0.12955999999999998	AUT	neutron	pi-	0.0	0.0025559999999999997	0.070207	0.001
2.4325740000000002	0.241792	0.48810699999999996	0.47341300000000003	0.12443299999999999	AUT	neutron	pi-	0.0	0.002635	0.070207	0.001021
2.539071	0.295629	0.418284	0.47335600000000005	0.129424	AUT	neutron	pi-	0.0	0.002635	0.070207	0.001045
2.871692	0.382207	0.364025	0.472685	0.156827	AUT	neutron	pi-	0.0	0.073369	0.070207	0.001075
2.187799	0.181611	0.584832	0.47062	0.30139099999999996	AUT	neutron	pi-	0.0	0.002649	0.070207	0.000992
2.3847110000000002	0.212864	0.543094	0.472735	0.293796	AUT	neutron	pi-	0.0	0.0034850000000000003	0.070207	0.001007
2.488928	0.24397399999999997	0.49509899999999996	0.473829	0.290964	AUT	neutron	pi-	0.0	0.00483	0.070207	0.001023
2.473393	0.290986	0.41316800000000004	0.474	0.289453	AUT	neutron	pi-	0.0	0.003221	0.070207	0.001042
2.662907	0.34788800000000003	0.371064	0.473869	0.291705	AUT	neutron	pi-	0.0	0.006657	0.070207	0.001064
2.261572	0.191625	0.57415	0.471157	0.485926	AUT	neutron	pi-	0.0	0.008092	0.070207	0.000997
2.470313	0.252015	0.47806499999999996	0.47391700000000003	0.48855	AUT	neutron	pi-	0.0	0.007098999999999999	0.070207	0.001026
2.574566	0.324416	0.385205	0.47369300000000003	0.482811	AUT	neutron	pi-	0.0	0.01258	0.070207	0.0010550000000000002
2.338362	0.210608	0.543007	0.472571	0.738938	AUT	neutron	pi-	0.0	0.0031260000000000003	0.070207	0.001006
2.5885	0.285976	0.439795	0.473333	0.698128	AUT	neutron	pi-	0.0	0.011773	0.070207	0.001042
2.29198	0.22373099999999999	0.49853100000000006	0.522124	0.126617	AUT	neutron	pi-	0.0	0.0025280000000000003	0.070207	0.000995
2.5381549999999997	0.291444	0.42449	0.523409	0.130178	AUT	neutron	pi-	0.0	0.002909	0.070207	0.0010220000000000001
2.242636	0.20898699999999998	0.5215569999999999	0.52123	0.29397399999999996	AUT	neutron	pi-	0.0	0.00343	0.070207	0.000989
2.457776	0.264079	0.45264399999999994	0.523537	0.290556	AUT	neutron	pi-	0.0	0.0036119999999999998	0.070207	0.0010119999999999999
2.565503	0.327499	0.380186	0.52382	0.293772	AUT	neutron	pi-	0.0	0.004192	0.070207	0.001033
2.335455	0.23093899999999998	0.49444899999999997	0.522343	0.48908500000000005	AUT	neutron	pi-	0.0	0.009207	0.070207	0.000998
2.568428	0.31287	0.398675	0.523204	0.48043100000000005	AUT	neutron	pi-	0.0	0.010790000000000001	0.070207	0.001029
2.3803360000000002	0.235015	0.49581899999999995	0.522139	0.735811	AUT	neutron	pi-	0.0	0.004837	0.070207	0.001
2.224205	0.22684200000000002	0.47638	0.571386	0.218477	AUT	neutron	pi-	0.0	0.002869	0.070207	0.000977
2.455757	0.279264	0.426954	0.573168	0.22372899999999998	AUT	neutron	pi-	0.0	0.0026100000000000003	0.070207	0.0009939999999999999
2.6299580000000002	0.33332399999999995	0.382625	0.5725180000000001	0.246113	AUT	neutron	pi-	0.0	0.004971	0.070207	0.001008
2.371873	0.25295500000000004	0.45807200000000003	0.571749	0.556786	AUT	neutron	pi-	0.0	0.006043	0.070207	0.000986
2.851816	0.352275	0.392293	0.56839	0.451263	AUT	neutron	pi-	0.0	0.045788999999999996	0.070207	0.001015
2.321507	0.263405	0.42898000000000003	0.621518	0.222748	AUT	neutron	pi-	0.0	0.0025329999999999997	0.070207	0.0009630000000000001
2.736773	0.333408	0.397902	0.620383	0.233727	AUT	neutron	pi-	0.0	0.007814	0.070207	0.000978
2.354176	0.258395	0.442748	0.619686	0.522842	AUT	neutron	pi-	0.0	0.010661	0.070207	0.0009630000000000001
2.318834	0.268074	0.41956099999999996	0.667674	0.250305	AUT	neutron	pi-	0.0	0.0038829999999999997	0.070207	0.000936
3.200617	0.255051	0.608703	0.323196	0.128356	AUT	neutron	pi-	0.0	0.0041979999999999995	0.070207	0.001088
3.339482	0.282028	0.5738260000000001	0.32355100000000003	0.12207799999999999	AUT	neutron	pi-	0.0	0.0043560000000000005	0.070207	0.001106
3.3577519999999996	0.303755	0.535772	0.32362399999999997	0.11711500000000001	AUT	neutron	pi-	0.0	0.004567	0.070207	0.001118
3.373873	0.328011	0.498515	0.323631	0.115693	AUT	neutron	pi-	0.0	0.004529999999999999	0.070207	0.0011300000000000001
3.4459519999999997	0.356321	0.468722	0.32348000000000005	0.11997000000000001	AUT	neutron	pi-	0.0	0.004337	0.070207	0.001144
3.519303	0.3947	0.432388	0.323203	0.131037	AUT	neutron	pi-	0.0	0.00475	0.070207	0.001163
3.741011	0.439985	0.411958	0.322856	0.142157	AUT	neutron	pi-	0.0	0.017791	0.070207	0.001186
3.208705	0.248908	0.62513	0.323984	0.287955	AUT	neutron	pi-	0.0	0.006288	0.070207	0.001084
3.390272	0.275411	0.596499	0.323957	0.288524	AUT	neutron	pi-	0.0	0.009477	0.070207	0.001102
3.404868	0.298186	0.553609	0.323994	0.28924	AUT	neutron	pi-	0.0	0.013688999999999998	0.070207	0.001115
3.372618	0.327515	0.499234	0.323972	0.289887	AUT	neutron	pi-	0.0	0.012354	0.070207	0.0011300000000000001
3.438611	0.362159	0.460293	0.32405900000000004	0.288727	AUT	neutron	pi-	0.0	0.00914	0.070207	0.001147
3.5219669999999996	0.40570300000000004	0.420885	0.324227	0.286376	AUT	neutron	pi-	0.0	0.008398000000000001	0.070207	0.001167
3.814976	0.45175200000000004	0.409123	0.32419899999999996	0.284564	AUT	neutron	pi-	0.0	0.027995999999999997	0.070207	0.001191
3.2995699999999997	0.265158	0.604197	0.323929	0.486455	AUT	neutron	pi-	0.0	0.009015	0.070207	0.0010949999999999998
3.374745	0.319721	0.5129	0.323805	0.487745	AUT	neutron	pi-	0.0	0.008357	0.070207	0.001126
3.5043260000000003	0.39156399999999997	0.434846	0.32377	0.48808199999999996	AUT	neutron	pi-	0.0	0.013558	0.070207	0.001161
3.365992	0.307462	0.53873	0.324718	0.673393	AUT	neutron	pi-	0.0	0.010088	0.070207	0.001117
3.6707160000000005	0.41079399999999994	0.433054	0.324062	0.64756	AUT	neutron	pi-	0.0	0.113719	0.070207	0.0011710000000000002
3.2341990000000003	0.26257800000000003	0.597712	0.373296	0.127522	AUT	neutron	pi-	0.0	0.004089	0.070207	0.001074
3.349542	0.297108	0.54664	0.37358600000000003	0.12150999999999999	AUT	neutron	pi-	0.0	0.0042899999999999995	0.070207	0.001093
3.3816660000000005	0.330352	0.496307	0.37355700000000003	0.11966900000000001	AUT	neutron	pi-	0.0	0.004311	0.070207	0.001108
3.4895120000000004	0.374742	0.45181099999999996	0.373299	0.127572	AUT	neutron	pi-	0.0	0.004235	0.070207	0.001127
3.660703	0.426725	0.41571	0.37300900000000003	0.142951	AUT	neutron	pi-	0.0	0.013378999999999999	0.070207	0.0011480000000000001
3.230702	0.25317	0.618943	0.373861	0.291184	AUT	neutron	pi-	0.0	0.00534	0.070207	0.001068
3.4137699999999995	0.284748	0.581199	0.37392	0.290008	AUT	neutron	pi-	0.0	0.008378	0.070207	0.0010869999999999999
3.372701	0.31835399999999997	0.5139199999999999	0.373986	0.289786	AUT	neutron	pi-	0.0	0.011119	0.070207	0.001102
3.431078	0.361782	0.45997200000000005	0.374028	0.288032	AUT	neutron	pi-	0.0	0.006442	0.070207	0.001121
3.5601769999999995	0.41358	0.41732299999999994	0.374012	0.286549	AUT	neutron	pi-	0.0	0.007319	0.070207	0.001142
3.32081	0.27214099999999997	0.593325	0.37413	0.48572	AUT	neutron	pi-	0.0	0.014057	0.070207	0.0010789999999999999
3.410508	0.349582	0.475033	0.374066	0.486907	AUT	neutron	pi-	0.0	0.010304	0.070207	0.001116
3.6113190000000004	0.42335600000000007	0.413339	0.37409499999999996	0.485177	AUT	neutron	pi-	0.0	0.035264	0.070207	0.001146
3.3694660000000005	0.30754499999999996	0.5392710000000001	0.374367	0.7104560000000001	AUT	neutron	pi-	0.0	0.006572	0.070207	0.0010960000000000002
3.7451	0.41994	0.43215	0.37290500000000004	0.644732	AUT	neutron	pi-	0.0	0.133571	0.070207	0.001147
3.264758	0.272041	0.582892	0.42324799999999996	0.12689	AUT	neutron	pi-	0.0	0.004014	0.070207	0.00106
3.3665190000000003	0.319789	0.510803	0.423538	0.12266600000000001	AUT	neutron	pi-	0.0	0.0041600000000000005	0.070207	0.001082
3.521344	0.381366	0.448787	0.423205	0.131572	AUT	neutron	pi-	0.0	0.004457	0.070207	0.001105
3.258604	0.258853	0.610754	0.423479	0.294031	AUT	neutron	pi-	0.0	0.004945000000000001	0.070207	0.0010539999999999998
3.396209	0.299618	0.550234	0.42388000000000003	0.290852	AUT	neutron	pi-	0.0	0.008319	0.070207	0.001074
3.409464	0.35082399999999997	0.47165100000000004	0.42397399999999996	0.28878899999999996	AUT	neutron	pi-	0.0	0.005487	0.070207	0.001093
3.5472699999999997	0.40978100000000006	0.41978699999999997	0.423917	0.289796	AUT	neutron	pi-	0.0	0.006698999999999999	0.070207	0.001113
3.3269330000000004	0.279803	0.579494	0.4239	0.48629399999999995	AUT	neutron	pi-	0.0	0.015586000000000001	0.070207	0.001064
3.468917	0.373795	0.452121	0.42408	0.48598199999999997	AUT	neutron	pi-	0.0	0.011618	0.070207	0.001101
3.375716	0.306834	0.5414979999999999	0.42409600000000003	0.725742	AUT	neutron	pi-	0.0	0.006222999999999999	0.070207	0.001075
3.257304	0.290325	0.545791	0.472685	0.126364	AUT	neutron	pi-	0.0	0.003964	0.070207	0.001049
3.487954	0.367058	0.46241099999999996	0.473379	0.129552	AUT	neutron	pi-	0.0	0.004417	0.070207	0.001075
3.241299	0.278596	0.565483	0.472275	0.29168499999999997	AUT	neutron	pi-	0.0	0.006046	0.070207	0.001044
3.402275	0.346453	0.477163	0.473886	0.28996900000000003	AUT	neutron	pi-	0.0	0.004852	0.070207	0.0010689999999999999
3.556028	0.41213500000000003	0.418339	0.473839	0.294625	AUT	neutron	pi-	0.0	0.00773	0.070207	0.0010869999999999999
3.316069	0.30995100000000003	0.524292	0.473175	0.48777	AUT	neutron	pi-	0.0	0.011595000000000001	0.070207	0.0010550000000000002
3.559563	0.407068	0.424019	0.473632	0.47975	AUT	neutron	pi-	0.0	0.021805	0.070207	0.001086
3.340761	0.30962	0.528779	0.473203	0.727258	AUT	neutron	pi-	0.0	0.008803	0.070207	0.0010550000000000002
3.34725	0.327703	0.49876800000000004	0.5222680000000001	0.127599	AUT	neutron	pi-	0.0	0.003872	0.070207	0.001038
3.67933	0.424996	0.419563	0.522983	0.15037799999999998	AUT	neutron	pi-	0.0	0.027986	0.070207	0.00106
3.2941559999999996	0.315299	0.509055	0.522209	0.29062899999999997	AUT	neutron	pi-	0.0	0.005339	0.070207	0.001035
3.521203	0.398713	0.428704	0.523586	0.297218	AUT	neutron	pi-	0.0	0.006186	0.070207	0.0010539999999999998
3.3464	0.329583	0.49624399999999996	0.52257	0.5399010000000001	AUT	neutron	pi-	0.0	0.009265	0.070207	0.001038
3.720024	0.42476800000000003	0.42439099999999996	0.5209560000000001	0.46449700000000005	AUT	neutron	pi-	0.0	0.037141	0.070207	0.0010609999999999999
3.315971	0.33815700000000004	0.47674300000000003	0.571272	0.22541799999999998	AUT	neutron	pi-	0.0	0.003922	0.070207	0.0010119999999999999
3.590531	0.407771	0.426859	0.572076	0.25164699999999995	AUT	neutron	pi-	0.0	0.008687	0.070207	0.0010220000000000001
3.369363	0.343197	0.477588	0.5706640000000001	0.529817	AUT	neutron	pi-	0.0	0.011881999999999998	0.070207	0.001013
3.34447	0.35899699999999996	0.452162	0.6186520000000001	0.28327199999999997	AUT	neutron	pi-	0.0	0.005039	0.070207	0.000982
4.257957	0.320278	0.6445489999999999	0.323254	0.127148	AUT	neutron	pi-	0.0	0.005635	0.070207	0.001134
4.567651000000001	0.359452	0.615975	0.323461	0.12289100000000001	AUT	neutron	pi-	0.0	0.0058390000000000004	0.070207	0.0011539999999999999
4.528271	0.410422	0.53617	0.323423	0.120744	AUT	neutron	pi-	0.0	0.005782	0.070207	0.001178
4.401133	0.47242799999999996	0.45155100000000004	0.322972	0.137423	AUT	neutron	pi-	0.0	0.015040000000000001	0.070207	0.001207
4.224001	0.31387800000000005	0.6523220000000001	0.324015	0.286489	AUT	neutron	pi-	0.0	0.009048	0.070207	0.0011300000000000001
4.548063	0.350627	0.628653	0.324063	0.287113	AUT	neutron	pi-	0.0	0.015553	0.070207	0.00115
4.526843	0.40492	0.543816	0.323944	0.28860399999999997	AUT	neutron	pi-	0.0	0.012475	0.070207	0.001175
4.371141000000001	0.471682	0.449208	0.324114	0.28515100000000004	AUT	neutron	pi-	0.0	0.01615	0.070207	0.0012050000000000001
4.417103	0.33934899999999996	0.63222	0.324034	0.484966	AUT	neutron	pi-	0.0	0.015674	0.070207	0.001143
4.451522	0.433881	0.500055	0.323969	0.485666	AUT	neutron	pi-	0.0	0.019836000000000003	0.070207	0.001188
4.442227	0.36093400000000003	0.6028680000000001	0.32451199999999997	0.6981729999999999	AUT	neutron	pi-	0.0	0.01261	0.070207	0.001153
4.347588	0.330861	0.637296	0.37323	0.126728	AUT	neutron	pi-	0.0	0.005492	0.070207	0.001115
4.56059	0.39614099999999997	0.560246	0.37346	0.12383699999999999	AUT	neutron	pi-	0.0	0.005564	0.070207	0.001143
4.408338	0.470473	0.45422299999999993	0.373017	0.139676	AUT	neutron	pi-	0.0	0.017731999999999998	0.070207	0.001172
4.274123	0.319748	0.648069	0.373865	0.28942399999999996	AUT	neutron	pi-	0.0	0.007376000000000001	0.070207	0.0011099999999999999
4.595208	0.370759	0.601904	0.373923	0.28823699999999997	AUT	neutron	pi-	0.0	0.012721	0.070207	0.0011330000000000001
4.401763	0.44833500000000004	0.477313	0.37399099999999996	0.28744000000000003	AUT	neutron	pi-	0.0	0.008706	0.070207	0.0011619999999999998
4.438662	0.353404	0.6129220000000001	0.374092	0.485425	AUT	neutron	pi-	0.0	0.018822	0.070207	0.001124
4.378197	0.46186099999999997	0.45989300000000005	0.374087	0.484666	AUT	neutron	pi-	0.0	0.043088999999999995	0.070207	0.001167
4.4420269999999995	0.358527	0.606215	0.37438899999999997	0.72164	AUT	neutron	pi-	0.0	0.01025	0.070207	0.001126
4.433239	0.346531	0.621592	0.42316899999999996	0.126987	AUT	neutron	pi-	0.0	0.005382	0.070207	0.001098
4.499841	0.42969399999999996	0.509731	0.42326199999999997	0.129296	AUT	neutron	pi-	0.0	0.008173	0.070207	0.001126
4.348349	0.32817199999999996	0.642575	0.42339399999999994	0.292469	AUT	neutron	pi-	0.0	0.006658	0.070207	0.001091
4.505904	0.41384	0.533197	0.42384099999999997	0.28939699999999996	AUT	neutron	pi-	0.0	0.006525	0.070207	0.001121
4.432085	0.346017	0.623254	0.423846	0.5413680000000001	AUT	neutron	pi-	0.0	0.018356	0.070207	0.001098
4.43086	0.44344300000000003	0.485695	0.423946	0.519605	AUT	neutron	pi-	0.0	0.025519	0.070207	0.0011300000000000001
4.423127	0.357558	0.600727	0.468947	0.218953	AUT	neutron	pi-	0.0	0.0059960000000000005	0.070207	0.0010789999999999999
4.452905	0.43792200000000003	0.494883	0.47357	0.23176599999999997	AUT	neutron	pi-	0.0	0.006520000000000001	0.070207	0.001098
4.43535	0.384821	0.5649810000000001	0.47066199999999997	0.559329	AUT	neutron	pi-	0.0	0.013569	0.070207	0.001086
4.387983999999999	0.422383	0.5064529999999999	0.520493	0.314388	AUT	neutron	pi-	0.0	0.006113	0.070207	0.0010630000000000001
4.25249	0.433112	0.476782	0.570642	0.29435300000000003	AUT	neutron	pi-	0.0	0.009872	0.070207	0.001027
5.285722	0.398887	0.642529	0.32342600000000005	0.123925	AUT	neutron	pi-	0.0	0.0071790000000000005	0.070207	0.0011769999999999999
5.4821290000000005	0.446054	0.595935	0.32348499999999997	0.119395	AUT	neutron	pi-	0.0	0.007445	0.070207	0.0012
5.5792589999999995	0.504684	0.5364300000000001	0.323255	0.123885	AUT	neutron	pi-	0.0	0.00895	0.070207	0.001231
5.299423	0.398064	0.645554	0.32407199999999997	0.287113	AUT	neutron	pi-	0.0	0.020247	0.070207	0.001176
5.491461	0.45435	0.586494	0.32393099999999997	0.288617	AUT	neutron	pi-	0.0	0.018801	0.070207	0.001204
5.594854	0.52062	0.5211210000000001	0.32406599999999997	0.286112	AUT	neutron	pi-	0.0	0.01583	0.070207	0.00124
5.411622	0.435755	0.605522	0.324062	0.48477	AUT	neutron	pi-	0.0	0.017618	0.070207	0.001194
5.669194999999999	0.5413479999999999	0.507422	0.32404299999999997	0.484	AUT	neutron	pi-	0.0	0.096473	0.070207	0.0012519999999999999
5.41678	0.43342200000000003	0.609173	0.324272	0.701026	AUT	neutron	pi-	0.0	0.019979	0.070207	0.001193
5.341263	0.41038	0.6315029999999999	0.373341	0.125126	AUT	neutron	pi-	0.0	0.006915	0.070207	0.001152
5.542475	0.48234499999999997	0.558315	0.373343	0.12376600000000001	AUT	neutron	pi-	0.0	0.007852	0.070207	0.001183
5.3395150000000005	0.40547	0.6388689999999999	0.373866	0.28786100000000003	AUT	neutron	pi-	0.0	0.014363999999999998	0.070207	0.00115
5.531949	0.485046	0.554558	0.373942	0.288159	AUT	neutron	pi-	0.0	0.009884	0.070207	0.001184
5.3977129999999995	0.428587	0.613012	0.374101	0.537782	AUT	neutron	pi-	0.0	0.015629	0.070207	0.001159
5.613444	0.522584	0.520774	0.374002	0.510289	AUT	neutron	pi-	0.0	0.052962999999999996	0.070207	0.001201
5.394912000000001	0.428438	0.61223	0.42322	0.125861	AUT	neutron	pi-	0.0	0.006725	0.070207	0.0011300000000000001
5.608947	0.513985	0.529242	0.42324700000000004	0.127863	AUT	neutron	pi-	0.0	0.015366	0.070207	0.001161
5.374358999999999	0.417659	0.625146	0.423566	0.289088	AUT	neutron	pi-	0.0	0.011209	0.070207	0.001126
5.5578129999999994	0.503618	0.535697	0.423779	0.290196	AUT	neutron	pi-	0.0	0.011256	0.070207	0.0011560000000000001
5.424231	0.439226	0.602834	0.42383999999999994	0.556068	AUT	neutron	pi-	0.0	0.015552000000000002	0.070207	0.0011330000000000001
5.36695	0.441327	0.590622	0.470206	0.214651	AUT	neutron	pi-	0.0	0.007347	0.070207	0.001104
5.600516000000001	0.517524	0.5248079999999999	0.47351400000000005	0.233154	AUT	neutron	pi-	0.0	0.011866	0.070207	0.001124
5.416157	0.456083	0.578296	0.471024	0.546652	AUT	neutron	pi-	0.0	0.022941	0.070207	0.001108
5.410504	0.48565200000000003	0.541038	0.519476	0.301687	AUT	neutron	pi-	0.0	0.008827	0.070207	0.001078
6.474365	0.501062	0.627432	0.323473	0.121262	AUT	neutron	pi-	0.0	0.007536	0.070207	0.001234
7.059373	0.584339	0.5851770000000001	0.323318	0.1224	AUT	neutron	pi-	0.0	0.013984	0.070207	0.001287
6.510961	0.51044	0.620179	0.32396199999999997	0.28779699999999997	AUT	neutron	pi-	0.0	0.017177	0.070207	0.001239
7.224479	0.600216	0.5829529999999999	0.323968	0.286427	AUT	neutron	pi-	0.0	0.028624	0.070207	0.0012980000000000001
6.584364	0.516999	0.6193770000000001	0.324106	0.5360060000000001	AUT	neutron	pi-	0.0	0.015844	0.070207	0.001243
6.393396	0.486779	0.63722	0.373611	0.204734	AUT	neutron	pi-	0.0	0.008487999999999999	0.070207	0.001189
6.883887	0.566042	0.5894149999999999	0.373656	0.208513	AUT	neutron	pi-	0.0	0.009011	0.070207	0.0012289999999999998
6.585196000000001	0.51675	0.6197060000000001	0.374129	0.537792	AUT	neutron	pi-	0.0	0.022094	0.070207	0.001204
6.483402	0.504285	0.624517	0.42331199999999997	0.21170300000000003	AUT	neutron	pi-	0.0	0.007755	0.070207	0.001161
7.084656	0.589052	0.582508	0.42356099999999997	0.21890500000000002	AUT	neutron	pi-	0.0	0.014553	0.070207	0.001196
6.580595	0.516038	0.620067	0.423781	0.53866	AUT	neutron	pi-	0.0	0.028782	0.070207	0.001165
6.577789	0.537011	0.594659	0.46963999999999995	0.293615	AUT	neutron	pi-	0.0	0.008965	0.070207	0.0011359999999999999
1.141053	0.109911	0.632598	0.322833	0.149294	AUT	neutron	pi-	0.0	0.001917	0.070207	0.00149
1.244803	0.134534	0.560787	0.323646	0.132074	AUT	neutron	pi-	0.0	0.001945	0.070207	0.001497
1.372527	0.1547	0.537406	0.324754	0.12416500000000001	AUT	neutron	pi-	0.0	0.002084	0.070207	0.001511
1.551396	0.178831	0.5255270000000001	0.325061	0.118552	AUT	neutron	pi-	0.0	0.00224	0.070207	0.001535
1.755265	0.21931799999999999	0.48682200000000003	0.326581	0.111755	AUT	neutron	pi-	0.0	0.002444	0.070207	0.001577
1.078966	0.089369	0.732924	0.323262	0.30806999999999995	AUT	neutron	pi-	0.0	0.001916	0.070207	0.001491
1.154909	0.104225	0.6714600000000001	0.323651	0.29708	AUT	neutron	pi-	0.0	0.002148	0.070207	0.00149
1.218238	0.116541	0.633308	0.323905	0.292649	AUT	neutron	pi-	0.0	0.0025109999999999998	0.070207	0.001492
1.282699	0.129473	0.600217	0.324007	0.29104800000000003	AUT	neutron	pi-	0.0	0.0030239999999999998	0.070207	0.0014960000000000002
1.358926	0.144091	0.571333	0.32451399999999997	0.29061	AUT	neutron	pi-	0.0	0.003668	0.070207	0.001504
1.477416	0.16276600000000002	0.5498890000000001	0.325071	0.29080500000000004	AUT	neutron	pi-	0.0	0.004744	0.070207	0.0015199999999999999
1.6475970000000002	0.1915	0.521764	0.325405	0.291842	AUT	neutron	pi-	0.0	0.005988	0.070207	0.001549
1.813232	0.235569	0.46746400000000005	0.32779400000000003	0.29330700000000004	AUT	neutron	pi-	0.0	0.008789	0.070207	0.001594
1.100295	0.09234500000000001	0.7245119999999999	0.324502	0.48194799999999993	AUT	neutron	pi-	0.0	0.001945	0.070207	0.00149
1.2144409999999999	0.11595699999999999	0.635343	0.324386	0.482937	AUT	neutron	pi-	0.0	0.0019440000000000002	0.070207	0.001492
1.3307790000000002	0.140541	0.574224	0.324862	0.481966	AUT	neutron	pi-	0.0	0.0022199999999999998	0.070207	0.0015019999999999999
1.548734	0.176052	0.533651	0.325506	0.48471499999999995	AUT	neutron	pi-	0.0	0.002834	0.070207	0.001533
1.783282	0.22744499999999998	0.47657200000000005	0.32740199999999997	0.488443	AUT	neutron	pi-	0.0	0.007915	0.070207	0.001585
1.378568	0.132363	0.652095	0.330532	0.638517	AUT	neutron	pi-	0.0	0.009914	0.070207	0.001508
1.168444	0.118959	0.5992029999999999	0.373111	0.14335499999999998	AUT	neutron	pi-	0.0	0.0018629999999999999	0.070207	0.001478
1.295648	0.149775	0.5244810000000001	0.37365	0.12523800000000002	AUT	neutron	pi-	0.0	0.0020050000000000003	0.070207	0.0014880000000000002
1.440832	0.176062	0.495774	0.37440100000000004	0.11815999999999999	AUT	neutron	pi-	0.0	0.002154	0.070207	0.001508
1.63406	0.21284	0.46608299999999997	0.374795	0.11458299999999999	AUT	neutron	pi-	0.0	0.002186	0.070207	0.001544
1.810461	0.26424200000000003	0.41548599999999997	0.375118	0.121857	AUT	neutron	pi-	0.0	0.004220000000000001	0.070207	0.001593
1.096718	0.093548	0.712447	0.373211	0.309992	AUT	neutron	pi-	0.0	0.001891	0.070207	0.0014789999999999998
1.188816	0.11221600000000001	0.642105	0.373741	0.298095	AUT	neutron	pi-	0.0	0.0021100000000000003	0.070207	0.001478
1.274184	0.12875899999999998	0.599704	0.373954	0.293324	AUT	neutron	pi-	0.0	0.002565	0.070207	0.0014810000000000001
1.359689	0.147516	0.558666	0.37401799999999996	0.291271	AUT	neutron	pi-	0.0	0.0033880000000000004	0.070207	0.001489
1.461784	0.170849	0.518541	0.37449299999999996	0.291093	AUT	neutron	pi-	0.0	0.004625	0.070207	0.001505
1.623027	0.208419	0.47321	0.37501999999999996	0.292177	AUT	neutron	pi-	0.0	0.005503	0.070207	0.0015400000000000001
1.8049119999999998	0.263997	0.41462200000000005	0.375535	0.29174	AUT	neutron	pi-	0.0	0.011325	0.070207	0.001592
1.112082	0.094593	0.7155090000000001	0.374202	0.488068	AUT	neutron	pi-	0.0	0.002171	0.070207	0.0014789999999999998
1.2407219999999999	0.122576	0.614527	0.374044	0.490816	AUT	neutron	pi-	0.0	0.0021260000000000003	0.070207	0.0014789999999999998
1.361256	0.15441400000000002	0.535291	0.374091	0.491738	AUT	neutron	pi-	0.0	0.0020629999999999997	0.070207	0.001493
1.587626	0.20561100000000002	0.470499	0.374938	0.493519	AUT	neutron	pi-	0.0	0.002961	0.070207	0.001536
1.8613680000000001	0.279199	0.403945	0.375156	0.49446999999999997	AUT	neutron	pi-	0.0	0.028236	0.070207	0.0016059999999999998
1.3654950000000001	0.13986700000000002	0.615526	0.37715	0.658624	AUT	neutron	pi-	0.0	0.003415	0.070207	0.0014960000000000002
1.8969939999999998	0.27367600000000003	0.419941	0.37666900000000003	0.630329	AUT	neutron	pi-	0.0	0.43028500000000003	0.070207	0.001603
1.195806	0.128171	0.569837	0.42329700000000003	0.137936	AUT	neutron	pi-	0.0	0.001853	0.070207	0.001467
1.356748	0.167022	0.492734	0.423728	0.12106800000000001	AUT	neutron	pi-	0.0	0.0020239999999999998	0.070207	0.001483
1.560592	0.207965	0.455412	0.423821	0.11826099999999999	AUT	neutron	pi-	0.0	0.0020329999999999997	0.070207	0.001518
1.7846240000000002	0.261814	0.413293	0.42355699999999996	0.125877	AUT	neutron	pi-	0.0	0.004422	0.070207	0.001567
1.118299	0.099107	0.686804	0.42326	0.310442	AUT	neutron	pi-	0.0	0.001854	0.070207	0.00147
1.237509	0.123222	0.608933	0.423789	0.297811	AUT	neutron	pi-	0.0	0.002139	0.070207	0.001468
1.351453	0.146574	0.559075	0.42400299999999996	0.293261	AUT	neutron	pi-	0.0	0.002868	0.070207	0.001475
1.458281	0.175982	0.502758	0.424084	0.291588	AUT	neutron	pi-	0.0	0.004174000000000001	0.070207	0.001492
1.638889	0.22606199999999999	0.44141899999999995	0.4241	0.291785	AUT	neutron	pi-	0.0	0.004661	0.070207	0.001534
1.128953	0.098008	0.701965	0.424046	0.48947399999999996	AUT	neutron	pi-	0.0	0.002348	0.070207	0.00147
1.286641	0.133906	0.584485	0.42401700000000003	0.49104799999999993	AUT	neutron	pi-	0.0	0.0027300000000000002	0.070207	0.00147
1.448795	0.18224500000000002	0.483813	0.42389099999999996	0.493192	AUT	neutron	pi-	0.0	0.0024230000000000002	0.070207	0.0014960000000000002
1.7035509999999998	0.244684	0.42259399999999997	0.42366800000000004	0.491468	AUT	neutron	pi-	0.0	0.008741	0.070207	0.001551
1.247655	0.12270299999999999	0.630268	0.425325	0.67394	AUT	neutron	pi-	0.0	0.002176	0.070207	0.001472
1.627412	0.202291	0.490162	0.425043	0.666639	AUT	neutron	pi-	0.0	0.01042	0.070207	0.001516
1.2282	0.138436	0.542667	0.47347700000000004	0.133115	AUT	neutron	pi-	0.0	0.001853	0.070207	0.001459
1.464906	0.190368	0.46696099999999996	0.47370200000000007	0.121077	AUT	neutron	pi-	0.0	0.001966	0.070207	0.001485
1.7260229999999999	0.246277	0.42538100000000006	0.473576	0.125222	AUT	neutron	pi-	0.0	0.00351	0.070207	0.001531
1.144762	0.10616099999999999	0.65714	0.47313	0.309609	AUT	neutron	pi-	0.0	0.0018579999999999998	0.070207	0.00146
1.2983959999999999	0.13713499999999998	0.574446	0.47389	0.297136	AUT	neutron	pi-	0.0	0.002303	0.070207	0.001459
1.441662	0.172093	0.508718	0.473988	0.29276399999999997	AUT	neutron	pi-	0.0	0.003469	0.070207	0.001474
1.636573	0.22608699999999998	0.440799	0.474042	0.291498	AUT	neutron	pi-	0.0	0.004357	0.070207	0.0015140000000000002
1.160468	0.104825	0.675702	0.473505	0.490296	AUT	neutron	pi-	0.0	0.002396	0.070207	0.0014609999999999998
1.359094	0.153384	0.540805	0.474063	0.49049899999999996	AUT	neutron	pi-	0.0	0.0034170000000000003	0.070207	0.001465
1.603221	0.217229	0.449428	0.473739	0.48795200000000005	AUT	neutron	pi-	0.0	0.005217	0.070207	0.001507
1.2609219999999999	0.128897	0.608364	0.47398599999999996	0.683607	AUT	neutron	pi-	0.0	0.001916	0.070207	0.001463
1.672341	0.208644	0.486958	0.47325900000000004	0.6762779999999999	AUT	neutron	pi-	0.0	0.009281000000000001	0.070207	0.001504
1.269306	0.150701	0.516171	0.523489	0.129601	AUT	neutron	pi-	0.0	0.001854	0.070207	0.001449
1.592125	0.21664299999999997	0.447013	0.523625	0.124304	AUT	neutron	pi-	0.0	0.002367	0.070207	0.001485
1.188137	0.11935	0.606721	0.522676	0.30494099999999996	AUT	neutron	pi-	0.0	0.001893	0.070207	0.0014470000000000002
1.4049399999999999	0.164161	0.520423	0.5239090000000001	0.29501700000000003	AUT	neutron	pi-	0.0	0.002764	0.070207	0.001454
1.6247969999999998	0.223363	0.443168	0.524042	0.29116	AUT	neutron	pi-	0.0	0.003908	0.070207	0.00149
1.2206059999999999	0.12144500000000001	0.614596	0.5227109999999999	0.489149	AUT	neutron	pi-	0.0	0.0029519999999999998	0.070207	0.001448
1.5158	0.190607	0.486567	0.523729	0.486781	AUT	neutron	pi-	0.0	0.004845	0.070207	0.001469
1.31819	0.13861800000000002	0.585965	0.523228	0.729197	AUT	neutron	pi-	0.0	0.0019649999999999997	0.070207	0.001452
1.805368	0.22362600000000002	0.489721	0.522258	0.681229	AUT	neutron	pi-	0.0	0.018271000000000003	0.070207	0.0014960000000000002
1.34212	0.168311	0.48905600000000005	0.5734090000000001	0.12747	AUT	neutron	pi-	0.0	0.0018399999999999998	0.070207	0.001438
1.733468	0.24699899999999997	0.425911	0.573512	0.128057	AUT	neutron	pi-	0.0	0.004961999999999999	0.070207	0.001478
1.241126	0.137493	0.551057	0.572667	0.300531	AUT	neutron	pi-	0.0	0.002089	0.070207	0.0014320000000000001
1.56138	0.205823	0.463134	0.573408	0.290572	AUT	neutron	pi-	0.0	0.003153	0.070207	0.001454
1.334786	0.151726	0.541616	0.5726600000000001	0.488055	AUT	neutron	pi-	0.0	0.004386999999999999	0.070207	0.001437
1.8010580000000003	0.24228400000000003	0.450775	0.571743	0.47490699999999997	AUT	neutron	pi-	0.0	0.022693	0.070207	0.001478
1.3429200000000001	0.145111	0.565688	0.572152	0.73375	AUT	neutron	pi-	0.0	0.002781	0.070207	0.001437
1.218314	0.146397	0.5077109999999999	0.622579	0.234575	AUT	neutron	pi-	0.0	0.0020109999999999998	0.070207	0.00141
1.586303	0.20781799999999997	0.46375500000000003	0.62226	0.20901	AUT	neutron	pi-	0.0	0.0023829999999999997	0.070207	0.001426
1.341485	0.154577	0.529676	0.621366	0.555561	AUT	neutron	pi-	0.0	0.005124	0.070207	0.001416
1.336287	0.164924	0.49247399999999997	0.670929	0.27245	AUT	neutron	pi-	0.0	0.002234	0.070207	0.001387
1.8829810000000002	0.24684499999999998	0.4622	0.666836	0.18544000000000002	AUT	neutron	pi-	0.0	0.012139	0.070207	0.0014089999999999999
2.1949810000000003	0.25206	0.530497	0.324098	0.11375	AUT	neutron	pi-	0.0	0.0031620000000000003	0.070207	0.001622
2.5288939999999998	0.32173	0.477101	0.32660300000000003	0.11901500000000001	AUT	neutron	pi-	0.0	0.004182	0.070207	0.001686
2.240352	0.260794	0.524293	0.32464499999999996	0.291221	AUT	neutron	pi-	0.0	0.007878	0.070207	0.0016300000000000002
2.589994	0.3405	0.46110500000000004	0.32783	0.290573	AUT	neutron	pi-	0.0	0.016736	0.070207	0.0017010000000000003
2.301155	0.274337	0.513714	0.325723	0.5120600000000001	AUT	neutron	pi-	0.0	0.005703	0.070207	0.0016420000000000002
2.245197	0.266531	0.514495	0.373675	0.118354	AUT	neutron	pi-	0.0	0.0028309999999999997	0.070207	0.001607
2.5627299999999997	0.343665	0.451748	0.373393	0.130237	AUT	neutron	pi-	0.0	0.007273999999999999	0.070207	0.0016699999999999998
2.268281	0.274045	0.507297	0.37404	0.290724	AUT	neutron	pi-	0.0	0.0063560000000000005	0.070207	0.0016129999999999999
2.68757	0.364825	0.446092	0.374279	0.288026	AUT	neutron	pi-	0.0	0.023613	0.070207	0.001684
2.287529	0.276429	0.5072810000000001	0.37412199999999995	0.5368649999999999	AUT	neutron	pi-	0.0	0.004651	0.070207	0.001614
2.182717	0.250226	0.5315439999999999	0.42382200000000003	0.20198	AUT	neutron	pi-	0.0	0.003453	0.070207	0.0015689999999999999
2.454574	0.32045799999999997	0.464796	0.423755	0.21220300000000003	AUT	neutron	pi-	0.0	0.003732	0.070207	0.001621
2.283243	0.273959	0.510698	0.423929	0.549338	AUT	neutron	pi-	0.0	0.004818	0.070207	0.001586
2.2307259999999998	0.26277399999999995	0.518393	0.473793	0.20846199999999998	AUT	neutron	pi-	0.0	0.003117	0.070207	0.001553
2.523623	0.33783	0.452608	0.473733	0.225423	AUT	neutron	pi-	0.0	0.00606	0.070207	0.0016010000000000002
2.2786880000000003	0.27070900000000003	0.515653	0.473762	0.552078	AUT	neutron	pi-	0.0	0.005835	0.070207	0.001558
2.237075	0.264366	0.51693	0.523768	0.276071	AUT	neutron	pi-	0.0	0.003195	0.070207	0.001526
2.549504	0.340844	0.453167	0.523278	0.272181	AUT	neutron	pi-	0.0	0.007244	0.070207	0.001568
2.278521	0.271411	0.514039	0.573268	0.301625	AUT	neutron	pi-	0.0	0.003073	0.070207	0.0014960000000000002
2.268011	0.265741	0.520383	0.621876	0.28329299999999996	AUT	neutron	pi-	0.0	0.004033	0.070207	0.0014550000000000001
3.32462	0.357877	0.563454	0.323751	0.191447	AUT	neutron	pi-	0.0	0.005898	0.070207	0.0017289999999999999
3.687235	0.42406800000000006	0.526965	0.323732	0.20113	AUT	neutron	pi-	0.0	0.008273	0.070207	0.0017800000000000001
3.424723	0.375791	0.553812	0.324131	0.527292	AUT	neutron	pi-	0.0	0.012124	0.070207	0.0017420000000000003
3.405697	0.372386	0.555493	0.37376	0.198829	AUT	neutron	pi-	0.0	0.005144	0.070207	0.0017
3.812161	0.450715	0.512216	0.37367399999999995	0.21607300000000002	AUT	neutron	pi-	0.0	0.021463999999999997	0.070207	0.0017519999999999999
3.416921	0.374008	0.5551590000000001	0.37395300000000004	0.539619	AUT	neutron	pi-	0.0	0.012175	0.070207	0.0017010000000000003
3.402745	0.371709	0.555994	0.423756	0.291475	AUT	neutron	pi-	0.0	0.0050409999999999995	0.070207	0.001663
3.814229	0.45074200000000003	0.512465	0.423598	0.278027	AUT	neutron	pi-	0.0	0.023421	0.070207	0.0017059999999999998
3.4217190000000004	0.375037	0.554471	0.473708	0.296548	AUT	neutron	pi-	0.0	0.005495	0.070207	0.001627
3.416975	0.373845	0.5553899999999999	0.523515	0.294323	AUT	neutron	pi-	0.0	0.006154	0.070207	0.001585
3.4042800000000004	0.370219	0.558481	0.573054	0.283735	AUT	neutron	pi-	0.0	0.007117	0.070207	0.001536
4.344434	0.462819	0.568892	0.3238	0.26736	AUT	neutron	pi-	0.0	0.008256999999999999	0.070207	0.001816
4.344021	0.462517	0.569213	0.373744	0.27417199999999997	AUT	neutron	pi-	0.0	0.009434	0.070207	0.0017649999999999999
4.342157	0.462358	0.569156	0.423675	0.27762800000000004	AUT	neutron	pi-	0.0	0.010479	0.070207	0.0017170000000000002
4.339551	0.46152600000000005	0.569843	0.47363599999999995	0.27930900000000003	AUT	neutron	pi-	0.0	0.011562000000000001	0.070207	0.0016690000000000001
