# Q2	x	y	z	pT	obs	target	hadron	value	stat	systrel	systabs
1.0781E+00	6.5975E-02	7.9298E-01	3.2278E-01	3.3769E-01	AUT	neutron	pi-	0.0000E+00	2.1670E-03	7.0207E-02	9.8900E-04
1.1899E+00	7.6068E-02	7.5787E-01	3.2677E-01	3.2462E-01	AUT	neutron	pi-	0.0000E+00	1.9670E-03	7.0207E-02	9.8900E-04
1.3431E+00	8.6672E-02	7.5083E-01	3.2745E-01	3.1829E-01	AUT	neutron	pi-	0.0000E+00	1.9120E-03	7.0207E-02	9.9000E-04
1.5228E+00	9.9474E-02	7.4174E-01	3.2848E-01	3.1095E-01	AUT	neutron	pi-	0.0000E+00	1.9330E-03	7.0207E-02	9.9100E-04
1.7535E+00	1.1656E-01	7.2905E-01	3.3032E-01	3.0167E-01	AUT	neutron	pi-	0.0000E+00	1.9270E-03	7.0207E-02	9.9500E-04
1.9252E+00	1.3342E-01	6.9942E-01	3.3732E-01	2.8966E-01	AUT	neutron	pi-	0.0000E+00	4.1890E-03	7.0207E-02	9.9900E-04
1.0547E+00	6.1821E-02	8.2732E-01	3.2283E-01	5.0099E-01	AUT	neutron	pi-	0.0000E+00	1.9460E-03	7.0207E-02	9.8900E-04
1.1123E+00	6.8480E-02	7.8706E-01	3.2471E-01	4.9691E-01	AUT	neutron	pi-	0.0000E+00	1.9670E-03	7.0207E-02	9.8900E-04
1.1849E+00	7.4370E-02	7.7189E-01	3.2645E-01	4.9473E-01	AUT	neutron	pi-	0.0000E+00	1.9360E-03	7.0207E-02	9.9000E-04
1.2824E+00	8.1165E-02	7.6550E-01	3.2688E-01	4.9348E-01	AUT	neutron	pi-	0.0000E+00	1.9810E-03	7.0207E-02	9.9000E-04
1.4016E+00	8.9524E-02	7.5852E-01	3.2736E-01	4.9148E-01	AUT	neutron	pi-	0.0000E+00	2.0110E-03	7.0207E-02	9.9100E-04
1.5604E+00	1.0103E-01	7.4831E-01	3.2831E-01	4.8856E-01	AUT	neutron	pi-	0.0000E+00	2.0500E-03	7.0207E-02	9.9200E-04
1.7989E+00	1.1955E-01	7.2976E-01	3.3107E-01	4.8423E-01	AUT	neutron	pi-	0.0000E+00	2.4360E-03	7.0207E-02	9.9600E-04
1.1123E+00	6.6948E-02	8.0696E-01	3.2688E-01	6.6875E-01	AUT	neutron	pi-	0.0000E+00	1.9170E-03	7.0207E-02	9.8900E-04
1.4046E+00	8.9441E-02	7.6179E-01	3.2909E-01	6.6994E-01	AUT	neutron	pi-	0.0000E+00	1.9040E-03	7.0207E-02	9.9100E-04
1.7963E+00	1.1959E-01	7.2847E-01	3.3229E-01	6.7224E-01	AUT	neutron	pi-	0.0000E+00	3.6230E-03	7.0207E-02	9.9600E-04
1.0969E+00	7.1730E-02	7.4303E-01	3.7191E-01	3.3438E-01	AUT	neutron	pi-	0.0000E+00	2.1290E-03	7.0207E-02	9.8400E-04
1.1811E+00	8.2553E-02	6.9326E-01	3.7475E-01	3.1435E-01	AUT	neutron	pi-	0.0000E+00	1.9260E-03	7.0207E-02	9.8200E-04
1.2921E+00	9.1268E-02	6.8589E-01	3.7556E-01	3.0850E-01	AUT	neutron	pi-	0.0000E+00	1.9150E-03	7.0207E-02	9.8200E-04
1.4110E+00	1.0022E-01	6.8208E-01	3.7573E-01	3.0324E-01	AUT	neutron	pi-	0.0000E+00	1.9320E-03	7.0207E-02	9.8200E-04
1.5421E+00	1.1022E-01	6.7786E-01	3.7596E-01	2.9800E-01	AUT	neutron	pi-	0.0000E+00	1.8760E-03	7.0207E-02	9.8400E-04
1.6911E+00	1.2191E-01	6.7207E-01	3.7620E-01	2.9151E-01	AUT	neutron	pi-	0.0000E+00	1.8810E-03	7.0207E-02	9.8600E-04
1.8353E+00	1.3708E-01	6.4912E-01	3.7795E-01	2.7929E-01	AUT	neutron	pi-	0.0000E+00	1.9030E-03	7.0207E-02	9.9100E-04
1.9369E+00	1.5456E-01	6.0733E-01	3.8704E-01	2.6059E-01	AUT	neutron	pi-	0.0000E+00	5.2160E-03	7.0207E-02	9.9600E-04
1.0714E+00	6.4432E-02	8.0700E-01	3.7284E-01	5.0291E-01	AUT	neutron	pi-	0.0000E+00	1.8800E-03	7.0207E-02	9.8500E-04
1.1321E+00	7.3076E-02	7.5077E-01	3.7329E-01	4.9775E-01	AUT	neutron	pi-	0.0000E+00	1.9230E-03	7.0207E-02	9.8400E-04
1.1888E+00	7.9488E-02	7.2461E-01	3.7434E-01	4.9424E-01	AUT	neutron	pi-	0.0000E+00	1.9920E-03	7.0207E-02	9.8300E-04
1.2684E+00	8.6020E-02	7.1435E-01	3.7512E-01	4.9244E-01	AUT	neutron	pi-	0.0000E+00	2.0010E-03	7.0207E-02	9.8300E-04
1.3680E+00	9.3584E-02	7.0821E-01	3.7531E-01	4.9117E-01	AUT	neutron	pi-	0.0000E+00	2.0510E-03	7.0207E-02	9.8300E-04
1.4876E+00	1.0264E-01	7.0215E-01	3.7551E-01	4.8940E-01	AUT	neutron	pi-	0.0000E+00	2.1070E-03	7.0207E-02	9.8300E-04
1.6357E+00	1.1412E-01	6.9444E-01	3.7580E-01	4.8738E-01	AUT	neutron	pi-	0.0000E+00	2.2460E-03	7.0207E-02	9.8500E-04
1.8212E+00	1.3241E-01	6.6780E-01	3.7751E-01	4.8417E-01	AUT	neutron	pi-	0.0000E+00	2.7930E-03	7.0207E-02	9.9000E-04
1.9853E+00	1.6682E-01	5.7657E-01	3.9714E-01	4.8360E-01	AUT	neutron	pi-	0.0000E+00	3.9024E-01	7.0207E-02	9.9900E-04
1.0950E+00	6.6283E-02	8.0229E-01	3.7468E-01	6.7880E-01	AUT	neutron	pi-	0.0000E+00	1.9320E-03	7.0207E-02	9.8400E-04
1.2268E+00	8.0471E-02	7.3907E-01	3.7565E-01	6.7601E-01	AUT	neutron	pi-	0.0000E+00	1.9380E-03	7.0207E-02	9.8400E-04
1.4419E+00	9.8124E-02	7.1236E-01	3.7642E-01	6.7721E-01	AUT	neutron	pi-	0.0000E+00	1.9310E-03	7.0207E-02	9.8300E-04
1.7502E+00	1.2554E-01	6.7733E-01	3.7747E-01	6.8053E-01	AUT	neutron	pi-	0.0000E+00	2.4200E-03	7.0207E-02	9.8800E-04
1.3681E+00	9.0583E-02	7.4369E-01	3.7867E-01	8.6207E-01	AUT	neutron	pi-	0.0000E+00	2.9310E-03	7.0207E-02	9.8400E-04
1.4888E+00	1.2205E-01	5.9203E-01	4.2556E-01	1.5242E-01	AUT	neutron	pi-	0.0000E+00	2.0830E-03	7.0207E-02	9.7700E-04
1.9001E+00	1.6665E-01	5.5280E-01	4.3140E-01	1.3184E-01	AUT	neutron	pi-	0.0000E+00	5.6240E-03	7.0207E-02	9.9100E-04
1.1166E+00	7.7392E-02	7.0147E-01	4.2232E-01	3.3229E-01	AUT	neutron	pi-	0.0000E+00	2.1500E-03	7.0207E-02	9.7800E-04
1.2211E+00	9.0719E-02	6.5226E-01	4.2315E-01	3.1860E-01	AUT	neutron	pi-	0.0000E+00	1.9020E-03	7.0207E-02	9.7600E-04
1.3359E+00	1.0131E-01	6.3889E-01	4.2424E-01	3.1480E-01	AUT	neutron	pi-	0.0000E+00	1.8440E-03	7.0207E-02	9.7500E-04
1.4680E+00	1.1242E-01	6.3264E-01	4.2489E-01	3.1189E-01	AUT	neutron	pi-	0.0000E+00	1.8460E-03	7.0207E-02	9.7500E-04
1.6184E+00	1.2500E-01	6.2732E-01	4.2499E-01	3.0922E-01	AUT	neutron	pi-	0.0000E+00	1.8600E-03	7.0207E-02	9.7700E-04
1.7585E+00	1.4157E-01	6.0221E-01	4.2573E-01	3.0482E-01	AUT	neutron	pi-	0.0000E+00	1.9080E-03	7.0207E-02	9.8200E-04
1.8876E+00	1.6262E-01	5.6290E-01	4.2938E-01	2.9653E-01	AUT	neutron	pi-	0.0000E+00	3.5320E-03	7.0207E-02	9.8900E-04
1.0884E+00	6.7330E-02	7.8521E-01	4.2301E-01	5.0495E-01	AUT	neutron	pi-	0.0000E+00	1.8650E-03	7.0207E-02	9.8100E-04
1.1613E+00	7.8196E-02	7.1986E-01	4.2352E-01	4.9841E-01	AUT	neutron	pi-	0.0000E+00	1.9030E-03	7.0207E-02	9.7900E-04
1.2285E+00	8.6326E-02	6.8955E-01	4.2377E-01	4.9440E-01	AUT	neutron	pi-	0.0000E+00	1.9740E-03	7.0207E-02	9.7700E-04
1.3159E+00	9.4337E-02	6.7584E-01	4.2409E-01	4.9252E-01	AUT	neutron	pi-	0.0000E+00	2.0720E-03	7.0207E-02	9.7600E-04
1.4190E+00	1.0325E-01	6.6587E-01	4.2465E-01	4.9115E-01	AUT	neutron	pi-	0.0000E+00	2.1080E-03	7.0207E-02	9.7600E-04
1.5518E+00	1.1428E-01	6.5794E-01	4.2493E-01	4.8976E-01	AUT	neutron	pi-	0.0000E+00	2.1880E-03	7.0207E-02	9.7600E-04
1.7093E+00	1.2888E-01	6.4289E-01	4.2529E-01	4.8729E-01	AUT	neutron	pi-	0.0000E+00	2.4850E-03	7.0207E-02	9.7900E-04
1.8350E+00	1.5083E-01	5.9076E-01	4.2735E-01	4.8490E-01	AUT	neutron	pi-	0.0000E+00	6.6410E-03	7.0207E-02	9.8500E-04
1.1041E+00	6.8016E-02	7.8888E-01	4.2412E-01	6.8839E-01	AUT	neutron	pi-	0.0000E+00	1.9310E-03	7.0207E-02	9.8000E-04
1.2357E+00	8.3405E-02	7.1848E-01	4.2446E-01	6.8402E-01	AUT	neutron	pi-	0.0000E+00	2.0310E-03	7.0207E-02	9.7800E-04
1.4092E+00	1.0025E-01	6.8148E-01	4.2503E-01	6.8343E-01	AUT	neutron	pi-	0.0000E+00	2.0910E-03	7.0207E-02	9.7600E-04
1.6919E+00	1.2973E-01	6.3536E-01	4.2611E-01	6.8550E-01	AUT	neutron	pi-	0.0000E+00	2.2630E-03	7.0207E-02	9.7900E-04
1.3608E+00	9.4213E-02	7.1558E-01	4.2660E-01	8.6884E-01	AUT	neutron	pi-	0.0000E+00	1.9230E-03	7.0207E-02	9.7900E-04
1.9085E+00	1.6709E-01	5.5376E-01	4.3269E-01	8.6890E-01	AUT	neutron	pi-	0.0000E+00	4.4224E-02	7.0207E-02	9.9100E-04
1.4633E+00	1.2818E-01	5.5517E-01	4.7446E-01	1.4465E-01	AUT	neutron	pi-	0.0000E+00	1.8820E-03	7.0207E-02	9.6900E-04
1.8381E+00	1.7389E-01	5.1297E-01	4.7787E-01	1.2838E-01	AUT	neutron	pi-	0.0000E+00	3.5000E-03	7.0207E-02	9.8200E-04
1.1469E+00	8.3469E-02	6.6803E-01	4.7263E-01	3.2902E-01	AUT	neutron	pi-	0.0000E+00	2.1350E-03	7.0207E-02	9.7300E-04
1.3058E+00	1.0117E-01	6.2562E-01	4.7318E-01	3.1687E-01	AUT	neutron	pi-	0.0000E+00	1.8880E-03	7.0207E-02	9.6900E-04
1.4365E+00	1.1550E-01	6.0268E-01	4.7352E-01	3.1116E-01	AUT	neutron	pi-	0.0000E+00	1.8470E-03	7.0207E-02	9.6800E-04
1.5701E+00	1.2997E-01	5.8546E-01	4.7444E-01	3.0676E-01	AUT	neutron	pi-	0.0000E+00	1.8660E-03	7.0207E-02	9.6900E-04
1.7099E+00	1.4858E-01	5.5801E-01	4.7512E-01	3.0127E-01	AUT	neutron	pi-	0.0000E+00	1.9900E-03	7.0207E-02	9.7300E-04
1.8559E+00	1.7418E-01	5.1698E-01	4.7739E-01	2.9217E-01	AUT	neutron	pi-	0.0000E+00	3.8130E-03	7.0207E-02	9.8300E-04
1.1098E+00	7.1315E-02	7.5674E-01	4.7308E-01	5.0712E-01	AUT	neutron	pi-	0.0000E+00	1.8420E-03	7.0207E-02	9.7600E-04
1.2043E+00	8.4973E-02	6.8693E-01	4.7362E-01	4.9896E-01	AUT	neutron	pi-	0.0000E+00	1.8710E-03	7.0207E-02	9.7300E-04
1.3145E+00	9.5981E-02	6.6368E-01	4.7384E-01	4.9524E-01	AUT	neutron	pi-	0.0000E+00	1.9520E-03	7.0207E-02	9.7000E-04
1.4341E+00	1.0774E-01	6.4500E-01	4.7398E-01	4.9281E-01	AUT	neutron	pi-	0.0000E+00	2.0460E-03	7.0207E-02	9.6900E-04
1.5717E+00	1.2157E-01	6.2650E-01	4.7434E-01	4.9124E-01	AUT	neutron	pi-	0.0000E+00	2.2240E-03	7.0207E-02	9.6900E-04
1.7098E+00	1.4178E-01	5.8540E-01	4.7517E-01	4.8761E-01	AUT	neutron	pi-	0.0000E+00	3.0500E-03	7.0207E-02	9.7200E-04
1.8508E+00	1.7267E-01	5.2022E-01	4.7758E-01	4.8778E-01	AUT	neutron	pi-	0.0000E+00	2.0963E-02	7.0207E-02	9.8200E-04
1.1167E+00	7.0297E-02	7.7269E-01	4.7381E-01	6.9202E-01	AUT	neutron	pi-	0.0000E+00	1.9790E-03	7.0207E-02	9.7700E-04
1.2760E+00	8.8363E-02	7.0027E-01	4.7432E-01	6.8704E-01	AUT	neutron	pi-	0.0000E+00	2.1830E-03	7.0207E-02	9.7200E-04
1.4851E+00	1.0969E-01	6.5683E-01	4.7447E-01	6.8567E-01	AUT	neutron	pi-	0.0000E+00	2.4260E-03	7.0207E-02	9.6900E-04
1.7064E+00	1.4339E-01	5.8078E-01	4.7568E-01	6.8628E-01	AUT	neutron	pi-	0.0000E+00	3.3200E-03	7.0207E-02	9.7300E-04
1.2662E+00	8.5533E-02	7.2775E-01	4.7550E-01	8.7536E-01	AUT	neutron	pi-	0.0000E+00	1.8610E-03	7.0207E-02	9.7300E-04
1.6830E+00	1.3949E-01	5.8969E-01	4.7638E-01	8.7595E-01	AUT	neutron	pi-	0.0000E+00	3.7320E-03	7.0207E-02	9.7200E-04
1.4993E+00	1.3910E-01	5.2596E-01	5.2398E-01	1.3852E-01	AUT	neutron	pi-	0.0000E+00	1.8340E-03	7.0207E-02	9.6100E-04
1.8283E+00	1.8925E-01	4.6886E-01	5.2689E-01	1.2665E-01	AUT	neutron	pi-	0.0000E+00	3.4870E-03	7.0207E-02	9.7500E-04
1.1940E+00	9.0408E-02	6.4213E-01	5.2287E-01	3.2602E-01	AUT	neutron	pi-	0.0000E+00	2.0790E-03	7.0207E-02	9.6600E-04
1.4096E+00	1.1426E-01	5.9812E-01	5.2336E-01	3.1401E-01	AUT	neutron	pi-	0.0000E+00	1.8440E-03	7.0207E-02	9.6000E-04
1.5608E+00	1.3456E-01	5.6250E-01	5.2361E-01	3.0581E-01	AUT	neutron	pi-	0.0000E+00	1.8640E-03	7.0207E-02	9.6000E-04
1.7035E+00	1.6022E-01	5.1606E-01	5.2475E-01	2.9755E-01	AUT	neutron	pi-	0.0000E+00	2.1610E-03	7.0207E-02	9.6500E-04
1.8661E+00	1.9400E-01	4.6666E-01	5.2737E-01	2.9088E-01	AUT	neutron	pi-	0.0000E+00	9.1010E-03	7.0207E-02	9.7700E-04
1.1280E+00	7.5328E-02	7.2897E-01	5.2314E-01	5.0901E-01	AUT	neutron	pi-	0.0000E+00	1.8990E-03	7.0207E-02	9.7100E-04
1.2635E+00	9.2286E-02	6.6367E-01	5.2369E-01	4.9990E-01	AUT	neutron	pi-	0.0000E+00	1.8620E-03	7.0207E-02	9.6500E-04
1.4180E+00	1.0787E-01	6.3716E-01	5.2388E-01	4.9541E-01	AUT	neutron	pi-	0.0000E+00	1.9270E-03	7.0207E-02	9.6200E-04
1.5840E+00	1.2622E-01	6.0856E-01	5.2399E-01	4.9252E-01	AUT	neutron	pi-	0.0000E+00	2.1440E-03	7.0207E-02	9.6000E-04
1.7170E+00	1.5692E-01	5.3329E-01	5.2499E-01	4.8866E-01	AUT	neutron	pi-	0.0000E+00	3.9480E-03	7.0207E-02	9.6500E-04
1.9197E+00	2.0754E-01	4.4838E-01	5.3029E-01	4.8977E-01	AUT	neutron	pi-	0.0000E+00	3.8364E-02	7.0207E-02	9.8200E-04
1.1382E+00	7.3809E-02	7.5120E-01	5.2397E-01	6.9310E-01	AUT	neutron	pi-	0.0000E+00	1.9220E-03	7.0207E-02	9.7200E-04
1.3519E+00	9.6636E-02	6.7861E-01	5.2430E-01	6.8777E-01	AUT	neutron	pi-	0.0000E+00	2.2460E-03	7.0207E-02	9.6500E-04
1.6038E+00	1.2840E-01	6.0903E-01	5.2448E-01	6.8617E-01	AUT	neutron	pi-	0.0000E+00	3.0090E-03	7.0207E-02	9.6100E-04
1.7765E+00	1.7557E-01	4.9199E-01	5.2625E-01	6.8752E-01	AUT	neutron	pi-	0.0000E+00	7.9880E-03	7.0207E-02	9.7000E-04
1.2495E+00	8.4236E-02	7.2774E-01	5.2483E-01	8.8245E-01	AUT	neutron	pi-	0.0000E+00	1.9460E-03	7.0207E-02	9.6800E-04
1.6364E+00	1.3997E-01	5.7462E-01	5.2508E-01	8.8166E-01	AUT	neutron	pi-	0.0000E+00	2.8440E-03	7.0207E-02	9.6300E-04
1.3701E+00	9.7122E-02	7.0417E-01	5.2665E-01	1.0861E+00	AUT	neutron	pi-	0.0000E+00	3.2750E-03	7.0207E-02	9.6700E-04
1.5611E+00	1.5402E-01	4.9752E-01	5.7388E-01	1.3454E-01	AUT	neutron	pi-	0.0000E+00	1.8180E-03	7.0207E-02	9.5200E-04
1.8725E+00	2.1448E-01	4.2344E-01	5.7685E-01	1.2492E-01	AUT	neutron	pi-	0.0000E+00	5.5230E-03	7.0207E-02	9.6700E-04
1.2551E+00	9.8661E-02	6.1897E-01	5.7310E-01	3.2280E-01	AUT	neutron	pi-	0.0000E+00	1.9830E-03	7.0207E-02	9.5600E-04
1.5236E+00	1.3102E-01	5.6438E-01	5.7354E-01	3.0931E-01	AUT	neutron	pi-	0.0000E+00	1.8220E-03	7.0207E-02	9.4900E-04
1.6887E+00	1.6623E-01	4.9423E-01	5.7414E-01	2.9739E-01	AUT	neutron	pi-	0.0000E+00	2.2520E-03	7.0207E-02	9.5300E-04
1.8592E+00	2.1117E-01	4.2720E-01	5.7700E-01	2.9150E-01	AUT	neutron	pi-	0.0000E+00	9.7540E-03	7.0207E-02	9.6600E-04
1.1604E+00	8.0856E-02	6.9911E-01	5.7321E-01	5.0945E-01	AUT	neutron	pi-	0.0000E+00	1.8790E-03	7.0207E-02	9.6300E-04
1.3622E+00	1.0356E-01	6.3789E-01	5.7373E-01	4.9922E-01	AUT	neutron	pi-	0.0000E+00	1.8280E-03	7.0207E-02	9.5400E-04
1.5707E+00	1.2710E-01	5.9959E-01	5.7392E-01	4.9431E-01	AUT	neutron	pi-	0.0000E+00	2.0440E-03	7.0207E-02	9.5000E-04
1.7195E+00	1.6733E-01	5.0331E-01	5.7467E-01	4.8981E-01	AUT	neutron	pi-	0.0000E+00	4.3330E-03	7.0207E-02	9.5400E-04
1.1603E+00	7.7252E-02	7.3255E-01	5.7389E-01	6.9460E-01	AUT	neutron	pi-	0.0000E+00	1.8890E-03	7.0207E-02	9.6500E-04
1.4363E+00	1.0606E-01	6.5739E-01	5.7428E-01	6.8886E-01	AUT	neutron	pi-	0.0000E+00	2.2340E-03	7.0207E-02	9.5400E-04
1.6815E+00	1.5225E-01	5.4438E-01	5.7454E-01	6.8639E-01	AUT	neutron	pi-	0.0000E+00	4.2630E-03	7.0207E-02	9.5200E-04
1.2782E+00	8.7873E-02	7.1489E-01	5.7452E-01	8.8680E-01	AUT	neutron	pi-	0.0000E+00	2.0530E-03	7.0207E-02	9.6100E-04
1.6592E+00	1.4575E-01	5.5780E-01	5.7394E-01	8.8204E-01	AUT	neutron	pi-	0.0000E+00	3.7870E-03	7.0207E-02	9.5100E-04
1.3530E+00	9.4984E-02	7.0828E-01	5.7571E-01	1.1016E+00	AUT	neutron	pi-	0.0000E+00	2.6970E-03	7.0207E-02	9.6000E-04
1.3051E+00	1.0686E-01	5.9488E-01	6.2316E-01	3.0144E-01	AUT	neutron	pi-	0.0000E+00	1.9150E-03	7.0207E-02	9.4300E-04
1.5687E+00	1.4380E-01	5.2972E-01	6.2351E-01	2.6040E-01	AUT	neutron	pi-	0.0000E+00	1.8100E-03	7.0207E-02	9.3500E-04
1.7080E+00	1.8272E-01	4.5486E-01	6.2389E-01	2.2665E-01	AUT	neutron	pi-	0.0000E+00	2.0470E-03	7.0207E-02	9.3800E-04
1.8560E+00	2.2861E-01	3.9390E-01	6.2635E-01	2.1940E-01	AUT	neutron	pi-	0.0000E+00	4.4020E-03	7.0207E-02	9.4900E-04
1.2045E+00	8.7226E-02	6.7304E-01	6.2325E-01	5.0880E-01	AUT	neutron	pi-	0.0000E+00	1.8580E-03	7.0207E-02	9.5300E-04
1.4821E+00	1.1813E-01	6.0890E-01	6.2372E-01	4.9791E-01	AUT	neutron	pi-	0.0000E+00	1.8630E-03	7.0207E-02	9.3900E-04
1.6974E+00	1.6520E-01	5.0609E-01	6.2403E-01	4.9093E-01	AUT	neutron	pi-	0.0000E+00	3.1660E-03	7.0207E-02	9.3700E-04
1.1933E+00	8.1808E-02	7.1240E-01	6.2383E-01	6.9595E-01	AUT	neutron	pi-	0.0000E+00	1.8620E-03	7.0207E-02	9.5600E-04
1.5420E+00	1.2108E-01	6.2109E-01	6.2420E-01	6.8925E-01	AUT	neutron	pi-	0.0000E+00	2.3840E-03	7.0207E-02	9.3900E-04
1.7316E+00	1.7539E-01	4.8113E-01	6.2323E-01	6.8177E-01	AUT	neutron	pi-	0.0000E+00	1.2356E-02	7.0207E-02	9.3800E-04
1.3255E+00	9.3725E-02	6.9780E-01	6.2438E-01	8.8758E-01	AUT	neutron	pi-	0.0000E+00	2.1630E-03	7.0207E-02	9.5000E-04
1.7293E+00	1.5540E-01	5.4119E-01	6.2293E-01	8.7538E-01	AUT	neutron	pi-	0.0000E+00	9.7590E-03	7.0207E-02	9.3600E-04
1.3318E+00	9.1519E-02	7.1941E-01	6.2487E-01	1.1127E+00	AUT	neutron	pi-	0.0000E+00	2.6100E-03	7.0207E-02	9.5200E-04
1.3794E+00	1.1778E-01	5.7175E-01	6.7327E-01	2.9090E-01	AUT	neutron	pi-	0.0000E+00	1.8100E-03	7.0207E-02	9.2600E-04
1.6639E+00	1.7023E-01	4.7658E-01	6.7354E-01	2.3905E-01	AUT	neutron	pi-	0.0000E+00	1.8880E-03	7.0207E-02	9.1600E-04
1.8064E+00	2.2164E-01	3.9564E-01	6.7189E-01	2.0988E-01	AUT	neutron	pi-	0.0000E+00	3.7430E-03	7.0207E-02	9.2400E-04
1.2710E+00	9.5835E-02	6.4729E-01	6.7331E-01	5.0772E-01	AUT	neutron	pi-	0.0000E+00	1.8010E-03	7.0207E-02	9.3800E-04
1.6273E+00	1.4642E-01	5.4518E-01	6.7364E-01	4.9408E-01	AUT	neutron	pi-	0.0000E+00	2.1640E-03	7.0207E-02	9.1900E-04
1.8491E+00	2.1335E-01	4.2033E-01	6.6918E-01	4.7251E-01	AUT	neutron	pi-	0.0000E+00	2.8615E-02	7.0207E-02	9.2400E-04
1.2468E+00	8.8446E-02	6.8975E-01	6.7378E-01	6.9712E-01	AUT	neutron	pi-	0.0000E+00	1.8140E-03	7.0207E-02	9.4300E-04
1.6321E+00	1.3734E-01	5.8264E-01	6.7355E-01	6.8726E-01	AUT	neutron	pi-	0.0000E+00	3.2250E-03	7.0207E-02	9.2100E-04
1.2312E+00	8.2519E-02	7.3000E-01	6.7423E-01	9.7705E-01	AUT	neutron	pi-	0.0000E+00	1.9860E-03	7.0207E-02	9.4600E-04
1.6478E+00	1.2614E-01	6.3675E-01	6.7327E-01	9.2253E-01	AUT	neutron	pi-	0.0000E+00	4.8000E-03	7.0207E-02	9.2300E-04
2.1701E+00	1.4802E-01	7.1145E-01	3.3421E-01	2.8746E-01	AUT	neutron	pi-	0.0000E+00	2.5980E-03	7.0207E-02	1.0090E-03
2.5582E+00	1.8243E-01	6.7967E-01	3.4224E-01	2.6843E-01	AUT	neutron	pi-	0.0000E+00	6.1930E-03	7.0207E-02	1.0300E-03
2.2022E+00	1.5010E-01	7.1275E-01	3.3471E-01	5.3897E-01	AUT	neutron	pi-	0.0000E+00	3.1250E-03	7.0207E-02	1.0100E-03
2.1053E+00	1.4683E-01	6.9563E-01	3.7308E-01	2.8903E-01	AUT	neutron	pi-	0.0000E+00	2.4770E-03	7.0207E-02	9.9900E-04
2.2244E+00	1.6435E-01	6.5583E-01	3.7654E-01	2.7154E-01	AUT	neutron	pi-	0.0000E+00	2.4610E-03	7.0207E-02	1.0070E-03
2.4112E+00	1.8163E-01	6.4324E-01	3.7834E-01	2.6114E-01	AUT	neutron	pi-	0.0000E+00	2.5980E-03	7.0207E-02	1.0170E-03
2.7041E+00	2.0919E-01	6.2673E-01	3.8155E-01	2.4561E-01	AUT	neutron	pi-	0.0000E+00	2.7480E-03	7.0207E-02	1.0350E-03
2.9539E+00	2.4365E-01	5.8740E-01	3.9361E-01	2.2120E-01	AUT	neutron	pi-	0.0000E+00	2.4116E-02	7.0207E-02	1.0540E-03
2.1342E+00	1.4899E-01	6.9542E-01	3.7480E-01	4.8383E-01	AUT	neutron	pi-	0.0000E+00	3.3660E-03	7.0207E-02	9.9900E-04
2.4840E+00	1.8723E-01	6.4406E-01	3.7921E-01	4.8348E-01	AUT	neutron	pi-	0.0000E+00	8.5680E-03	7.0207E-02	1.0210E-03
2.3148E+00	1.6930E-01	6.6679E-01	3.7777E-01	7.1532E-01	AUT	neutron	pi-	0.0000E+00	2.7650E-03	7.0207E-02	1.0110E-03
2.2850E+00	1.8249E-01	6.0889E-01	4.2487E-01	1.3904E-01	AUT	neutron	pi-	0.0000E+00	2.5170E-03	7.0207E-02	1.0050E-03
2.7207E+00	2.3094E-01	5.7165E-01	4.2822E-01	1.2787E-01	AUT	neutron	pi-	0.0000E+00	3.4740E-03	7.0207E-02	1.0340E-03
2.1354E+00	1.5339E-01	6.7610E-01	4.2319E-01	3.1040E-01	AUT	neutron	pi-	0.0000E+00	2.4870E-03	7.0207E-02	9.9100E-04
2.2550E+00	1.7633E-01	6.1983E-01	4.2413E-01	3.0288E-01	AUT	neutron	pi-	0.0000E+00	2.6330E-03	7.0207E-02	1.0010E-03
2.4387E+00	1.9679E-01	6.0047E-01	4.2574E-01	2.9782E-01	AUT	neutron	pi-	0.0000E+00	2.8180E-03	7.0207E-02	1.0130E-03
2.7301E+00	2.2832E-01	5.8020E-01	4.2738E-01	2.9196E-01	AUT	neutron	pi-	0.0000E+00	3.5800E-03	7.0207E-02	1.0330E-03
2.1437E+00	1.5198E-01	6.8517E-01	4.2411E-01	4.8804E-01	AUT	neutron	pi-	0.0000E+00	2.9200E-03	7.0207E-02	9.9000E-04
2.3513E+00	1.8427E-01	6.1883E-01	4.2538E-01	4.8445E-01	AUT	neutron	pi-	0.0000E+00	6.4230E-03	7.0207E-02	1.0060E-03
2.7011E+00	2.2449E-01	5.8398E-01	4.2747E-01	4.8594E-01	AUT	neutron	pi-	0.0000E+00	1.8880E-02	7.0207E-02	1.0300E-03
2.2360E+00	1.6776E-01	6.5035E-01	4.2523E-01	7.2957E-01	AUT	neutron	pi-	0.0000E+00	2.8920E-03	7.0207E-02	9.9800E-04
2.6808E+00	2.2305E-01	5.8337E-01	4.2779E-01	7.3469E-01	AUT	neutron	pi-	0.0000E+00	5.3270E-03	7.0207E-02	1.0290E-03
2.2728E+00	1.9105E-01	5.7935E-01	4.7399E-01	1.3470E-01	AUT	neutron	pi-	0.0000E+00	2.5040E-03	7.0207E-02	9.9600E-04
2.6536E+00	2.4369E-01	5.2883E-01	4.7641E-01	1.2678E-01	AUT	neutron	pi-	0.0000E+00	2.8980E-03	7.0207E-02	1.0230E-03
2.1630E+00	1.5997E-01	6.5739E-01	4.7326E-01	3.1050E-01	AUT	neutron	pi-	0.0000E+00	2.4690E-03	7.0207E-02	9.8300E-04
2.3007E+00	1.8878E-01	5.9086E-01	4.7369E-01	3.0065E-01	AUT	neutron	pi-	0.0000E+00	2.6750E-03	7.0207E-02	9.9500E-04
2.4936E+00	2.1440E-01	5.6363E-01	4.7495E-01	2.9540E-01	AUT	neutron	pi-	0.0000E+00	3.1450E-03	7.0207E-02	1.0090E-03
2.7363E+00	2.5094E-01	5.2945E-01	4.7666E-01	2.9088E-01	AUT	neutron	pi-	0.0000E+00	6.1250E-03	7.0207E-02	1.0270E-03
2.1685E+00	1.5719E-01	6.7075E-01	4.7399E-01	4.9109E-01	AUT	neutron	pi-	0.0000E+00	2.7140E-03	7.0207E-02	9.8200E-04
2.3836E+00	1.9560E-01	5.9144E-01	4.7460E-01	4.8605E-01	AUT	neutron	pi-	0.0000E+00	6.0390E-03	7.0207E-02	9.9900E-04
2.6817E+00	2.4147E-01	5.3967E-01	4.7645E-01	4.8786E-01	AUT	neutron	pi-	0.0000E+00	1.6492E-02	7.0207E-02	1.0230E-03
2.3174E+00	1.8380E-01	6.1970E-01	4.7489E-01	6.8405E-01	AUT	neutron	pi-	0.0000E+00	5.4530E-03	7.0207E-02	9.9400E-04
2.7828E+00	2.6253E-01	5.1425E-01	4.7813E-01	6.8560E-01	AUT	neutron	pi-	0.0000E+00	2.0659E-02	7.0207E-02	1.0330E-03
2.3588E+00	1.9088E-01	6.0886E-01	4.7564E-01	9.0931E-01	AUT	neutron	pi-	0.0000E+00	4.2370E-03	7.0207E-02	9.9700E-04
2.2990E+00	2.0238E-01	5.5418E-01	5.2368E-01	1.3212E-01	AUT	neutron	pi-	0.0000E+00	2.4650E-03	7.0207E-02	9.8600E-04
2.6344E+00	2.6093E-01	4.9055E-01	5.2546E-01	1.2585E-01	AUT	neutron	pi-	0.0000E+00	3.1320E-03	7.0207E-02	1.0120E-03
2.1958E+00	1.6810E-01	6.3598E-01	5.2338E-01	3.0967E-01	AUT	neutron	pi-	0.0000E+00	2.4260E-03	7.0207E-02	9.7300E-04
2.3719E+00	2.0482E-01	5.6165E-01	5.2372E-01	2.9876E-01	AUT	neutron	pi-	0.0000E+00	2.8390E-03	7.0207E-02	9.8800E-04
2.5892E+00	2.4551E-01	5.1234E-01	5.2510E-01	2.9257E-01	AUT	neutron	pi-	0.0000E+00	4.0580E-03	7.0207E-02	1.0060E-03
2.8426E+00	3.0305E-01	4.5479E-01	5.2884E-01	2.9053E-01	AUT	neutron	pi-	0.0000E+00	9.7500E-03	7.0207E-02	1.0260E-03
2.1963E+00	1.6295E-01	6.5606E-01	5.2388E-01	4.9317E-01	AUT	neutron	pi-	0.0000E+00	2.6710E-03	7.0207E-02	9.7200E-04
2.4400E+00	2.1129E-01	5.6142E-01	5.2449E-01	4.8763E-01	AUT	neutron	pi-	0.0000E+00	6.3100E-03	7.0207E-02	9.9100E-04
2.6898E+00	2.6858E-01	4.8663E-01	5.2623E-01	4.8931E-01	AUT	neutron	pi-	0.0000E+00	1.5507E-02	7.0207E-02	1.0150E-03
2.3237E+00	1.8983E-01	6.0481E-01	5.2468E-01	6.8474E-01	AUT	neutron	pi-	0.0000E+00	5.4780E-03	7.0207E-02	9.8200E-04
2.7497E+00	2.8142E-01	4.7414E-01	5.2669E-01	6.8409E-01	AUT	neutron	pi-	0.0000E+00	2.4148E-02	7.0207E-02	1.0200E-03
2.3438E+00	1.9150E-01	6.0428E-01	5.2452E-01	9.2238E-01	AUT	neutron	pi-	0.0000E+00	3.9560E-03	7.0207E-02	9.8300E-04
2.3404E+00	2.1569E-01	5.3074E-01	5.7356E-01	1.3057E-01	AUT	neutron	pi-	0.0000E+00	2.4520E-03	7.0207E-02	9.7300E-04
2.6539E+00	2.8357E-01	4.5472E-01	5.7487E-01	1.2585E-01	AUT	neutron	pi-	0.0000E+00	4.1820E-03	7.0207E-02	9.9600E-04
2.2334E+00	1.7749E-01	6.1366E-01	5.7342E-01	3.0855E-01	AUT	neutron	pi-	0.0000E+00	2.4210E-03	7.0207E-02	9.6000E-04
2.4487E+00	2.2658E-01	5.2498E-01	5.7390E-01	2.9615E-01	AUT	neutron	pi-	0.0000E+00	3.1070E-03	7.0207E-02	9.7700E-04
2.6473E+00	2.8427E-01	4.5289E-01	5.7560E-01	2.9214E-01	AUT	neutron	pi-	0.0000E+00	4.1500E-03	7.0207E-02	9.9500E-04
2.2346E+00	1.7103E-01	6.3718E-01	5.7385E-01	4.9428E-01	AUT	neutron	pi-	0.0000E+00	2.6560E-03	7.0207E-02	9.5900E-04
2.5208E+00	2.4204E-01	5.1052E-01	5.7455E-01	4.8913E-01	AUT	neutron	pi-	0.0000E+00	6.4830E-03	7.0207E-02	9.8200E-04
2.2737E+00	1.7843E-01	6.2536E-01	5.7438E-01	7.4059E-01	AUT	neutron	pi-	0.0000E+00	4.5770E-03	7.0207E-02	9.6100E-04
2.5821E+00	2.5182E-01	4.9879E-01	5.7362E-01	7.1346E-01	AUT	neutron	pi-	0.0000E+00	1.1120E-02	7.0207E-02	9.8600E-04
2.4090E+00	2.3686E-01	5.0136E-01	6.2360E-01	1.2964E-01	AUT	neutron	pi-	0.0000E+00	2.3980E-03	7.0207E-02	9.5500E-04
2.8442E+00	3.4878E-01	3.9522E-01	6.2281E-01	1.4358E-01	AUT	neutron	pi-	0.0000E+00	2.8445E-02	7.0207E-02	9.7800E-04
2.2809E+00	1.8916E-01	5.8940E-01	6.2346E-01	3.0658E-01	AUT	neutron	pi-	0.0000E+00	2.4220E-03	7.0207E-02	9.4400E-04
2.5250E+00	2.6379E-01	4.6806E-01	6.2378E-01	2.9370E-01	AUT	neutron	pi-	0.0000E+00	2.8470E-03	7.0207E-02	9.6200E-04
2.2845E+00	1.8164E-01	6.1524E-01	6.2381E-01	4.9488E-01	AUT	neutron	pi-	0.0000E+00	2.6910E-03	7.0207E-02	9.4200E-04
2.5390E+00	2.5573E-01	4.8442E-01	6.2325E-01	4.8641E-01	AUT	neutron	pi-	0.0000E+00	8.9950E-03	7.0207E-02	9.6100E-04
2.3253E+00	1.8776E-01	6.1075E-01	6.2400E-01	7.3740E-01	AUT	neutron	pi-	0.0000E+00	4.5060E-03	7.0207E-02	9.4400E-04
2.7647E+00	2.7700E-01	4.8396E-01	6.2042E-01	6.7169E-01	AUT	neutron	pi-	0.0000E+00	4.2167E-02	7.0207E-02	9.6900E-04
2.2828E+00	1.9412E-01	5.7468E-01	6.7337E-01	2.5902E-01	AUT	neutron	pi-	0.0000E+00	2.3320E-03	7.0207E-02	9.2100E-04
2.5202E+00	2.6034E-01	4.7147E-01	6.7259E-01	2.2438E-01	AUT	neutron	pi-	0.0000E+00	2.5240E-03	7.0207E-02	9.3200E-04
2.3510E+00	1.9786E-01	5.8554E-01	6.7345E-01	4.9392E-01	AUT	neutron	pi-	0.0000E+00	2.7840E-03	7.0207E-02	9.2200E-04
2.7583E+00	2.8526E-01	4.6881E-01	6.6922E-01	4.7268E-01	AUT	neutron	pi-	0.0000E+00	2.8335E-02	7.0207E-02	9.3800E-04
2.3255E+00	1.8272E-01	6.2587E-01	6.7337E-01	7.5447E-01	AUT	neutron	pi-	0.0000E+00	4.3740E-03	7.0207E-02	9.2100E-04
3.3484E+00	2.5188E-01	6.4407E-01	3.7847E-01	2.3924E-01	AUT	neutron	pi-	0.0000E+00	4.2730E-03	7.0207E-02	1.0670E-03
3.8184E+00	2.8817E-01	6.4235E-01	3.7786E-01	2.2915E-01	AUT	neutron	pi-	0.0000E+00	6.0190E-03	7.0207E-02	1.0900E-03
3.5138E+00	2.6382E-01	6.4552E-01	3.7844E-01	5.6573E-01	AUT	neutron	pi-	0.0000E+00	8.1620E-03	7.0207E-02	1.0740E-03
3.3456E+00	2.7322E-01	5.9447E-01	4.2599E-01	1.2784E-01	AUT	neutron	pi-	0.0000E+00	4.0050E-03	7.0207E-02	1.0600E-03
3.6880E+00	3.2697E-01	5.4690E-01	4.3417E-01	1.2482E-01	AUT	neutron	pi-	0.0000E+00	1.0729E-02	7.0207E-02	1.0830E-03
3.2717E+00	2.5717E-01	6.1704E-01	4.2435E-01	2.9455E-01	AUT	neutron	pi-	0.0000E+00	4.7490E-03	7.0207E-02	1.0530E-03
3.5939E+00	2.9841E-01	5.8470E-01	4.2871E-01	2.9091E-01	AUT	neutron	pi-	0.0000E+00	8.2330E-03	7.0207E-02	1.0730E-03
3.3600E+00	2.6644E-01	6.1206E-01	4.2567E-01	5.4221E-01	AUT	neutron	pi-	0.0000E+00	1.2155E-02	7.0207E-02	1.0570E-03
3.6580E+00	3.1784E-01	5.5829E-01	4.3229E-01	5.4464E-01	AUT	neutron	pi-	0.0000E+00	2.5902E-02	7.0207E-02	1.0800E-03
3.3012E+00	2.8114E-01	5.7106E-01	4.7386E-01	1.2756E-01	AUT	neutron	pi-	0.0000E+00	3.9580E-03	7.0207E-02	1.0450E-03
3.5945E+00	3.4145E-01	5.1061E-01	4.7747E-01	1.2362E-01	AUT	neutron	pi-	0.0000E+00	6.2450E-03	7.0207E-02	1.0670E-03
3.2996E+00	2.6463E-01	6.0520E-01	4.7370E-01	2.9646E-01	AUT	neutron	pi-	0.0000E+00	4.5940E-03	7.0207E-02	1.0380E-03
3.5139E+00	3.2256E-01	5.2965E-01	4.7664E-01	2.9060E-01	AUT	neutron	pi-	0.0000E+00	6.8320E-03	7.0207E-02	1.0600E-03
3.3902E+00	2.8755E-01	5.7613E-01	4.7514E-01	4.8682E-01	AUT	neutron	pi-	0.0000E+00	1.2909E-02	7.0207E-02	1.0470E-03
3.8474E+00	3.8231E-01	4.8774E-01	4.8339E-01	4.8795E-01	AUT	neutron	pi-	0.0000E+00	6.0346E-02	7.0207E-02	1.0760E-03
3.3930E+00	2.8905E-01	5.7375E-01	4.7519E-01	7.4492E-01	AUT	neutron	pi-	0.0000E+00	7.6360E-03	7.0207E-02	1.0480E-03
3.3225E+00	2.9621E-01	5.4736E-01	5.2356E-01	1.2727E-01	AUT	neutron	pi-	0.0000E+00	3.8780E-03	7.0207E-02	1.0280E-03
3.6470E+00	3.7291E-01	4.7441E-01	5.2571E-01	1.2640E-01	AUT	neutron	pi-	0.0000E+00	7.9240E-03	7.0207E-02	1.0480E-03
3.3215E+00	2.7395E-01	5.8944E-01	5.2373E-01	2.9676E-01	AUT	neutron	pi-	0.0000E+00	4.5590E-03	7.0207E-02	1.0210E-03
3.5017E+00	3.4923E-01	4.8754E-01	5.2551E-01	2.9182E-01	AUT	neutron	pi-	0.0000E+00	4.9440E-03	7.0207E-02	1.0420E-03
3.3848E+00	2.9803E-01	5.5755E-01	5.2451E-01	4.8805E-01	AUT	neutron	pi-	0.0000E+00	9.5170E-03	7.0207E-02	1.0280E-03
3.7887E+00	4.0331E-01	4.5537E-01	5.2836E-01	4.8428E-01	AUT	neutron	pi-	0.0000E+00	3.5900E-02	7.0207E-02	1.0530E-03
3.3829E+00	2.9421E-01	5.6365E-01	5.2415E-01	7.3608E-01	AUT	neutron	pi-	0.0000E+00	1.0415E-02	7.0207E-02	1.0270E-03
3.2933E+00	2.7179E-01	5.8865E-01	5.7350E-01	2.3858E-01	AUT	neutron	pi-	0.0000E+00	3.9400E-03	7.0207E-02	9.9500E-04
3.3888E+00	3.2947E-01	4.9963E-01	5.7362E-01	2.2233E-01	AUT	neutron	pi-	0.0000E+00	4.0510E-03	7.0207E-02	1.0090E-03
3.6039E+00	3.9224E-01	4.4573E-01	5.7442E-01	2.4465E-01	AUT	neutron	pi-	0.0000E+00	6.0030E-03	7.0207E-02	1.0180E-03
3.3507E+00	2.8733E-01	5.7021E-01	5.7405E-01	5.4978E-01	AUT	neutron	pi-	0.0000E+00	9.1370E-03	7.0207E-02	9.9900E-04
3.5683E+00	3.7295E-01	4.6406E-01	5.7259E-01	5.0316E-01	AUT	neutron	pi-	0.0000E+00	1.5937E-02	7.0207E-02	1.0170E-03
3.3086E+00	2.8390E-01	5.6764E-01	6.2354E-01	2.3612E-01	AUT	neutron	pi-	0.0000E+00	3.8150E-03	7.0207E-02	9.6900E-04
3.4823E+00	3.6030E-01	4.6948E-01	6.2269E-01	2.3147E-01	AUT	neutron	pi-	0.0000E+00	4.4790E-03	7.0207E-02	9.7900E-04
3.3860E+00	2.9251E-01	5.6761E-01	6.2325E-01	5.6678E-01	AUT	neutron	pi-	0.0000E+00	8.0420E-03	7.0207E-02	9.7000E-04
3.3550E+00	3.0282E-01	5.4226E-01	6.7291E-01	2.3421E-01	AUT	neutron	pi-	0.0000E+00	3.6410E-03	7.0207E-02	9.3600E-04
3.7829E+00	3.9030E-01	4.6966E-01	6.6620E-01	2.0128E-01	AUT	neutron	pi-	0.0000E+00	1.8750E-02	7.0207E-02	9.4300E-04
3.3814E+00	2.8170E-01	5.8600E-01	6.7259E-01	5.5912E-01	AUT	neutron	pi-	0.0000E+00	9.1520E-03	7.0207E-02	9.3500E-04
4.4400E+00	3.2048E-01	6.7124E-01	3.4454E-01	3.1932E-01	AUT	neutron	pi-	0.0000E+00	1.1280E-02	7.0207E-02	1.1240E-03
4.4192E+00	3.3232E-01	6.4484E-01	3.7708E-01	1.2691E-01	AUT	neutron	pi-	0.0000E+00	5.4920E-03	7.0207E-02	1.1140E-03
4.8309E+00	3.8392E-01	6.0987E-01	3.8623E-01	1.2574E-01	AUT	neutron	pi-	0.0000E+00	1.5330E-02	7.0207E-02	1.1330E-03
4.2869E+00	3.1817E-01	6.5309E-01	3.7596E-01	2.8972E-01	AUT	neutron	pi-	0.0000E+00	6.9860E-03	7.0207E-02	1.1080E-03
4.7261E+00	3.6170E-01	6.3354E-01	3.8026E-01	2.8768E-01	AUT	neutron	pi-	0.0000E+00	1.4120E-02	7.0207E-02	1.1270E-03
4.4337E+00	3.3267E-01	6.4653E-01	3.7764E-01	5.6497E-01	AUT	neutron	pi-	0.0000E+00	9.9270E-03	7.0207E-02	1.1140E-03
4.8865E+00	3.9709E-01	5.9628E-01	3.9082E-01	5.6835E-01	AUT	neutron	pi-	0.0000E+00	6.6128E-02	7.0207E-02	1.1360E-03
4.4114E+00	3.3976E-01	6.3015E-01	4.2350E-01	1.2718E-01	AUT	neutron	pi-	0.0000E+00	5.3460E-03	7.0207E-02	1.0960E-03
4.7667E+00	4.0047E-01	5.7730E-01	4.2599E-01	1.2499E-01	AUT	neutron	pi-	0.0000E+00	9.7270E-03	7.0207E-02	1.1170E-03
4.3034E+00	3.2311E-01	6.4578E-01	4.2377E-01	2.9308E-01	AUT	neutron	pi-	0.0000E+00	6.4670E-03	7.0207E-02	1.0890E-03
4.6884E+00	3.7807E-01	6.0224E-01	4.2509E-01	2.8924E-01	AUT	neutron	pi-	0.0000E+00	1.1786E-02	7.0207E-02	1.1090E-03
4.4153E+00	3.3732E-01	6.3546E-01	4.2434E-01	5.4100E-01	AUT	neutron	pi-	0.0000E+00	2.1161E-02	7.0207E-02	1.0940E-03
4.7857E+00	4.0512E-01	5.7292E-01	4.2712E-01	5.4266E-01	AUT	neutron	pi-	0.0000E+00	3.5988E-02	7.0207E-02	1.1180E-03
4.2698E+00	3.2084E-01	6.4523E-01	4.7350E-01	2.3750E-01	AUT	neutron	pi-	0.0000E+00	5.4680E-03	7.0207E-02	1.0650E-03
4.5913E+00	3.6578E-01	6.0882E-01	4.7365E-01	2.2016E-01	AUT	neutron	pi-	0.0000E+00	5.9440E-03	7.0207E-02	1.0800E-03
4.6631E+00	4.1878E-01	5.4030E-01	4.7590E-01	2.1568E-01	AUT	neutron	pi-	0.0000E+00	8.3100E-03	7.0207E-02	1.0930E-03
4.4443E+00	3.4825E-01	6.2152E-01	4.7439E-01	5.4419E-01	AUT	neutron	pi-	0.0000E+00	2.0405E-02	7.0207E-02	1.0740E-03
4.7431E+00	4.4219E-01	5.2001E-01	4.7732E-01	5.3311E-01	AUT	neutron	pi-	0.0000E+00	5.3278E-02	7.0207E-02	1.0980E-03
4.3504E+00	3.2989E-01	6.3957E-01	5.2349E-01	2.3908E-01	AUT	neutron	pi-	0.0000E+00	5.3200E-03	7.0207E-02	1.0420E-03
4.5604E+00	4.0449E-01	5.5023E-01	5.2419E-01	2.2726E-01	AUT	neutron	pi-	0.0000E+00	5.4320E-03	7.0207E-02	1.0580E-03
4.4439E+00	3.5636E-01	6.0999E-01	5.2412E-01	5.6898E-01	AUT	neutron	pi-	0.0000E+00	1.4151E-02	7.0207E-02	1.0480E-03
4.7697E+00	4.9553E-01	4.6632E-01	5.2104E-01	4.4285E-01	AUT	neutron	pi-	0.0000E+00	2.0115E-01	7.0207E-02	1.0770E-03
4.4319E+00	3.4460E-01	6.2492E-01	5.7350E-01	2.3776E-01	AUT	neutron	pi-	0.0000E+00	5.1340E-03	7.0207E-02	1.0140E-03
4.4984E+00	4.3002E-01	5.0881E-01	5.7301E-01	2.3492E-01	AUT	neutron	pi-	0.0000E+00	8.1710E-03	7.0207E-02	1.0250E-03
4.4451E+00	3.5213E-01	6.1637E-01	5.7383E-01	5.7630E-01	AUT	neutron	pi-	0.0000E+00	1.4262E-02	7.0207E-02	1.0140E-03
4.4273E+00	3.4270E-01	6.2768E-01	6.2360E-01	3.2055E-01	AUT	neutron	pi-	0.0000E+00	5.3320E-03	7.0207E-02	9.7700E-04
4.5685E+00	4.1936E-01	5.2886E-01	6.2228E-01	2.7941E-01	AUT	neutron	pi-	0.0000E+00	9.3910E-03	7.0207E-02	9.8200E-04
4.4585E+00	3.5067E-01	6.1936E-01	6.7293E-01	3.6597E-01	AUT	neutron	pi-	0.0000E+00	5.4390E-03	7.0207E-02	9.3700E-04
5.4402E+00	3.9265E-01	6.7130E-01	3.4455E-01	3.0432E-01	AUT	neutron	pi-	0.0000E+00	1.7429E-02	7.0207E-02	1.1620E-03
5.2431E+00	3.8807E-01	6.5483E-01	3.7540E-01	2.1570E-01	AUT	neutron	pi-	0.0000E+00	8.0730E-03	7.0207E-02	1.1420E-03
5.6347E+00	4.3246E-01	6.3171E-01	3.8061E-01	2.0655E-01	AUT	neutron	pi-	0.0000E+00	8.5220E-03	7.0207E-02	1.1580E-03
5.4298E+00	4.0902E-01	6.4415E-01	3.7830E-01	5.6407E-01	AUT	neutron	pi-	0.0000E+00	1.5852E-02	7.0207E-02	1.1490E-03
5.3858E+00	4.2063E-01	6.2182E-01	4.2383E-01	1.2642E-01	AUT	neutron	pi-	0.0000E+00	6.7020E-03	7.0207E-02	1.1270E-03
5.6904E+00	4.8981E-01	5.6325E-01	4.2863E-01	1.2262E-01	AUT	neutron	pi-	0.0000E+00	1.5786E-02	7.0207E-02	1.1480E-03
5.3598E+00	4.1019E-01	6.3418E-01	4.2401E-01	2.8922E-01	AUT	neutron	pi-	0.0000E+00	1.1084E-02	7.0207E-02	1.1230E-03
5.6196E+00	4.7794E-01	5.7033E-01	4.2829E-01	2.8910E-01	AUT	neutron	pi-	0.0000E+00	1.4477E-02	7.0207E-02	1.1440E-03
5.4251E+00	4.2754E-01	6.1760E-01	4.2526E-01	5.6296E-01	AUT	neutron	pi-	0.0000E+00	1.6611E-02	7.0207E-02	1.1290E-03
5.3127E+00	4.0250E-01	6.4015E-01	4.7362E-01	2.2381E-01	AUT	neutron	pi-	0.0000E+00	7.1790E-03	7.0207E-02	1.0920E-03
5.5037E+00	4.6358E-01	5.7628E-01	4.7368E-01	2.1604E-01	AUT	neutron	pi-	0.0000E+00	7.1220E-03	7.0207E-02	1.1080E-03
5.6799E+00	5.3173E-01	5.1772E-01	4.7522E-01	2.3889E-01	AUT	neutron	pi-	0.0000E+00	1.6260E-02	7.0207E-02	1.1270E-03
5.4211E+00	4.3574E-01	6.0694E-01	4.7413E-01	5.5805E-01	AUT	neutron	pi-	0.0000E+00	1.9040E-02	7.0207E-02	1.1010E-03
5.3597E+00	4.1390E-01	6.2863E-01	5.2360E-01	2.2677E-01	AUT	neutron	pi-	0.0000E+00	6.8050E-03	7.0207E-02	1.0620E-03
5.5496E+00	4.9157E-01	5.4828E-01	5.2346E-01	2.2909E-01	AUT	neutron	pi-	0.0000E+00	8.5190E-03	7.0207E-02	1.0760E-03
5.4144E+00	4.3237E-01	6.1050E-01	5.2384E-01	5.5841E-01	AUT	neutron	pi-	0.0000E+00	2.2713E-02	7.0207E-02	1.0650E-03
5.4058E+00	4.3266E-01	6.0835E-01	5.7347E-01	2.3125E-01	AUT	neutron	pi-	0.0000E+00	6.3800E-03	7.0207E-02	1.0250E-03
5.6554E+00	5.2607E-01	5.2098E-01	5.7154E-01	2.3305E-01	AUT	neutron	pi-	0.0000E+00	2.1320E-02	7.0207E-02	1.0360E-03
5.4061E+00	4.2606E-01	6.1774E-01	5.7344E-01	5.5383E-01	AUT	neutron	pi-	0.0000E+00	2.7183E-02	7.0207E-02	1.0250E-03
5.4037E+00	4.2735E-01	6.1527E-01	6.2317E-01	3.2978E-01	AUT	neutron	pi-	0.0000E+00	6.7690E-03	7.0207E-02	9.8000E-04
5.7215E+00	5.1720E-01	5.3601E-01	6.1739E-01	2.0550E-01	AUT	neutron	pi-	0.0000E+00	3.4257E-02	7.0207E-02	9.8600E-04
5.4001E+00	4.2051E-01	6.2421E-01	6.7221E-01	3.1845E-01	AUT	neutron	pi-	0.0000E+00	8.1290E-03	7.0207E-02	9.3300E-04
6.5092E+00	4.8801E-01	6.4685E-01	3.7711E-01	2.0597E-01	AUT	neutron	pi-	0.0000E+00	8.5430E-03	7.0207E-02	1.1880E-03
7.4251E+00	5.7774E-01	6.2289E-01	3.8240E-01	2.0429E-01	AUT	neutron	pi-	0.0000E+00	1.9833E-02	7.0207E-02	1.2300E-03
6.6257E+00	4.9895E-01	6.4444E-01	3.7810E-01	5.5088E-01	AUT	neutron	pi-	0.0000E+00	2.7176E-02	7.0207E-02	1.1920E-03
6.4458E+00	4.9515E-01	6.3187E-01	4.2379E-01	2.1133E-01	AUT	neutron	pi-	0.0000E+00	7.8880E-03	7.0207E-02	1.1570E-03
7.0772E+00	5.7789E-01	5.9337E-01	4.2551E-01	2.1536E-01	AUT	neutron	pi-	0.0000E+00	1.1970E-02	7.0207E-02	1.1900E-03
6.5927E+00	5.1314E-01	6.2442E-01	4.2456E-01	5.4169E-01	AUT	neutron	pi-	0.0000E+00	2.7909E-02	7.0207E-02	1.1640E-03
6.5584E+00	5.1575E-01	6.1829E-01	4.7356E-01	2.1957E-01	AUT	neutron	pi-	0.0000E+00	7.2140E-03	7.0207E-02	1.1260E-03
7.4910E+00	6.1427E-01	5.9073E-01	4.7351E-01	2.2442E-01	AUT	neutron	pi-	0.0000E+00	3.0920E-02	7.0207E-02	1.1590E-03
6.5671E+00	5.1192E-01	6.2362E-01	4.7373E-01	5.3833E-01	AUT	neutron	pi-	0.0000E+00	3.2251E-02	7.0207E-02	1.1250E-03
6.5825E+00	5.1586E-01	6.2037E-01	5.2347E-01	3.0425E-01	AUT	neutron	pi-	0.0000E+00	7.4550E-03	7.0207E-02	1.0830E-03
7.8353E+00	6.3468E-01	5.9806E-01	5.2139E-01	2.1231E-01	AUT	neutron	pi-	0.0000E+00	1.2725E-01	7.0207E-02	1.1120E-03
6.5646E+00	5.1009E-01	6.2535E-01	5.7299E-01	3.0486E-01	AUT	neutron	pi-	0.0000E+00	8.6430E-03	7.0207E-02	1.0340E-03
6.5221E+00	4.9956E-01	6.3378E-01	6.2227E-01	2.9568E-01	AUT	neutron	pi-	0.0000E+00	1.0633E-02	7.0207E-02	9.8100E-04
1.1363E+00	9.0086E-02	7.6574E-01	3.8551E-01	4.4895E-01	AUT	neutron	pi-	0.0000E+00	2.3710E-03	7.0207E-02	1.4800E-03
1.2378E+00	1.0567E-01	7.1269E-01	4.2767E-01	2.9692E-01	AUT	neutron	pi-	0.0000E+00	1.8600E-03	7.0207E-02	1.4720E-03
1.7060E+00	1.5548E-01	6.6487E-01	4.3873E-01	2.6469E-01	AUT	neutron	pi-	0.0000E+00	7.5170E-03	7.0207E-02	1.4850E-03
1.1411E+00	9.4404E-02	7.3436E-01	4.2636E-01	5.4400E-01	AUT	neutron	pi-	0.0000E+00	2.0170E-03	7.0207E-02	1.4720E-03
1.4742E+00	1.2967E-01	6.8969E-01	4.3192E-01	5.4567E-01	AUT	neutron	pi-	0.0000E+00	4.4310E-03	7.0207E-02	1.4740E-03
1.1770E+00	1.0534E-01	6.7969E-01	4.7478E-01	2.9347E-01	AUT	neutron	pi-	0.0000E+00	1.8470E-03	7.0207E-02	1.4610E-03
1.5822E+00	1.5070E-01	6.3735E-01	4.7776E-01	2.6059E-01	AUT	neutron	pi-	0.0000E+00	2.2270E-03	7.0207E-02	1.4700E-03
1.1904E+00	1.0383E-01	6.9867E-01	4.7501E-01	4.9032E-01	AUT	neutron	pi-	0.0000E+00	2.2640E-03	7.0207E-02	1.4620E-03
1.6242E+00	1.5423E-01	6.3911E-01	4.7791E-01	4.8663E-01	AUT	neutron	pi-	0.0000E+00	1.3120E-02	7.0207E-02	1.4720E-03
1.2767E+00	1.1385E-01	6.8808E-01	4.7649E-01	7.2520E-01	AUT	neutron	pi-	0.0000E+00	2.0960E-03	7.0207E-02	1.4640E-03
1.1776E+00	1.1083E-01	6.4743E-01	5.2424E-01	2.8622E-01	AUT	neutron	pi-	0.0000E+00	1.8200E-03	7.0207E-02	1.4490E-03
1.5889E+00	1.6122E-01	5.9873E-01	5.2600E-01	2.4810E-01	AUT	neutron	pi-	0.0000E+00	2.0020E-03	7.0207E-02	1.4580E-03
1.1925E+00	1.0766E-01	6.7637E-01	5.2442E-01	4.9257E-01	AUT	neutron	pi-	0.0000E+00	2.2270E-03	7.0207E-02	1.4510E-03
1.6172E+00	1.6225E-01	6.0563E-01	5.2621E-01	4.8779E-01	AUT	neutron	pi-	0.0000E+00	1.0804E-02	7.0207E-02	1.4590E-03
1.2961E+00	1.2081E-01	6.6192E-01	5.2556E-01	7.4735E-01	AUT	neutron	pi-	0.0000E+00	1.9380E-03	7.0207E-02	1.4540E-03
1.1932E+00	1.1777E-01	6.1847E-01	5.7398E-01	2.7797E-01	AUT	neutron	pi-	0.0000E+00	1.8120E-03	7.0207E-02	1.4340E-03
1.6026E+00	1.7265E-01	5.6433E-01	5.7537E-01	2.3716E-01	AUT	neutron	pi-	0.0000E+00	2.1080E-03	7.0207E-02	1.4410E-03
1.2259E+00	1.1523E-01	6.5191E-01	5.7426E-01	4.9378E-01	AUT	neutron	pi-	0.0000E+00	2.2070E-03	7.0207E-02	1.4370E-03
1.6721E+00	1.7914E-01	5.6742E-01	5.7563E-01	4.9006E-01	AUT	neutron	pi-	0.0000E+00	1.4556E-02	7.0207E-02	1.4440E-03
1.2585E+00	1.1868E-01	6.5412E-01	5.7472E-01	7.5891E-01	AUT	neutron	pi-	0.0000E+00	2.0920E-03	7.0207E-02	1.4380E-03
1.8073E+00	1.9762E-01	5.5489E-01	5.7481E-01	7.1478E-01	AUT	neutron	pi-	0.0000E+00	1.2425E-02	7.0207E-02	1.4540E-03
1.2212E+00	1.2618E-01	5.9198E-01	6.2389E-01	2.6894E-01	AUT	neutron	pi-	0.0000E+00	1.8110E-03	7.0207E-02	1.4150E-03
1.6278E+00	1.8621E-01	5.3185E-01	6.2499E-01	2.2907E-01	AUT	neutron	pi-	0.0000E+00	2.4320E-03	7.0207E-02	1.4190E-03
1.2772E+00	1.2578E-01	6.2595E-01	6.2418E-01	4.9451E-01	AUT	neutron	pi-	0.0000E+00	2.2360E-03	7.0207E-02	1.4190E-03
1.7669E+00	2.0472E-01	5.2416E-01	6.2446E-01	4.8768E-01	AUT	neutron	pi-	0.0000E+00	2.4294E-02	7.0207E-02	1.4260E-03
1.2760E+00	1.2098E-01	6.5288E-01	6.2383E-01	7.5292E-01	AUT	neutron	pi-	0.0000E+00	2.5930E-03	7.0207E-02	1.4220E-03
1.2711E+00	1.3767E-01	5.6604E-01	6.7364E-01	2.5838E-01	AUT	neutron	pi-	0.0000E+00	1.7930E-03	7.0207E-02	1.3900E-03
1.6897E+00	2.0195E-01	5.0828E-01	6.7292E-01	2.1617E-01	AUT	neutron	pi-	0.0000E+00	3.3520E-03	7.0207E-02	1.3900E-03
1.2173E+00	1.1528E-01	6.4784E-01	6.7363E-01	5.6864E-01	AUT	neutron	pi-	0.0000E+00	2.1210E-03	7.0207E-02	1.4020E-03
1.6351E+00	1.7544E-01	5.6599E-01	6.7190E-01	5.2354E-01	AUT	neutron	pi-	0.0000E+00	1.0839E-02	7.0207E-02	1.3860E-03
2.3027E+00	2.4318E-01	5.7447E-01	5.2743E-01	3.4127E-01	AUT	neutron	pi-	0.0000E+00	5.2850E-03	7.0207E-02	1.5120E-03
2.2837E+00	2.5233E-01	5.5016E-01	5.7539E-01	3.2495E-01	AUT	neutron	pi-	0.0000E+00	4.4820E-03	7.0207E-02	1.4860E-03
2.2771E+00	2.5896E-01	5.3582E-01	6.2370E-01	2.9710E-01	AUT	neutron	pi-	0.0000E+00	4.1620E-03	7.0207E-02	1.4510E-03
2.2538E+00	2.5202E-01	5.4415E-01	6.7162E-01	2.6918E-01	AUT	neutron	pi-	0.0000E+00	5.2290E-03	7.0207E-02	1.4070E-03
3.4129E+00	3.6067E-01	5.7368E-01	5.2657E-01	3.0139E-01	AUT	neutron	pi-	0.0000E+00	7.7610E-03	7.0207E-02	1.5780E-03
3.4047E+00	3.6824E-01	5.6126E-01	5.7364E-01	2.8519E-01	AUT	neutron	pi-	0.0000E+00	6.8560E-03	7.0207E-02	1.5350E-03
