Q2	x	y	z	pT	obs	target	hadron	value	stat	systrel	systabs
1.155111	0.089861	0.624084	0.32203200000000004	0.164096	AUT	neutron	pi+	0.0	0.00294	0.070207	0.001121
1.310437	0.106806	0.594612	0.322757	0.153358	AUT	neutron	pi+	0.0	0.002375	0.070207	0.001147
1.414282	0.11891700000000001	0.576284	0.323056	0.14718499999999998	AUT	neutron	pi+	0.0	0.002231	0.070207	0.001166
1.497419	0.129212	0.561515	0.32353200000000004	0.142532	AUT	neutron	pi+	0.0	0.002228	0.070207	0.001184
1.566281	0.13867000000000002	0.547265	0.324465	0.137993	AUT	neutron	pi+	0.0	0.00229	0.070207	0.001201
1.632232	0.148431	0.532816	0.32529	0.133668	AUT	neutron	pi+	0.0	0.002344	0.070207	0.001219
1.702019	0.15956800000000002	0.516835	0.326052	0.12951300000000002	AUT	neutron	pi+	0.0	0.002451	0.070207	0.001239
1.787657	0.173894	0.498212	0.327004	0.124714	AUT	neutron	pi+	0.0	0.00264	0.070207	0.001266
1.883634	0.194655	0.469397	0.331289	0.11761700000000001	AUT	neutron	pi+	0.0	0.0036450000000000002	0.070207	0.001306
1.068383	0.065355	0.793324	0.32154099999999997	0.338282	AUT	neutron	pi+	0.0	0.002223	0.070207	0.001084
1.112707	0.07281499999999999	0.740502	0.32237899999999997	0.323781	AUT	neutron	pi+	0.0	0.002072	0.070207	0.0010949999999999998
1.1420649999999999	0.07750800000000001	0.713919	0.322671	0.318893	AUT	neutron	pi+	0.0	0.002095	0.070207	0.001102
1.166309	0.08139099999999999	0.694274	0.32290399999999997	0.315673	AUT	neutron	pi+	0.0	0.0020469999999999998	0.070207	0.001108
1.1915790000000002	0.084857	0.680303	0.323047	0.313133	AUT	neutron	pi+	0.0	0.00209	0.070207	0.001113
1.224959	0.088155	0.67319	0.323071	0.31133299999999997	AUT	neutron	pi+	0.0	0.002079	0.070207	0.001118
1.25748	0.091353	0.6668649999999999	0.323229	0.30991599999999997	AUT	neutron	pi+	0.0	0.002151	0.070207	0.001123
1.287467	0.094402	0.660713	0.323297	0.30844299999999997	AUT	neutron	pi+	0.0	0.002188	0.070207	0.001127
1.318712	0.097501	0.655243	0.323386	0.307039	AUT	neutron	pi+	0.0	0.0021420000000000002	0.070207	0.001132
1.349891	0.10069600000000001	0.649452	0.323459	0.305514	AUT	neutron	pi+	0.0	0.002173	0.070207	0.001137
1.381759	0.103947	0.643988	0.32347	0.30425100000000005	AUT	neutron	pi+	0.0	0.0021780000000000002	0.070207	0.001142
1.414398	0.107243	0.638942	0.323495	0.303031	AUT	neutron	pi+	0.0	0.002225	0.070207	0.0011480000000000001
1.445088	0.110545	0.633309	0.32363000000000003	0.301852	AUT	neutron	pi+	0.0	0.002288	0.070207	0.001153
1.4755120000000002	0.11384200000000001	0.627905	0.323678	0.300759	AUT	neutron	pi+	0.0	0.002352	0.070207	0.001158
1.507881	0.117244	0.623065	0.323669	0.299856	AUT	neutron	pi+	0.0	0.002355	0.070207	0.001164
1.540249	0.12074100000000001	0.618009	0.323752	0.298749	AUT	neutron	pi+	0.0	0.002433	0.070207	0.00117
1.572324	0.12429100000000001	0.612857	0.323798	0.297996	AUT	neutron	pi+	0.0	0.002491	0.070207	0.001176
1.6006040000000001	0.127933	0.606125	0.323902	0.297138	AUT	neutron	pi+	0.0	0.002595	0.070207	0.001183
1.622414	0.131773	0.596489	0.324164	0.295889	AUT	neutron	pi+	0.0	0.002679	0.070207	0.001189
1.644377	0.136101	0.58535	0.324397	0.294311	AUT	neutron	pi+	0.0	0.002759	0.070207	0.0011970000000000001
1.667772	0.141035	0.572913	0.324793	0.292541	AUT	neutron	pi+	0.0	0.003009	0.070207	0.001206
1.692767	0.146601	0.55943	0.32513600000000004	0.290858	AUT	neutron	pi+	0.0	0.003397	0.070207	0.001216
1.720464	0.15337	0.543519	0.325585	0.288955	AUT	neutron	pi+	0.0	0.003996	0.070207	0.001228
1.759716	0.16262100000000002	0.5243439999999999	0.326153	0.28794899999999995	AUT	neutron	pi+	0.0	0.005291	0.070207	0.001245
1.8228799999999998	0.17820999999999998	0.495921	0.327499	0.28928899999999996	AUT	neutron	pi+	0.0	0.010103000000000001	0.070207	0.001275
1.909248	0.201012	0.460546	0.33358000000000004	0.291165	AUT	neutron	pi+	0.0	0.023717	0.070207	0.0013189999999999999
1.0496299999999998	0.061198	0.831625	0.322956	0.5015189999999999	AUT	neutron	pi+	0.0	0.00207	0.070207	0.001078
1.092627	0.066933	0.7909930000000001	0.323316	0.497058	AUT	neutron	pi+	0.0	0.0021379999999999997	0.070207	0.0010869999999999999
1.123679	0.071092	0.765811	0.323581	0.49387200000000003	AUT	neutron	pi+	0.0	0.002154	0.070207	0.001093
1.154115	0.074764	0.747895	0.323798	0.49153	AUT	neutron	pi+	0.0	0.002225	0.070207	0.001098
1.1834930000000001	0.07825399999999999	0.7327170000000001	0.32390599999999997	0.49027299999999996	AUT	neutron	pi+	0.0	0.0022429999999999998	0.070207	0.001103
1.212	0.08175199999999999	0.718259	0.324022	0.48929799999999996	AUT	neutron	pi+	0.0	0.002284	0.070207	0.001109
1.245594	0.08533400000000001	0.707164	0.324058	0.488626	AUT	neutron	pi+	0.0	0.0022670000000000004	0.070207	0.001114
1.2854299999999999	0.089036	0.699434	0.32409299999999996	0.48825799999999997	AUT	neutron	pi+	0.0	0.002367	0.070207	0.001119
1.324346	0.092836	0.691122	0.32418800000000003	0.48779399999999995	AUT	neutron	pi+	0.0	0.002392	0.070207	0.001125
1.3650639999999998	0.096828	0.682996	0.324189	0.48748500000000006	AUT	neutron	pi+	0.0	0.002438	0.070207	0.001131
1.405622	0.10093200000000001	0.6746939999999999	0.324204	0.48727	AUT	neutron	pi+	0.0	0.002555	0.070207	0.0011380000000000001
1.447358	0.105224	0.666393	0.324187	0.48711499999999996	AUT	neutron	pi+	0.0	0.002576	0.070207	0.001145
1.489803	0.10991600000000001	0.656669	0.32424400000000003	0.48691899999999994	AUT	neutron	pi+	0.0	0.0026030000000000003	0.070207	0.001152
1.533168	0.11495999999999999	0.646123	0.324214	0.48668999999999996	AUT	neutron	pi+	0.0	0.002656	0.070207	0.001161
1.581207	0.120553	0.635469	0.324259	0.48689899999999997	AUT	neutron	pi+	0.0	0.0026320000000000002	0.070207	0.00117
1.6245100000000001	0.126815	0.620668	0.324338	0.487146	AUT	neutron	pi+	0.0	0.0026920000000000004	0.070207	0.001181
1.6445869999999998	0.134114	0.59421	0.32459299999999996	0.487964	AUT	neutron	pi+	0.0	0.002735	0.070207	0.001194
1.6693069999999999	0.143617	0.563292	0.324988	0.48971800000000004	AUT	neutron	pi+	0.0	0.002744	0.070207	0.00121
1.720677	0.157168	0.530679	0.325887	0.49099899999999996	AUT	neutron	pi+	0.0	0.002827	0.070207	0.001235
1.8288830000000003	0.181621	0.488994	0.328492	0.49219799999999997	AUT	neutron	pi+	0.0	0.003607	0.070207	0.001281
1.0891540000000002	0.065236	0.8106140000000001	0.326063	0.668658	AUT	neutron	pi+	0.0	0.002075	0.070207	0.001084
1.20377	0.078355	0.74495	0.326407	0.666701	AUT	neutron	pi+	0.0	0.0020859999999999997	0.070207	0.001104
1.3329229999999999	0.091744	0.704282	0.32648699999999997	0.6656350000000001	AUT	neutron	pi+	0.0	0.0021969999999999997	0.070207	0.001124
1.494421	0.108198	0.669654	0.326604	0.664931	AUT	neutron	pi+	0.0	0.0024100000000000002	0.070207	0.00115
1.661676	0.130474	0.6185189999999999	0.326948	0.662832	AUT	neutron	pi+	0.0	0.003139	0.070207	0.001188
1.7828529999999998	0.166115	0.522864	0.32945599999999997	0.6564270000000001	AUT	neutron	pi+	0.0	0.010678	0.070207	0.0012519999999999999
1.220132	0.099285	0.596862	0.37249499999999997	0.158992	AUT	neutron	pi+	0.0	0.002676	0.070207	0.00114
1.411744	0.12123699999999998	0.5643739999999999	0.373111	0.145726	AUT	neutron	pi+	0.0	0.002283	0.070207	0.0011769999999999999
1.519085	0.135719	0.542419	0.373336	0.13888699999999998	AUT	neutron	pi+	0.0	0.00231	0.070207	0.0012029999999999999
1.587841	0.148349	0.518703	0.373544	0.132617	AUT	neutron	pi+	0.0	0.002378	0.070207	0.0012259999999999999
1.6397979999999999	0.16108599999999998	0.493321	0.37368	0.12697	AUT	neutron	pi+	0.0	0.002477	0.070207	0.00125
1.6955939999999998	0.175128	0.46921899999999994	0.374456	0.122199	AUT	neutron	pi+	0.0	0.002633	0.070207	0.001277
1.7692279999999998	0.193252	0.44379300000000005	0.375896	0.117442	AUT	neutron	pi+	0.0	0.0027949999999999997	0.070207	0.001312
1.872724	0.21975300000000003	0.41341700000000003	0.379236	0.11448900000000001	AUT	neutron	pi+	0.0	0.004005	0.070207	0.001363
1.084993	0.069719	0.755778	0.37183099999999997	0.338985	AUT	neutron	pi+	0.0	0.002508	0.070207	0.001094
1.137664	0.07890499999999999	0.698746	0.372639	0.32271500000000003	AUT	neutron	pi+	0.0	0.00218	0.070207	0.001109
1.17425	0.084642	0.6721600000000001	0.372954	0.317898	AUT	neutron	pi+	0.0	0.002206	0.070207	0.001117
1.222338	0.08961799999999999	0.660804	0.373062	0.31540300000000004	AUT	neutron	pi+	0.0	0.002139	0.070207	0.001125
1.271101	0.094513	0.651572	0.373188	0.31296799999999997	AUT	neutron	pi+	0.0	0.002139	0.070207	0.0011330000000000001
1.316	0.09920599999999999	0.6426689999999999	0.373267	0.310877	AUT	neutron	pi+	0.0	0.002179	0.070207	0.00114
1.359979	0.103798	0.634761	0.373356	0.308894	AUT	neutron	pi+	0.0	0.002189	0.070207	0.0011480000000000001
1.403354	0.10834300000000001	0.627533	0.3734	0.306902	AUT	neutron	pi+	0.0	0.002248	0.070207	0.001155
1.445368	0.112944	0.619984	0.37351	0.305135	AUT	neutron	pi+	0.0	0.0022489999999999997	0.070207	0.001163
1.488199	0.117644	0.612851	0.37358600000000003	0.303394	AUT	neutron	pi+	0.0	0.00231	0.070207	0.0011710000000000002
1.530893	0.122387	0.605999	0.373664	0.301896	AUT	neutron	pi+	0.0	0.002363	0.070207	0.001179
1.570817	0.127279	0.59792	0.373747	0.300402	AUT	neutron	pi+	0.0	0.002425	0.070207	0.001188
1.599813	0.132462	0.585144	0.373777	0.298498	AUT	neutron	pi+	0.0	0.002514	0.070207	0.001198
1.627567	0.138093	0.571025	0.373863	0.29675999999999997	AUT	neutron	pi+	0.0	0.0026780000000000003	0.070207	0.001208
1.6546349999999999	0.14446099999999998	0.554952	0.374006	0.294579	AUT	neutron	pi+	0.0	0.002862	0.070207	0.00122
1.678523	0.151916	0.53537	0.374138	0.292204	AUT	neutron	pi+	0.0	0.003334	0.070207	0.001233
1.697675	0.16101300000000002	0.510926	0.3742	0.289767	AUT	neutron	pi+	0.0	0.004278	0.070207	0.001251
1.7228740000000002	0.17310699999999998	0.482375	0.374652	0.289476	AUT	neutron	pi+	0.0	0.0068579999999999995	0.070207	0.001273
1.772602	0.191842	0.448038	0.375916	0.290765	AUT	neutron	pi+	0.0	0.011156999999999999	0.070207	0.001309
1.874842	0.220377	0.412729	0.379698	0.291563	AUT	neutron	pi+	0.0	0.012681999999999999	0.070207	0.001364
1.064127	0.063355	0.814841	0.372852	0.503003	AUT	neutron	pi+	0.0	0.002046	0.070207	0.001085
1.1153389999999999	0.07083400000000001	0.7630359999999999	0.373291	0.499042	AUT	neutron	pi+	0.0	0.002139	0.070207	0.0010960000000000002
1.153704	0.076038	0.73516	0.373523	0.495673	AUT	neutron	pi+	0.0	0.002207	0.070207	0.001104
1.190303	0.080774	0.7139979999999999	0.373755	0.493201	AUT	neutron	pi+	0.0	0.002228	0.070207	0.001111
1.2317719999999999	0.085437	0.698489	0.373891	0.49142299999999994	AUT	neutron	pi+	0.0	0.002303	0.070207	0.001119
1.2836239999999999	0.090177	0.689631	0.373952	0.49069799999999997	AUT	neutron	pi+	0.0	0.0024059999999999997	0.070207	0.001126
1.334651	0.095074	0.6801119999999999	0.374013	0.489892	AUT	neutron	pi+	0.0	0.002507	0.070207	0.001134
1.388339	0.100218	0.6711590000000001	0.374044	0.48928	AUT	neutron	pi+	0.0	0.002621	0.070207	0.001142
1.444094	0.105753	0.661576	0.374119	0.488591	AUT	neutron	pi+	0.0	0.002704	0.070207	0.001151
1.501223	0.111746	0.650872	0.374151	0.488019	AUT	neutron	pi+	0.0	0.0028640000000000002	0.070207	0.001161
1.5599040000000002	0.118248	0.639135	0.374204	0.487414	AUT	neutron	pi+	0.0	0.003054	0.070207	0.001173
1.6179780000000001	0.12546500000000002	0.62484	0.374205	0.487108	AUT	neutron	pi+	0.0	0.003237	0.070207	0.001185
1.646466	0.134007	0.595441	0.374207	0.48652399999999996	AUT	neutron	pi+	0.0	0.0037159999999999997	0.070207	0.001201
1.661123	0.145466	0.553575	0.3742	0.48797299999999993	AUT	neutron	pi+	0.0	0.004274	0.070207	0.001221
1.6835939999999998	0.162297	0.503109	0.374134	0.48991899999999994	AUT	neutron	pi+	0.0	0.0038979999999999996	0.070207	0.001253
1.7697169999999998	0.19271	0.446216	0.375967	0.490937	AUT	neutron	pi+	0.0	0.004251	0.070207	0.0013109999999999999
1.9236209999999998	0.23582600000000004	0.395399	0.384383	0.49097399999999997	AUT	neutron	pi+	0.0	0.028111	0.070207	0.001394
1.083331	0.064962	0.809497	0.37469600000000003	0.6792630000000001	AUT	neutron	pi+	0.0	0.0020800000000000003	0.070207	0.0010869999999999999
1.1830399999999999	0.076674	0.748059	0.375051	0.6759109999999999	AUT	neutron	pi+	0.0	0.002117	0.070207	0.001105
1.279094	0.08755800000000001	0.708016	0.375154	0.6756340000000001	AUT	neutron	pi+	0.0	0.002166	0.070207	0.0011220000000000002
1.39441	0.09957	0.678758	0.37516700000000003	0.675908	AUT	neutron	pi+	0.0	0.0022140000000000003	0.070207	0.001141
1.524644	0.114499	0.6455380000000001	0.375094	0.676571	AUT	neutron	pi+	0.0	0.002224	0.070207	0.001166
1.6361370000000002	0.134692	0.589796	0.375116	0.676292	AUT	neutron	pi+	0.0	0.0025050000000000003	0.070207	0.001202
1.734807	0.176308	0.481526	0.37650900000000004	0.672095	AUT	neutron	pi+	0.0	0.005374	0.070207	0.001279
1.400906	0.097872	0.715525	0.378774	0.8579899999999999	AUT	neutron	pi+	0.0	0.002938	0.070207	0.001139
1.281241	0.108135	0.575786	0.42281899999999994	0.154108	AUT	neutron	pi+	0.0	0.00253	0.070207	0.001159
1.496945	0.134674	0.53886	0.423334	0.13892000000000002	AUT	neutron	pi+	0.0	0.002297	0.070207	0.001207
1.599162	0.153257	0.505837	0.42353199999999996	0.130774	AUT	neutron	pi+	0.0	0.0024059999999999997	0.070207	0.001242
1.667625	0.17139200000000002	0.471678	0.42373	0.12453	AUT	neutron	pi+	0.0	0.002565	0.070207	0.001277
1.726389	0.192352	0.435221	0.423897	0.119625	AUT	neutron	pi+	0.0	0.0027	0.070207	0.001318
1.811252	0.226675	0.388362	0.42583999999999994	0.119628	AUT	neutron	pi+	0.0	0.002762	0.070207	0.001384
1.105042	0.075525	0.710966	0.42220799999999997	0.334802	AUT	neutron	pi+	0.0	0.002479	0.070207	0.001106
1.1794040000000001	0.086668	0.659405	0.422936	0.320368	AUT	neutron	pi+	0.0	0.002226	0.070207	0.001124
1.255039	0.094459	0.643756	0.42308900000000005	0.316776	AUT	neutron	pi+	0.0	0.002191	0.070207	0.0011359999999999999
1.323595	0.101676	0.630717	0.423203	0.313748	AUT	neutron	pi+	0.0	0.002165	0.070207	0.0011480000000000001
1.3876629999999999	0.10865699999999999	0.618757	0.42335	0.310634	AUT	neutron	pi+	0.0	0.002188	0.070207	0.00116
1.449539	0.115499	0.608039	0.42347799999999997	0.30794499999999997	AUT	neutron	pi+	0.0	0.0022329999999999997	0.070207	0.001172
1.509023	0.122241	0.598083	0.423579	0.305367	AUT	neutron	pi+	0.0	0.002304	0.070207	0.001184
1.561144	0.129074	0.58601	0.423658	0.302896	AUT	neutron	pi+	0.0	0.002362	0.070207	0.0011970000000000001
1.599638	0.136323	0.5685399999999999	0.423746	0.300033	AUT	neutron	pi+	0.0	0.002493	0.070207	0.0012109999999999998
1.6387180000000001	0.144432	0.549752	0.42388000000000003	0.29739299999999996	AUT	neutron	pi+	0.0	0.002687	0.070207	0.0012259999999999999
1.6743139999999999	0.153943	0.527048	0.424016	0.294392	AUT	neutron	pi+	0.0	0.003101	0.070207	0.0012439999999999999
1.704505	0.166129	0.497295	0.424146	0.29096	AUT	neutron	pi+	0.0	0.004152	0.070207	0.001268
1.729589	0.18379600000000001	0.45636400000000005	0.42422299999999996	0.29038600000000003	AUT	neutron	pi+	0.0	0.007937999999999999	0.070207	0.001302
1.778259	0.21498699999999998	0.401771	0.42512799999999995	0.291682	AUT	neutron	pi+	0.0	0.007036	0.070207	0.001362
1.895227	0.255977	0.359035	0.43028999999999995	0.289454	AUT	neutron	pi+	0.0	0.011256	0.070207	0.001441
1.077655	0.065745	0.7957270000000001	0.422951	0.5058590000000001	AUT	neutron	pi+	0.0	0.002088	0.070207	0.001091
1.1384610000000002	0.07495800000000001	0.7360899999999999	0.423437	0.500386	AUT	neutron	pi+	0.0	0.002132	0.070207	0.001105
1.1848530000000002	0.081608	0.703546	0.423638	0.496501	AUT	neutron	pi+	0.0	0.0021579999999999998	0.070207	0.001116
1.241001	0.087634	0.6860970000000001	0.423838	0.494041	AUT	neutron	pi+	0.0	0.002291	0.070207	0.001126
1.3034649999999999	0.093583	0.67482	0.423943	0.492451	AUT	neutron	pi+	0.0	0.0023899999999999998	0.070207	0.001135
1.368439	0.099759	0.664593	0.424016	0.491389	AUT	neutron	pi+	0.0	0.002489	0.070207	0.001145
1.437345	0.106498	0.653898	0.424051	0.490465	AUT	neutron	pi+	0.0	0.0025989999999999997	0.070207	0.001157
1.510207	0.113936	0.6421979999999999	0.42411800000000005	0.48956400000000005	AUT	neutron	pi+	0.0	0.0027670000000000004	0.070207	0.00117
1.587261	0.122215	0.629268	0.424188	0.48878	AUT	neutron	pi+	0.0	0.002975	0.070207	0.001185
1.6424290000000001	0.131608	0.604809	0.424289	0.48728599999999994	AUT	neutron	pi+	0.0	0.0035240000000000002	0.070207	0.001202
1.667291	0.143809	0.56208	0.424375	0.48632299999999995	AUT	neutron	pi+	0.0	0.005255	0.070207	0.001225
1.689599	0.16322	0.502369	0.424245	0.48826499999999995	AUT	neutron	pi+	0.0	0.006745999999999999	0.070207	0.0012619999999999999
1.749018	0.20121	0.42330100000000004	0.424677	0.489712	AUT	neutron	pi+	0.0	0.005493	0.070207	0.001335
1.883404	0.252222	0.362173	0.429482	0.48995500000000003	AUT	neutron	pi+	0.0	0.024349000000000003	0.070207	0.001433
1.086619	0.0659	0.800659	0.424012	0.689599	AUT	neutron	pi+	0.0	0.002175	0.070207	0.001091
1.186896	0.07802200000000001	0.73753	0.424505	0.6845319999999999	AUT	neutron	pi+	0.0	0.0022559999999999998	0.070207	0.0011099999999999999
1.290337	0.089295	0.700341	0.424584	0.6835600000000001	AUT	neutron	pi+	0.0	0.002375	0.070207	0.0011279999999999999
1.416046	0.10231	0.670887	0.42461899999999997	0.683403	AUT	neutron	pi+	0.0	0.002418	0.070207	0.00115
1.554116	0.118788	0.634369	0.424579	0.6836810000000001	AUT	neutron	pi+	0.0	0.0024920000000000003	0.070207	0.001179
1.6398979999999999	0.142678	0.558759	0.42443400000000003	0.68523	AUT	neutron	pi+	0.0	0.0025050000000000003	0.070207	0.0012230000000000001
1.737006	0.193944	0.43907399999999996	0.42494499999999996	0.683347	AUT	neutron	pi+	0.0	0.005211	0.070207	0.00132
1.253315	0.08343400000000001	0.73703	0.42640500000000003	0.868532	AUT	neutron	pi+	0.0	0.00215	0.070207	0.001119
1.672691	0.142216	0.582022	0.42718100000000003	0.8619290000000001	AUT	neutron	pi+	0.0	0.005222999999999999	0.070207	0.001221
1.346866	0.117644	0.5567770000000001	0.473083	0.148475	AUT	neutron	pi+	0.0	0.0023989999999999997	0.070207	0.00118
1.574366	0.14985199999999999	0.509654	0.47353599999999996	0.132193	AUT	neutron	pi+	0.0	0.00237	0.070207	0.001242
1.6756950000000002	0.17565799999999998	0.462733	0.473699	0.12486300000000002	AUT	neutron	pi+	0.0	0.002541	0.070207	0.0012929999999999999
1.754464	0.207851	0.40998100000000004	0.473857	0.12113299999999999	AUT	neutron	pi+	0.0	0.0027	0.070207	0.001356
1.828803	0.253315	0.350763	0.474655	0.130748	AUT	neutron	pi+	0.0	0.0043619999999999996	0.070207	0.001444
1.1214600000000001	0.080502	0.676988	0.472575	0.331507	AUT	neutron	pi+	0.0	0.002589	0.070207	0.001117
1.2425620000000002	0.094587	0.636606	0.473078	0.319092	AUT	neutron	pi+	0.0	0.002263	0.070207	0.00114
1.343925	0.10547000000000001	0.617444	0.473283	0.314847	AUT	neutron	pi+	0.0	0.002211	0.070207	0.001159
1.433345	0.11548299999999999	0.6013850000000001	0.473498	0.311027	AUT	neutron	pi+	0.0	0.002245	0.070207	0.0011769999999999999
1.5149059999999999	0.12515	0.586518	0.47354799999999997	0.307171	AUT	neutron	pi+	0.0	0.002271	0.070207	0.0011949999999999999
1.5769739999999999	0.135005	0.566022	0.4737	0.30322899999999997	AUT	neutron	pi+	0.0	0.0023870000000000002	0.070207	0.001213
1.630651	0.145814	0.541934	0.47384799999999994	0.299173	AUT	neutron	pi+	0.0	0.0026190000000000002	0.070207	0.001234
1.6791759999999998	0.158884	0.512257	0.474016	0.295121	AUT	neutron	pi+	0.0	0.00307	0.070207	0.00126
1.720264	0.177205	0.47083	0.474153	0.291261	AUT	neutron	pi+	0.0	0.005034	0.070207	0.001296
1.758344	0.210013	0.407058	0.474199	0.291591	AUT	neutron	pi+	0.0	0.006301	0.070207	0.0013599999999999999
1.8338869999999998	0.26016999999999996	0.342376	0.47593	0.289057	AUT	neutron	pi+	0.0	0.005752	0.070207	0.001457
1.0950819999999999	0.069035	0.770724	0.473076	0.5089090000000001	AUT	neutron	pi+	0.0	0.002124	0.070207	0.001098
1.166766	0.080342	0.703942	0.473498	0.501073	AUT	neutron	pi+	0.0	0.002125	0.070207	0.001117
1.237961	0.08859600000000001	0.677042	0.47377299999999994	0.497542	AUT	neutron	pi+	0.0	0.002195	0.070207	0.0011300000000000001
1.320357	0.096666	0.661805	0.473875	0.494946	AUT	neutron	pi+	0.0	0.0022789999999999998	0.070207	0.001144
1.407391	0.10513099999999999	0.648622	0.47395299999999996	0.493213	AUT	neutron	pi+	0.0	0.002398	0.070207	0.001159
1.49928	0.114503	0.6344270000000001	0.47407200000000005	0.49184799999999995	AUT	neutron	pi+	0.0	0.002543	0.070207	0.001175
1.593501	0.124902	0.618212	0.47413500000000003	0.490551	AUT	neutron	pi+	0.0	0.002843	0.070207	0.0011949999999999999
1.651852	0.13705699999999998	0.584248	0.47429499999999997	0.488339	AUT	neutron	pi+	0.0	0.003585	0.070207	0.001218
1.685548	0.155376	0.526522	0.47436300000000003	0.48736599999999997	AUT	neutron	pi+	0.0	0.006959	0.070207	0.001253
1.734159	0.193855	0.43620600000000004	0.47425	0.489726	AUT	neutron	pi+	0.0	0.0067150000000000005	0.070207	0.001328
1.82509	0.253963	0.34918499999999997	0.47513500000000003	0.487105	AUT	neutron	pi+	0.0	0.016003	0.070207	0.0014449999999999999
1.0989280000000001	0.068077	0.784458	0.473844	0.6929489999999999	AUT	neutron	pi+	0.0	0.0021899999999999997	0.070207	0.001097
1.210727	0.081848	0.717166	0.47430600000000006	0.687861	AUT	neutron	pi+	0.0	0.002428	0.070207	0.001119
1.3430739999999999	0.09500399999999999	0.685235	0.47446400000000005	0.686634	AUT	neutron	pi+	0.0	0.00267	0.070207	0.001141
1.497534	0.111319	0.6522439999999999	0.474542	0.685692	AUT	neutron	pi+	0.0	0.002926	0.070207	0.00117
1.626871	0.134527	0.587918	0.47441700000000003	0.686515	AUT	neutron	pi+	0.0	0.003192	0.070207	0.001213
1.7184650000000001	0.187128	0.451788	0.47395	0.686888	AUT	neutron	pi+	0.0	0.0036560000000000004	0.070207	0.001314
1.1999959999999998	0.07826699999999999	0.749447	0.47554799999999997	0.875257	AUT	neutron	pi+	0.0	0.00214	0.070207	0.001113
1.586555	0.132001	0.595914	0.475567	0.873605	AUT	neutron	pi+	0.0	0.002583	0.070207	0.001208
1.8788919999999998	0.214982	0.42371499999999995	0.474367	0.8426110000000001	AUT	neutron	pi+	0.0	0.105094	0.070207	0.001372
1.394644	0.097731	0.712206	0.47807700000000003	1.06795	AUT	neutron	pi+	0.0	0.005072	0.070207	0.001146
1.4146809999999999	0.127788	0.538929	0.523308	0.142905	AUT	neutron	pi+	0.0	0.002343	0.070207	0.001204
1.641961	0.167733	0.475328	0.5236890000000001	0.12751300000000002	AUT	neutron	pi+	0.0	0.0024920000000000003	0.070207	0.001284
1.756189	0.21033400000000002	0.406495	0.523784	0.123652	AUT	neutron	pi+	0.0	0.002672	0.070207	0.00137
1.8393599999999999	0.266376	0.335111	0.523512	0.138896	AUT	neutron	pi+	0.0	0.007996	0.070207	0.00148
1.159151	0.08680800000000001	0.648876	0.522878	0.32818200000000003	AUT	neutron	pi+	0.0	0.002493	0.070207	0.0011300000000000001
1.332711	0.105636	0.611498	0.5233479999999999	0.316823	AUT	neutron	pi+	0.0	0.002234	0.070207	0.001163
1.460582	0.120277	0.588493	0.5235350000000001	0.311587	AUT	neutron	pi+	0.0	0.0022649999999999997	0.070207	0.001191
1.556076	0.133757	0.563837	0.523712	0.306039	AUT	neutron	pi+	0.0	0.0023769999999999998	0.070207	0.001217
1.629262	0.148383	0.5322520000000001	0.52385	0.300631	AUT	neutron	pi+	0.0	0.002573	0.070207	0.0012460000000000001
1.6943529999999998	0.167123	0.491683	0.523993	0.295031	AUT	neutron	pi+	0.0	0.003357	0.070207	0.001284
1.745766	0.19836600000000001	0.427911	0.5241140000000001	0.291348	AUT	neutron	pi+	0.0	0.0059299999999999995	0.070207	0.001347
1.8131119999999998	0.253724	0.34784899999999996	0.5241979999999999	0.29029099999999997	AUT	neutron	pi+	0.0	0.004333	0.070207	0.0014550000000000001
1.113652	0.074042	0.7310949999999999	0.522262	0.507891	AUT	neutron	pi+	0.0	0.002148	0.070207	0.001109
1.215055	0.087619	0.67208	0.52344	0.501077	AUT	neutron	pi+	0.0	0.002132	0.070207	0.001132
1.325649	0.098611	0.6514220000000001	0.523829	0.497695	AUT	neutron	pi+	0.0	0.002221	0.070207	0.001151
1.43675	0.10981300000000001	0.633991	0.524031	0.49499499999999996	AUT	neutron	pi+	0.0	0.002369	0.070207	0.0011710000000000002
1.553709	0.122145	0.6164109999999999	0.5240600000000001	0.493173	AUT	neutron	pi+	0.0	0.0025800000000000003	0.070207	0.0011949999999999999
1.6422729999999999	0.136777	0.582163	0.524175	0.49038999999999994	AUT	neutron	pi+	0.0	0.00315	0.070207	0.001224
1.692296	0.15964	0.5150710000000001	0.524301	0.48818199999999995	AUT	neutron	pi+	0.0	0.006651000000000001	0.070207	0.001269
1.7647540000000002	0.21448299999999998	0.40381300000000003	0.523929	0.48763100000000004	AUT	neutron	pi+	0.0	0.00686	0.070207	0.001377
1.12316	0.073372	0.744123	0.522343	0.692747	AUT	neutron	pi+	0.0	0.002209	0.070207	0.001108
1.279756	0.090147	0.6881550000000001	0.524058	0.688261	AUT	neutron	pi+	0.0	0.002539	0.070207	0.0011359999999999999
1.465716	0.10796199999999999	0.6582439999999999	0.52446	0.68694	AUT	neutron	pi+	0.0	0.002951	0.070207	0.001168
1.630517	0.133046	0.596101	0.5245920000000001	0.686066	AUT	neutron	pi+	0.0	0.004045	0.070207	0.001216
1.7200939999999998	0.184346	0.457787	0.524019	0.685006	AUT	neutron	pi+	0.0	0.004978	0.070207	0.001317
1.217113	0.0819	0.72514	0.523593	0.8814629999999999	AUT	neutron	pi+	0.0	0.002252	0.070207	0.0011220000000000002
1.592853	0.134772	0.585546	0.52472	0.879969	AUT	neutron	pi+	0.0	0.0024460000000000003	0.070207	0.001218
1.404305	0.101939	0.6842090000000001	0.525786	1.08433	AUT	neutron	pi+	0.0	0.0036	0.070207	0.001158
1.474038	0.138024	0.5207930000000001	0.573516	0.138224	AUT	neutron	pi+	0.0	0.002368	0.070207	0.001231
1.708423	0.190628	0.43629799999999996	0.5737800000000001	0.125883	AUT	neutron	pi+	0.0	0.002616	0.070207	0.00134
1.8146849999999999	0.24716100000000002	0.357241	0.573643	0.131146	AUT	neutron	pi+	0.0	0.004961999999999999	0.070207	0.0014550000000000001
1.20086	0.093247	0.625949	0.572967	0.32500100000000004	AUT	neutron	pi+	0.0	0.0024690000000000003	0.070207	0.001145
1.418173	0.117257	0.586332	0.5733689999999999	0.313894	AUT	neutron	pi+	0.0	0.002292	0.070207	0.00119
1.559186	0.136346	0.554442	0.573681	0.307161	AUT	neutron	pi+	0.0	0.0023829999999999997	0.070207	0.0012289999999999998
1.654775	0.15726500000000002	0.510375	0.5738989999999999	0.299994	AUT	neutron	pi+	0.0	0.002747	0.070207	0.0012720000000000001
1.732652	0.189781	0.44409499999999996	0.574113	0.292799	AUT	neutron	pi+	0.0	0.00455	0.070207	0.0013390000000000001
1.8051869999999999	0.246781	0.356267	0.573555	0.28962	AUT	neutron	pi+	0.0	0.004097	0.070207	0.001454
1.127825	0.08129	0.674249	0.572138	0.5042979999999999	AUT	neutron	pi+	0.0	0.002175	0.070207	0.001124
1.2904209999999998	0.098677	0.633808	0.573156	0.49973599999999996	AUT	neutron	pi+	0.0	0.002232	0.070207	0.001155
1.44959	0.114284	0.614686	0.573483	0.496037	AUT	neutron	pi+	0.0	0.002378	0.070207	0.001185
1.5979430000000001	0.131153	0.590698	0.573963	0.493462	AUT	neutron	pi+	0.0	0.002732	0.070207	0.001219
1.6852200000000002	0.155137	0.5279119999999999	0.574267	0.489754	AUT	neutron	pi+	0.0	0.004562	0.070207	0.001268
1.758127	0.20691700000000002	0.416013	0.573797	0.48744799999999994	AUT	neutron	pi+	0.0	0.008674	0.070207	0.001373
1.1527209999999999	0.082234	0.6812060000000001	0.572441	0.691325	AUT	neutron	pi+	0.0	0.002321	0.070207	0.001126
1.405999	0.10586300000000001	0.6439050000000001	0.5735399999999999	0.6878989999999999	AUT	neutron	pi+	0.0	0.002891	0.070207	0.001169
1.633097	0.135416	0.587234	0.57433	0.686705	AUT	neutron	pi+	0.0	0.004376	0.070207	0.001228
1.733897	0.185462	0.456379	0.573821	0.682772	AUT	neutron	pi+	0.0	0.008535	0.070207	0.00133
1.300864	0.095828	0.662882	0.573017	0.8844700000000001	AUT	neutron	pi+	0.0	0.00266	0.070207	0.001151
1.669744	0.149502	0.546473	0.57395	0.8814780000000001	AUT	neutron	pi+	0.0	0.004267	0.070207	0.001256
1.4128479999999999	0.106498	0.651506	0.574296	1.0944989999999999	AUT	neutron	pi+	0.0	0.003512	0.070207	0.0011710000000000002
1.53221	0.15007	0.499575	0.6235970000000001	0.134828	AUT	neutron	pi+	0.0	0.002412	0.070207	0.0012640000000000001
1.764212	0.215799	0.399408	0.623434	0.127315	AUT	neutron	pi+	0.0	0.0033490000000000004	0.070207	0.0014039999999999999
1.252885	0.101967	0.597684	0.6228520000000001	0.319262	AUT	neutron	pi+	0.0	0.002374	0.070207	0.001167
1.515667	0.133377	0.551132	0.623428	0.308915	AUT	neutron	pi+	0.0	0.002374	0.070207	0.00123
1.662389	0.162072	0.49806300000000003	0.62393	0.300105	AUT	neutron	pi+	0.0	0.002803	0.070207	0.001292
1.7673470000000002	0.213439	0.405198	0.623433	0.290417	AUT	neutron	pi+	0.0	0.003588	0.070207	0.001399
1.172009	0.091045	0.625505	0.62224	0.502812	AUT	neutron	pi+	0.0	0.00218	0.070207	0.001146
1.413841	0.11643599999999998	0.588651	0.623267	0.49673	AUT	neutron	pi+	0.0	0.0024010000000000004	0.070207	0.001196
1.628323	0.141756	0.557424	0.623892	0.493097	AUT	neutron	pi+	0.0	0.003007	0.070207	0.0012490000000000001
1.7380759999999997	0.187358	0.45463100000000006	0.623684	0.4877	AUT	neutron	pi+	0.0	0.008249	0.070207	0.001344
1.206701	0.092875	0.631391	0.6225609999999999	0.690159	AUT	neutron	pi+	0.0	0.002534	0.070207	0.00115
1.56891	0.13151500000000002	0.580314	0.623768	0.687396	AUT	neutron	pi+	0.0	0.004264	0.070207	0.001227
1.7415209999999999	0.179369	0.47272299999999995	0.623269	0.680326	AUT	neutron	pi+	0.0	0.014013999999999999	0.070207	0.001328
1.320584	0.10357899999999999	0.6216619999999999	0.622754	0.942483	AUT	neutron	pi+	0.0	0.00283	0.070207	0.00117
1.7410860000000001	0.153694	0.551214	0.622972	0.9034909999999999	AUT	neutron	pi+	0.0	0.007877	0.070207	0.001275
1.590172	0.16478199999999998	0.47511899999999996	0.6735979999999999	0.132462	AUT	neutron	pi+	0.0	0.002496	0.070207	0.0013050000000000002
1.821498	0.232233	0.380525	0.671197	0.123635	AUT	neutron	pi+	0.0	0.00743	0.070207	0.0014550000000000001
1.322805	0.114391	0.563301	0.67269	0.313767	AUT	neutron	pi+	0.0	0.002314	0.070207	0.001198
1.63019	0.15759700000000001	0.502758	0.673662	0.302679	AUT	neutron	pi+	0.0	0.0026609999999999997	0.070207	0.001292
1.7682	0.20495	0.420163	0.67265	0.28932199999999997	AUT	neutron	pi+	0.0	0.004695	0.070207	0.001396
1.245806	0.103849	0.58333	0.672345	0.50068	AUT	neutron	pi+	0.0	0.0022760000000000002	0.070207	0.0011769999999999999
1.5892110000000002	0.14286400000000002	0.540077	0.673556	0.49368	AUT	neutron	pi+	0.0	0.002996	0.070207	0.00126
1.756087	0.186245	0.459067	0.6727270000000001	0.485045	AUT	neutron	pi+	0.0	0.013972	0.070207	0.001356
1.308746	0.108872	0.5853510000000001	0.672543	0.688539	AUT	neutron	pi+	0.0	0.003073	0.070207	0.001187
1.710735	0.159159	0.523415	0.672628	0.68103	AUT	neutron	pi+	0.0	0.013391	0.070207	0.001297
1.383713	0.114422	0.589533	0.671036	0.9123110000000001	AUT	neutron	pi+	0.0	0.006072999999999999	0.070207	0.001198
2.144202	0.158279	0.657937	0.322752	0.15034	AUT	neutron	pi+	0.0	0.003251	0.070207	0.00124
2.225761	0.17846099999999998	0.604428	0.323305	0.137426	AUT	neutron	pi+	0.0	0.003206	0.070207	0.001277
2.2747029999999997	0.190797	0.577666	0.323434	0.132172	AUT	neutron	pi+	0.0	0.003346	0.070207	0.0013
2.3199560000000004	0.201013	0.559186	0.32366	0.128271	AUT	neutron	pi+	0.0	0.0034549999999999997	0.070207	0.0013189999999999999
2.372458	0.210596	0.5457960000000001	0.324328	0.125185	AUT	neutron	pi+	0.0	0.003525	0.070207	0.0013369999999999999
2.4404209999999997	0.220286	0.536724	0.32519899999999996	0.12303900000000001	AUT	neutron	pi+	0.0	0.00364	0.070207	0.001355
2.516696	0.23073600000000002	0.5284369999999999	0.325784	0.12120299999999999	AUT	neutron	pi+	0.0	0.0037359999999999997	0.070207	0.001375
2.597049	0.243067	0.517671	0.32614	0.11895599999999999	AUT	neutron	pi+	0.0	0.003871	0.070207	0.001397
2.688457	0.25979	0.50147	0.326827	0.11616199999999999	AUT	neutron	pi+	0.0	0.004035	0.070207	0.0014269999999999999
2.81189	0.288199	0.47329499999999997	0.330474	0.114651	AUT	neutron	pi+	0.0	0.004719	0.070207	0.001478
2.078055	0.14081	0.7155739999999999	0.323179	0.30907399999999996	AUT	neutron	pi+	0.0	0.003038	0.070207	0.001208
2.140942	0.153006	0.678004	0.323561	0.303798	AUT	neutron	pi+	0.0	0.003143	0.070207	0.00123
2.187465	0.161709	0.655409	0.323776	0.299245	AUT	neutron	pi+	0.0	0.003314	0.070207	0.0012460000000000001
2.227666	0.169433	0.637003	0.323945	0.295049	AUT	neutron	pi+	0.0	0.003564	0.070207	0.001261
2.267179	0.17676	0.62142	0.324035	0.292265	AUT	neutron	pi+	0.0	0.0038200000000000005	0.070207	0.001275
2.306078	0.183944	0.607392	0.32414299999999996	0.290558	AUT	neutron	pi+	0.0	0.004287	0.070207	0.001288
2.344562	0.191234	0.5939840000000001	0.324191	0.289606	AUT	neutron	pi+	0.0	0.004769	0.070207	0.001302
2.383116	0.198678	0.5811310000000001	0.32422	0.288736	AUT	neutron	pi+	0.0	0.005582	0.070207	0.001315
2.4237610000000003	0.2064	0.5689310000000001	0.324447	0.288642	AUT	neutron	pi+	0.0	0.006369	0.070207	0.00133
2.474023	0.214673	0.558342	0.324915	0.288455	AUT	neutron	pi+	0.0	0.007462999999999999	0.070207	0.0013449999999999998
2.532483	0.22389699999999998	0.548003	0.32550300000000004	0.288476	AUT	neutron	pi+	0.0	0.008815	0.070207	0.001362
2.589546	0.23533600000000002	0.533147	0.325981	0.288727	AUT	neutron	pi+	0.0	0.011703	0.070207	0.0013830000000000001
2.658594	0.251631	0.512011	0.326623	0.289775	AUT	neutron	pi+	0.0	0.015788999999999997	0.070207	0.001413
2.7867349999999997	0.28218000000000004	0.47926599999999997	0.329803	0.290392	AUT	neutron	pi+	0.0	0.013124	0.070207	0.001467
2.0977189999999997	0.143334	0.709973	0.32439	0.48298100000000005	AUT	neutron	pi+	0.0	0.004444	0.070207	0.001213
2.196191	0.161591	0.65876	0.324324	0.48573900000000003	AUT	neutron	pi+	0.0	0.0060880000000000005	0.070207	0.0012460000000000001
2.272211	0.17735599999999999	0.620913	0.32411999999999996	0.487501	AUT	neutron	pi+	0.0	0.005714	0.070207	0.001276
2.3405110000000002	0.192962	0.587817	0.324049	0.488432	AUT	neutron	pi+	0.0	0.005215999999999999	0.070207	0.0013050000000000002
2.415478	0.20914499999999997	0.559674	0.3244	0.48911400000000005	AUT	neutron	pi+	0.0	0.004934	0.070207	0.001335
2.527904	0.22819499999999998	0.536867	0.325625	0.4894	AUT	neutron	pi+	0.0	0.005234	0.070207	0.00137
2.693977	0.261748	0.499658	0.32738	0.489285	AUT	neutron	pi+	0.0	0.006383	0.070207	0.00143
2.90161	0.314717	0.446842	0.338307	0.48794499999999996	AUT	neutron	pi+	0.0	0.051780999999999994	0.070207	0.001527
2.1892720000000003	0.160873	0.662676	0.32556	0.671346	AUT	neutron	pi+	0.0	0.003714	0.070207	0.001245
2.425353	0.206681	0.569815	0.326313	0.668099	AUT	neutron	pi+	0.0	0.007051000000000001	0.070207	0.00133
2.683507	0.25845500000000005	0.5048819999999999	0.32906799999999997	0.6676989999999999	AUT	neutron	pi+	0.0	0.018437000000000002	0.070207	0.001424
2.167638	0.165599	0.636062	0.372965	0.146432	AUT	neutron	pi+	0.0	0.003264	0.070207	0.0012619999999999999
2.260684	0.18898	0.579784	0.373415	0.13278399999999999	AUT	neutron	pi+	0.0	0.0032990000000000003	0.070207	0.001307
2.318657	0.20379	0.551319	0.373589	0.127928	AUT	neutron	pi+	0.0	0.0034659999999999995	0.070207	0.001335
2.373868	0.216538	0.531177	0.373645	0.12459300000000001	AUT	neutron	pi+	0.0	0.0035600000000000002	0.070207	0.0013599999999999999
2.42135	0.228779	0.5128159999999999	0.37375	0.12156800000000001	AUT	neutron	pi+	0.0	0.0036780000000000003	0.070207	0.001382
2.460113	0.241171	0.49425399999999997	0.37407199999999996	0.11979000000000001	AUT	neutron	pi+	0.0	0.0037890000000000003	0.070207	0.001405
2.51146	0.255148	0.47693500000000005	0.374866	0.118652	AUT	neutron	pi+	0.0	0.0038420000000000004	0.070207	0.001431
2.5928299999999997	0.273965	0.45863699999999996	0.37543000000000004	0.11819	AUT	neutron	pi+	0.0	0.0038799999999999998	0.070207	0.001465
2.740116	0.30995	0.42913599999999996	0.376974	0.122932	AUT	neutron	pi+	0.0	0.003934	0.070207	0.0015300000000000001
2.094778	0.144547	0.702973	0.373156	0.310692	AUT	neutron	pi+	0.0	0.003083	0.070207	0.0012230000000000001
2.167741	0.159379	0.65909	0.373419	0.305717	AUT	neutron	pi+	0.0	0.003203	0.070207	0.001251
2.2214240000000003	0.169988	0.633193	0.373679	0.300598	AUT	neutron	pi+	0.0	0.003329	0.070207	0.001271
2.272411	0.17957	0.613135	0.373824	0.296642	AUT	neutron	pi+	0.0	0.0035789999999999997	0.070207	0.0012900000000000001
2.321071	0.188653	0.596097	0.373956	0.29370300000000005	AUT	neutron	pi+	0.0	0.004018	0.070207	0.001307
2.37073	0.197767	0.580796	0.374039	0.292005	AUT	neutron	pi+	0.0	0.004481000000000001	0.070207	0.001325
2.417786	0.20735	0.56495	0.37408600000000003	0.290813	AUT	neutron	pi+	0.0	0.005246	0.070207	0.001343
2.466573	0.21761799999999998	0.5491659999999999	0.374158	0.290142	AUT	neutron	pi+	0.0	0.006212	0.070207	0.001362
2.4957990000000003	0.228911	0.528296	0.374168	0.289616	AUT	neutron	pi+	0.0	0.007872	0.070207	0.0013830000000000001
2.50563	0.24186	0.502024	0.374447	0.289689	AUT	neutron	pi+	0.0	0.010517	0.070207	0.001407
2.533506	0.258556	0.47486000000000006	0.375388	0.29044000000000003	AUT	neutron	pi+	0.0	0.011512	0.070207	0.001437
2.6286509999999996	0.284748	0.44754099999999997	0.376263	0.29046900000000003	AUT	neutron	pi+	0.0	0.008803	0.070207	0.001485
2.792016	0.326479	0.41493	0.379389	0.288088	AUT	neutron	pi+	0.0	0.009118000000000001	0.070207	0.0015609999999999999
2.1036259999999998	0.144499	0.7063	0.374263	0.484353	AUT	neutron	pi+	0.0	0.003889	0.070207	0.0012230000000000001
2.212646	0.164077	0.653701	0.374456	0.482796	AUT	neutron	pi+	0.0	0.006979000000000001	0.070207	0.00126
2.3005880000000003	0.182079	0.612442	0.374381	0.484912	AUT	neutron	pi+	0.0	0.010325	0.070207	0.001295
2.381895	0.201121	0.574051	0.374283	0.486382	AUT	neutron	pi+	0.0	0.009863	0.070207	0.0013310000000000002
2.456553	0.22221	0.535918	0.374206	0.487386	AUT	neutron	pi+	0.0	0.008111	0.070207	0.001371
2.49841	0.247887	0.488763	0.37488699999999997	0.48799899999999996	AUT	neutron	pi+	0.0	0.007425	0.070207	0.001418
2.664028	0.294623	0.43955900000000003	0.377064	0.48820699999999995	AUT	neutron	pi+	0.0	0.010059	0.070207	0.0015019999999999999
2.190659	0.1621	0.658408	0.37444	0.682475	AUT	neutron	pi+	0.0	0.0033	0.070207	0.001256
2.3944509999999997	0.20874099999999998	0.557264	0.374408	0.682527	AUT	neutron	pi+	0.0	0.004490999999999999	0.070207	0.0013449999999999998
2.565701	0.26833	0.466096	0.37600100000000003	0.6807979999999999	AUT	neutron	pi+	0.0	0.009984	0.070207	0.0014529999999999999
2.395432	0.197733	0.600962	0.37838499999999997	0.8572700000000001	AUT	neutron	pi+	0.0	0.0154	0.070207	0.0013210000000000001
2.193594	0.17372	0.613953	0.423187	0.141688	AUT	neutron	pi+	0.0	0.0032329999999999998	0.070207	0.001286
2.2978650000000003	0.200824	0.5546260000000001	0.42352799999999996	0.12920399999999999	AUT	neutron	pi+	0.0	0.003414	0.070207	0.0013390000000000001
2.372531	0.218944	0.525119	0.42365200000000003	0.12526700000000002	AUT	neutron	pi+	0.0	0.003564	0.070207	0.001374
2.431492	0.235583	0.500159	0.423745	0.122696	AUT	neutron	pi+	0.0	0.0036609999999999998	0.070207	0.0014060000000000001
2.468636	0.253223	0.472459	0.42376199999999997	0.12165999999999999	AUT	neutron	pi+	0.0	0.003722	0.070207	0.001439
2.504906	0.274731	0.44194300000000003	0.424019	0.122402	AUT	neutron	pi+	0.0	0.003773	0.070207	0.001478
2.614327	0.31022	0.408871	0.424742	0.12865	AUT	neutron	pi+	0.0	0.003933	0.070207	0.001544
2.808321	0.364375	0.373571	0.42544399999999993	0.146276	AUT	neutron	pi+	0.0	0.020875	0.070207	0.0016469999999999998
2.115624	0.149101	0.688673	0.423183	0.311461	AUT	neutron	pi+	0.0	0.003117	0.070207	0.001239
2.2014650000000002	0.167512	0.636919	0.42350200000000005	0.305854	AUT	neutron	pi+	0.0	0.003242	0.070207	0.001275
2.266463	0.180626	0.608016	0.42371899999999996	0.300289	AUT	neutron	pi+	0.0	0.003453	0.070207	0.0013
2.328847	0.192448	0.586333	0.42387700000000006	0.296273	AUT	neutron	pi+	0.0	0.00385	0.070207	0.001324
2.391062	0.204047	0.567779	0.42399	0.293838	AUT	neutron	pi+	0.0	0.004439	0.070207	0.0013460000000000002
2.452356	0.216398	0.549104	0.424045	0.292442	AUT	neutron	pi+	0.0	0.005219	0.070207	0.00137
2.494198	0.230289	0.5248550000000001	0.424069	0.29080300000000003	AUT	neutron	pi+	0.0	0.006614	0.070207	0.001397
2.496282	0.24669899999999997	0.490447	0.424142	0.290224	AUT	neutron	pi+	0.0	0.009015	0.070207	0.0014269999999999999
2.481446	0.267574	0.449583	0.42430500000000004	0.290473	AUT	neutron	pi+	0.0	0.007873	0.070207	0.001465
2.525502	0.296005	0.413617	0.42545	0.28880500000000003	AUT	neutron	pi+	0.0	0.005582999999999999	0.070207	0.001517
2.704109	0.342621	0.382969	0.426361	0.288146	AUT	neutron	pi+	0.0	0.006662	0.070207	0.001605
2.11727	0.147384	0.69721	0.424097	0.489546	AUT	neutron	pi+	0.0	0.003428	0.070207	0.001236
2.242104	0.169628	0.640804	0.424429	0.48431499999999994	AUT	neutron	pi+	0.0	0.005565	0.070207	0.001279
2.344378	0.190831	0.5955699999999999	0.42442299999999994	0.48525100000000004	AUT	neutron	pi+	0.0	0.010489	0.070207	0.0013210000000000001
2.436295	0.213912	0.552167	0.42433699999999996	0.486824	AUT	neutron	pi+	0.0	0.013081	0.070207	0.0013650000000000001
2.4788580000000002	0.24187399999999998	0.49723999999999996	0.424221	0.487717	AUT	neutron	pi+	0.0	0.009755	0.070207	0.001418
2.508207	0.284558	0.428088	0.424967	0.48839399999999994	AUT	neutron	pi+	0.0	0.009175	0.070207	0.0014960000000000002
2.714387	0.3441	0.382685	0.426281	0.48612	AUT	neutron	pi+	0.0	0.025384999999999998	0.070207	0.0016079999999999998
2.202283	0.164517	0.6529520000000001	0.424412	0.6849270000000001	AUT	neutron	pi+	0.0	0.0048259999999999996	0.070207	0.001268
2.416773	0.219788	0.535176	0.424175	0.687394	AUT	neutron	pi+	0.0	0.004479	0.070207	0.001375
2.539389	0.284462	0.434288	0.424063	0.680446	AUT	neutron	pi+	0.0	0.011562000000000001	0.070207	0.001495
2.3789029999999998	0.201009	0.5873649999999999	0.42624700000000004	0.879907	AUT	neutron	pi+	0.0	0.006928	0.070207	0.001336
2.218864	0.181612	0.594383	0.47332799999999997	0.137745	AUT	neutron	pi+	0.0	0.003293	0.070207	0.00131
2.339979	0.21335300000000001	0.531697	0.473595	0.127566	AUT	neutron	pi+	0.0	0.00349	0.070207	0.001373
2.423418	0.236335	0.49703100000000006	0.4737	0.12468	AUT	neutron	pi+	0.0	0.0036630000000000005	0.070207	0.001418
2.4807930000000002	0.260737	0.46127399999999996	0.47369399999999995	0.123899	AUT	neutron	pi+	0.0	0.003749	0.070207	0.001464
2.529102	0.296317	0.414239	0.47365799999999997	0.128429	AUT	neutron	pi+	0.0	0.0038689999999999996	0.070207	0.001531
2.693393	0.34626	0.37714899999999996	0.47326899999999994	0.14398699999999998	AUT	neutron	pi+	0.0	0.011316	0.070207	0.001627
2.138541	0.15454400000000001	0.672118	0.473301	0.31193899999999997	AUT	neutron	pi+	0.0	0.003141	0.070207	0.001256
2.2409209999999997	0.177149	0.6131439999999999	0.47359700000000005	0.30492800000000003	AUT	neutron	pi+	0.0	0.003321	0.070207	0.001302
2.3232060000000003	0.193544	0.581683	0.473775	0.299132	AUT	neutron	pi+	0.0	0.0036630000000000005	0.070207	0.001334
2.404747	0.20896900000000002	0.557632	0.47392700000000004	0.29548	AUT	neutron	pi+	0.0	0.0043560000000000005	0.070207	0.0013650000000000001
2.475258	0.225333	0.53236	0.474009	0.29332199999999997	AUT	neutron	pi+	0.0	0.005332	0.070207	0.001397
2.4932	0.24471700000000002	0.49391	0.474127	0.291001	AUT	neutron	pi+	0.0	0.0071400000000000005	0.070207	0.0014349999999999999
2.473147	0.27015	0.44396800000000003	0.474179	0.28996500000000003	AUT	neutron	pi+	0.0	0.0060799999999999995	0.070207	0.001482
2.47827	0.304216	0.39511199999999996	0.474268	0.289308	AUT	neutron	pi+	0.0	0.00464	0.070207	0.001545
2.6737599999999997	0.349566	0.370776	0.47413999999999995	0.291871	AUT	neutron	pi+	0.0	0.008241	0.070207	0.001633
2.134172	0.151042	0.686116	0.47393199999999996	0.49315699999999996	AUT	neutron	pi+	0.0	0.00331	0.070207	0.00125
2.2787740000000003	0.177049	0.624108	0.47436000000000006	0.486029	AUT	neutron	pi+	0.0	0.005018	0.070207	0.001302
2.398691	0.20260899999999998	0.574116	0.474371	0.48627299999999996	AUT	neutron	pi+	0.0	0.010121	0.070207	0.001353
2.475341	0.233256	0.5150279999999999	0.47429099999999996	0.48808999999999997	AUT	neutron	pi+	0.0	0.013068000000000001	0.070207	0.0014119999999999998
2.478909	0.279929	0.430674	0.474253	0.488374	AUT	neutron	pi+	0.0	0.009038	0.070207	0.0015
2.642443	0.33933	0.37761100000000003	0.47385600000000005	0.480321	AUT	neutron	pi+	0.0	0.021473	0.070207	0.0016129999999999999
2.219281	0.167302	0.647844	0.474653	0.6834680000000001	AUT	neutron	pi+	0.0	0.007396	0.070207	0.001281
2.448513	0.235339	0.50837	0.474311	0.68547	AUT	neutron	pi+	0.0	0.005789	0.070207	0.001415
2.657091	0.306678	0.420227	0.473265	0.6682100000000001	AUT	neutron	pi+	0.0	0.029602999999999997	0.070207	0.001551
2.358734	0.198379	0.589017	0.474896	0.9027459999999999	AUT	neutron	pi+	0.0	0.004536999999999999	0.070207	0.00134
2.2469189999999997	0.190389	0.574597	0.523494	0.134494	AUT	neutron	pi+	0.0	0.0033520000000000004	0.070207	0.001336
2.390039	0.22831700000000002	0.507637	0.52373	0.126825	AUT	neutron	pi+	0.0	0.0035960000000000002	0.070207	0.0014140000000000001
2.4790959999999997	0.261544	0.45982700000000004	0.523679	0.125493	AUT	neutron	pi+	0.0	0.003766	0.070207	0.0014789999999999998
2.5777900000000002	0.311345	0.402406	0.523515	0.134113	AUT	neutron	pi+	0.0	0.004728	0.070207	0.001574
2.1626849999999997	0.16053800000000001	0.654904	0.5234300000000001	0.311797	AUT	neutron	pi+	0.0	0.003188	0.070207	0.001276
2.283202	0.187574	0.590069	0.523718	0.30351999999999996	AUT	neutron	pi+	0.0	0.0034850000000000003	0.070207	0.001332
2.386488	0.208011	0.556044	0.5239050000000001	0.29752399999999996	AUT	neutron	pi+	0.0	0.004081	0.070207	0.001374
2.4744330000000003	0.22934000000000002	0.523036	0.524014	0.29430700000000004	AUT	neutron	pi+	0.0	0.005097	0.070207	0.001417
2.480783	0.25569400000000003	0.470631	0.524122	0.290652	AUT	neutron	pi+	0.0	0.005893	0.070207	0.001468
2.4660189999999997	0.29286599999999996	0.408668	0.524151	0.291077	AUT	neutron	pi+	0.0	0.004298	0.070207	0.001538
2.6313020000000003	0.341846	0.373203	0.523934	0.29533000000000004	AUT	neutron	pi+	0.0	0.0072569999999999996	0.070207	0.0016350000000000002
2.153007	0.155278	0.673744	0.5239060000000001	0.49533999999999995	AUT	neutron	pi+	0.0	0.0032890000000000003	0.070207	0.001266
2.3207470000000003	0.185691	0.606176	0.524353	0.48802	AUT	neutron	pi+	0.0	0.005019	0.070207	0.001328
2.4522060000000003	0.21731	0.547574	0.524303	0.48773900000000003	AUT	neutron	pi+	0.0	0.010903	0.070207	0.001393
2.477298	0.26264099999999996	0.45891800000000005	0.524216	0.489184	AUT	neutron	pi+	0.0	0.01017	0.070207	0.00148
2.607452	0.323015	0.39165	0.522997	0.47734099999999996	AUT	neutron	pi+	0.0	0.015634000000000002	0.070207	0.0015970000000000001
2.233771	0.169775	0.643205	0.524632	0.684245	AUT	neutron	pi+	0.0	0.006983	0.070207	0.001295
2.499796	0.246007	0.49740200000000007	0.524085	0.6819149999999999	AUT	neutron	pi+	0.0	0.008295	0.070207	0.0014470000000000002
2.3469990000000003	0.193129	0.600272	0.524536	0.9203889999999999	AUT	neutron	pi+	0.0	0.00426	0.070207	0.00134
2.277526	0.199678	0.555863	0.5735819999999999	0.1325	AUT	neutron	pi+	0.0	0.003426	0.070207	0.001366
2.4424919999999997	0.247385	0.479279	0.5737329999999999	0.126872	AUT	neutron	pi+	0.0	0.003732	0.070207	0.001465
2.564752	0.30235300000000004	0.41263500000000003	0.573522	0.132952	AUT	neutron	pi+	0.0	0.004824	0.070207	0.001573
2.188951	0.16738699999999998	0.6363340000000001	0.5734239999999999	0.311204	AUT	neutron	pi+	0.0	0.003252	0.070207	0.0013
2.334117	0.199735	0.566613	0.573815	0.301633	AUT	neutron	pi+	0.0	0.0037049999999999995	0.070207	0.001368
2.455389	0.22679699999999997	0.524976	0.5739810000000001	0.295953	AUT	neutron	pi+	0.0	0.004646	0.070207	0.001424
2.475293	0.260137	0.46193999999999996	0.5741	0.291591	AUT	neutron	pi+	0.0	0.0049960000000000004	0.070207	0.001491
2.5478389999999997	0.314873	0.393077	0.573137	0.292523	AUT	neutron	pi+	0.0	0.004357	0.070207	0.001598
2.177131	0.160707	0.6587109999999999	0.573638	0.49673900000000004	AUT	neutron	pi+	0.0	0.003361	0.070207	0.001286
2.37253	0.196873	0.584766	0.5742659999999999	0.48954899999999996	AUT	neutron	pi+	0.0	0.00532	0.070207	0.001363
2.479591	0.23985599999999999	0.5029100000000001	0.57423	0.489285	AUT	neutron	pi+	0.0	0.011682	0.070207	0.00145
2.5821389999999997	0.29889	0.41945699999999997	0.572833	0.480471	AUT	neutron	pi+	0.0	0.012231	0.070207	0.001567
2.2503599999999997	0.173052	0.635947	0.574381	0.6855359999999999	AUT	neutron	pi+	0.0	0.006146	0.070207	0.0013109999999999999
2.525048	0.244772	0.503075	0.5737369999999999	0.681419	AUT	neutron	pi+	0.0	0.012823	0.070207	0.001459
2.339164	0.18783	0.613034	0.574151	0.9264870000000001	AUT	neutron	pi+	0.0	0.005637	0.070207	0.00134
2.311259	0.20967	0.5379619999999999	0.623609	0.131455	AUT	neutron	pi+	0.0	0.003525	0.070207	0.0014
2.522685	0.27775700000000003	0.44265699999999997	0.623366	0.129398	AUT	neutron	pi+	0.0	0.004052	0.070207	0.001542
2.226014	0.178778	0.605879	0.622909	0.308591	AUT	neutron	pi+	0.0	0.0033490000000000004	0.070207	0.001335
2.408291	0.21783000000000002	0.536317	0.623888	0.298856	AUT	neutron	pi+	0.0	0.00414	0.070207	0.0014199999999999998
2.4772220000000003	0.25840599999999997	0.465836	0.623946	0.292952	AUT	neutron	pi+	0.0	0.004588	0.070207	0.001504
2.614466	0.310272	0.408702	0.6217199999999999	0.290392	AUT	neutron	pi+	0.0	0.005937	0.070207	0.001609
2.22775	0.17357	0.624039	0.622815	0.49581000000000003	AUT	neutron	pi+	0.0	0.003595	0.070207	0.001324
2.453169	0.219885	0.542389	0.6241979999999999	0.490166	AUT	neutron	pi+	0.0	0.0073030000000000005	0.070207	0.001424
2.579006	0.27612600000000004	0.453743	0.622566	0.48248599999999997	AUT	neutron	pi+	0.0	0.013538	0.070207	0.0015400000000000001
2.322245	0.190644	0.59677	0.6233890000000001	0.685954	AUT	neutron	pi+	0.0	0.0076170000000000005	0.070207	0.0013599999999999999
2.658033	0.26013800000000004	0.495784	0.622165	0.6736	AUT	neutron	pi+	0.0	0.030447000000000002	0.070207	0.001509
2.354653	0.188139	0.611711	0.622546	0.917789	AUT	neutron	pi+	0.0	0.010784	0.070207	0.001354
2.3538	0.224978	0.511652	0.673359	0.129548	AUT	neutron	pi+	0.0	0.003653	0.070207	0.0014470000000000002
2.631329	0.292478	0.43642	0.671795	0.12648099999999998	AUT	neutron	pi+	0.0	0.007776000000000001	0.070207	0.0015949999999999998
2.267081	0.195607	0.563901	0.6726770000000001	0.304834	AUT	neutron	pi+	0.0	0.0036340000000000005	0.070207	0.001385
2.4858569999999998	0.247865	0.487486	0.673369	0.293964	AUT	neutron	pi+	0.0	0.004501	0.070207	0.0015
2.7153810000000003	0.300669	0.43784700000000004	0.669932	0.287013	AUT	neutron	pi+	0.0	0.009136	0.070207	0.0016120000000000002
2.293171	0.19359500000000002	0.576358	0.672549	0.493361	AUT	neutron	pi+	0.0	0.004351	0.070207	0.0013800000000000002
2.584266	0.250672	0.5011329999999999	0.672343	0.48381899999999994	AUT	neutron	pi+	0.0	0.014922999999999999	0.070207	0.001506
2.379179	0.200518	0.57867	0.671384	0.729068	AUT	neutron	pi+	0.0	0.013844	0.070207	0.001395
3.172745	0.24978000000000003	0.615965	0.323481	0.12943	AUT	neutron	pi+	0.0	0.005413	0.070207	0.001411
3.2884160000000002	0.27153099999999997	0.586795	0.323676	0.12447799999999999	AUT	neutron	pi+	0.0	0.005696	0.070207	0.00145
3.3573169999999997	0.286564	0.567673	0.323786	0.120952	AUT	neutron	pi+	0.0	0.005929	0.070207	0.0014759999999999999
3.360003	0.301176	0.540582	0.32398699999999997	0.11758900000000001	AUT	neutron	pi+	0.0	0.006155	0.070207	0.001501
3.377501	0.317512	0.5154310000000001	0.325035	0.115569	AUT	neutron	pi+	0.0	0.006226	0.070207	0.0015300000000000001
3.466217	0.337735	0.49728	0.32673	0.11607	AUT	neutron	pi+	0.0	0.006249	0.070207	0.0015660000000000001
3.6718669999999998	0.369884	0.481195	0.32847	0.119652	AUT	neutron	pi+	0.0	0.006195	0.070207	0.001626
3.856929	0.414063	0.45147600000000004	0.336316	0.13007	AUT	neutron	pi+	0.0	0.019102	0.070207	0.001719
3.174462	0.24368800000000002	0.631558	0.32416799999999996	0.288095	AUT	neutron	pi+	0.0	0.007603	0.070207	0.001401
3.315315	0.26461599999999996	0.607038	0.324227	0.28799600000000003	AUT	neutron	pi+	0.0	0.010937	0.070207	0.001438
3.4203410000000005	0.280238	0.591355	0.324256	0.288545	AUT	neutron	pi+	0.0	0.013031000000000001	0.070207	0.001465
3.4115830000000003	0.295889	0.558771	0.324218	0.288881	AUT	neutron	pi+	0.0	0.017891	0.070207	0.001492
3.3825489999999996	0.31545	0.519668	0.32510300000000003	0.28989000000000004	AUT	neutron	pi+	0.0	0.019887000000000002	0.070207	0.001526
3.4797059999999997	0.341148	0.49427	0.327416	0.289846	AUT	neutron	pi+	0.0	0.015687	0.070207	0.001572
3.7197400000000003	0.382326	0.471966	0.330996	0.288389	AUT	neutron	pi+	0.0	0.013137000000000001	0.070207	0.0016510000000000001
3.254789	0.257322	0.613694	0.324155	0.48636499999999994	AUT	neutron	pi+	0.0	0.012306000000000001	0.070207	0.001424
3.3916489999999997	0.293758	0.56005	0.32421700000000003	0.486746	AUT	neutron	pi+	0.0	0.011062	0.070207	0.0014880000000000002
3.4772269999999996	0.33881500000000003	0.49781899999999996	0.326977	0.487104	AUT	neutron	pi+	0.0	0.013777000000000001	0.070207	0.001568
3.785807	0.396187	0.46335200000000004	0.332854	0.48625	AUT	neutron	pi+	0.0	0.045598	0.070207	0.00168
3.3315099999999997	0.284262	0.571735	0.325077	0.676045	AUT	neutron	pi+	0.0	0.011093	0.070207	0.001471
3.6056559999999998	0.362582	0.48248500000000005	0.32942	0.675393	AUT	neutron	pi+	0.0	0.049658	0.070207	0.0016129999999999999
3.1960450000000002	0.255346	0.607126	0.373447	0.128579	AUT	neutron	pi+	0.0	0.005469	0.070207	0.0014349999999999999
3.3258989999999997	0.281416	0.57271	0.373626	0.124549	AUT	neutron	pi+	0.0	0.005676	0.070207	0.001482
3.350231	0.30154000000000003	0.538451	0.373802	0.120841	AUT	neutron	pi+	0.0	0.005914	0.070207	0.001518
3.3662360000000002	0.323088	0.504918	0.373786	0.11920599999999999	AUT	neutron	pi+	0.0	0.006067	0.070207	0.001556
3.4286	0.347844	0.47766899999999995	0.373721	0.121163	AUT	neutron	pi+	0.0	0.006023	0.070207	0.001602
3.5521870000000004	0.381681	0.45117299999999994	0.374747	0.128197	AUT	neutron	pi+	0.0	0.006259000000000001	0.070207	0.001668
3.73544	0.42789499999999997	0.423145	0.37614699999999995	0.14115899999999998	AUT	neutron	pi+	0.0	0.017609	0.070207	0.0017690000000000002
3.188148	0.246752	0.626484	0.374015	0.291742	AUT	neutron	pi+	0.0	0.006601999999999999	0.070207	0.0014199999999999998
3.34839	0.270276	0.600276	0.374112	0.290029	AUT	neutron	pi+	0.0	0.00921	0.070207	0.001463
3.4282980000000003	0.288775	0.575358	0.37411	0.28987399999999997	AUT	neutron	pi+	0.0	0.012270999999999999	0.070207	0.0014960000000000002
3.3753660000000005	0.31035	0.527208	0.37412199999999995	0.289928	AUT	neutron	pi+	0.0	0.017519	0.070207	0.001534
3.383699	0.336739	0.48702799999999996	0.374238	0.289488	AUT	neutron	pi+	0.0	0.012334	0.070207	0.0015810000000000002
3.460551	0.36656700000000003	0.457535	0.375027	0.287693	AUT	neutron	pi+	0.0	0.009184999999999999	0.070207	0.001638
3.6291809999999995	0.410343	0.42889799999999995	0.377078	0.286821	AUT	neutron	pi+	0.0	0.00926	0.070207	0.0017289999999999999
3.913128	0.46362700000000007	0.408893	0.377958	0.288538	AUT	neutron	pi+	0.0	0.080328	0.070207	0.00186
3.276016	0.260268	0.6108359999999999	0.37429	0.48534099999999997	AUT	neutron	pi+	0.0	0.022292	0.070207	0.001444
3.383785	0.303249	0.5417029999999999	0.374207	0.486518	AUT	neutron	pi+	0.0	0.015722	0.070207	0.001521
3.437682	0.356485	0.46801899999999996	0.374794	0.486766	AUT	neutron	pi+	0.0	0.016444	0.070207	0.0016179999999999999
3.6622980000000003	0.416832	0.42601999999999995	0.377313	0.485766	AUT	neutron	pi+	0.0	0.038939999999999995	0.070207	0.001744
3.3288	0.29183400000000004	0.5579569999999999	0.374159	0.685947	AUT	neutron	pi+	0.0	0.008154999999999999	0.070207	0.0014990000000000001
3.5432910000000004	0.377628	0.45520200000000005	0.374446	0.673829	AUT	neutron	pi+	0.0	0.038368	0.070207	0.0016600000000000002
3.224478	0.261956	0.597312	0.42352	0.12809	AUT	neutron	pi+	0.0	0.005525	0.070207	0.00146
3.338834	0.29384499999999997	0.55082	0.423658	0.12471099999999999	AUT	neutron	pi+	0.0	0.005809	0.070207	0.001519
3.365567	0.32201	0.506638	0.423708	0.12235599999999999	AUT	neutron	pi+	0.0	0.006034	0.070207	0.00157
3.458853	0.356765	0.470041	0.42358999999999997	0.12448599999999999	AUT	neutron	pi+	0.0	0.006102000000000001	0.070207	0.0016359999999999999
3.5806480000000005	0.40532399999999996	0.42850200000000005	0.423331	0.138796	AUT	neutron	pi+	0.0	0.009379	0.070207	0.001738
3.206804	0.250755	0.6201939999999999	0.423863	0.295144	AUT	neutron	pi+	0.0	0.006256	0.070207	0.001439
3.3863760000000003	0.277876	0.590551	0.424019	0.291956	AUT	neutron	pi+	0.0	0.008634000000000001	0.070207	0.00149
3.391511	0.302388	0.543818	0.424122	0.290406	AUT	neutron	pi+	0.0	0.013249	0.070207	0.001535
3.376274	0.333264	0.49113900000000005	0.424206	0.289286	AUT	neutron	pi+	0.0	0.010206999999999999	0.070207	0.001591
3.442426	0.368012	0.45347299999999996	0.42416499999999996	0.288072	AUT	neutron	pi+	0.0	0.007598000000000001	0.070207	0.0016589999999999999
3.552521	0.412466	0.417516	0.424079	0.289812	AUT	neutron	pi+	0.0	0.009203	0.070207	0.001754
3.9018699999999997	0.46324799999999994	0.408046	0.424066	0.29338600000000004	AUT	neutron	pi+	0.0	0.08029700000000001	0.070207	0.001883
3.300928	0.26405700000000004	0.6068939999999999	0.424382	0.48587700000000006	AUT	neutron	pi+	0.0	0.025467	0.070207	0.001464
3.3793269999999995	0.317301	0.51751	0.424228	0.487199	AUT	neutron	pi+	0.0	0.017078	0.070207	0.001562
3.5047800000000002	0.389486	0.437305	0.42422	0.48553	AUT	neutron	pi+	0.0	0.018127	0.070207	0.001703
3.3571129999999996	0.304237	0.5422100000000001	0.424304	0.683243	AUT	neutron	pi+	0.0	0.009670999999999999	0.070207	0.001535
3.6726949999999996	0.400955	0.443931	0.423167	0.655288	AUT	neutron	pi+	0.0	0.090836	0.070207	0.0017289999999999999
3.3695720000000002	0.290495	0.566932	0.425022	0.882492	AUT	neutron	pi+	0.0	0.022908	0.070207	0.001511
3.253568	0.269223	0.5867760000000001	0.473526	0.128152	AUT	neutron	pi+	0.0	0.005606	0.070207	0.001486
3.3488809999999996	0.310564	0.5230020000000001	0.473652	0.125002	AUT	neutron	pi+	0.0	0.0059310000000000005	0.070207	0.001564
3.4605699999999997	0.356799	0.47059799999999996	0.47356000000000004	0.126104	AUT	neutron	pi+	0.0	0.006157	0.070207	0.0016539999999999999
3.6124870000000002	0.41288100000000005	0.42419399999999996	0.47326999999999997	0.143609	AUT	neutron	pi+	0.0	0.015553	0.070207	0.001777
3.2309900000000003	0.2556	0.613174	0.473832	0.29743400000000003	AUT	neutron	pi+	0.0	0.00617	0.070207	0.00146
3.399228	0.288181	0.571902	0.474049	0.292688	AUT	neutron	pi+	0.0	0.009003	0.070207	0.001523
3.3677	0.322651	0.506257	0.47413900000000003	0.289563	AUT	neutron	pi+	0.0	0.009747	0.070207	0.0015869999999999999
3.435921	0.364627	0.45697600000000005	0.47408	0.29039	AUT	neutron	pi+	0.0	0.006931999999999999	0.070207	0.0016699999999999998
3.565418	0.41451000000000005	0.41697399999999996	0.47396400000000005	0.294811	AUT	neutron	pi+	0.0	0.010221	0.070207	0.0017809999999999998
3.3215480000000004	0.268536	0.601002	0.474365	0.486257	AUT	neutron	pi+	0.0	0.019464	0.070207	0.001485
3.3950989999999996	0.336072	0.49138100000000007	0.47425	0.48810200000000004	AUT	neutron	pi+	0.0	0.015998	0.070207	0.0016129999999999999
3.557429	0.40637199999999996	0.424525	0.473822	0.479741	AUT	neutron	pi+	0.0	0.026372000000000003	0.070207	0.0017620000000000001
3.3410089999999997	0.291599	0.560511	0.474425	0.730715	AUT	neutron	pi+	0.0	0.009385	0.070207	0.001527
3.5933309999999996	0.376621	0.46256400000000003	0.473211	0.6707380000000001	AUT	neutron	pi+	0.0	0.051972000000000004	0.070207	0.001696
3.275131	0.277918	0.572829	0.523543	0.128566	AUT	neutron	pi+	0.0	0.005699	0.070207	0.001517
3.4057089999999994	0.336475	0.491446	0.523622	0.125623	AUT	neutron	pi+	0.0	0.006104999999999999	0.070207	0.001632
3.585581	0.399687	0.435251	0.523404	0.13993699999999998	AUT	neutron	pi+	0.0	0.012462	0.070207	0.0017690000000000002
3.259175	0.261417	0.604961	0.5238520000000001	0.298642	AUT	neutron	pi+	0.0	0.006213000000000001	0.070207	0.001485
3.3811199999999997	0.303016	0.541592	0.524088	0.29189899999999996	AUT	neutron	pi+	0.0	0.008941	0.070207	0.0015660000000000001
3.4108970000000003	0.35175	0.470479	0.524037	0.291944	AUT	neutron	pi+	0.0	0.006817	0.070207	0.001663
3.547794	0.408517	0.421163	0.523763	0.298367	AUT	neutron	pi+	0.0	0.009923000000000001	0.070207	0.00179
3.331285	0.273255	0.59308	0.524288	0.48736499999999994	AUT	neutron	pi+	0.0	0.015077000000000002	0.070207	0.001508
3.44774	0.35894000000000004	0.46792	0.523859	0.484737	AUT	neutron	pi+	0.0	0.013281	0.070207	0.001678
3.843472	0.44649700000000003	0.417059	0.518312	0.44047200000000003	AUT	neutron	pi+	0.0	0.116066	0.070207	0.001888
3.376897	0.297334	0.55721	0.524197	0.733703	AUT	neutron	pi+	0.0	0.012081999999999999	0.070207	0.001553
3.2961650000000002	0.28949400000000003	0.554646	0.573633	0.128613	AUT	neutron	pi+	0.0	0.005792	0.070207	0.001556
3.497605	0.36685	0.463628	0.57353	0.131301	AUT	neutron	pi+	0.0	0.007821999999999999	0.070207	0.001718
3.2860199999999997	0.268304	0.5947060000000001	0.573806	0.299218	AUT	neutron	pi+	0.0	0.006364	0.070207	0.001515
3.377851	0.323294	0.507595	0.574066	0.29215	AUT	neutron	pi+	0.0	0.0074540000000000006	0.070207	0.001625
3.516544	0.3893	0.438492	0.572915	0.295917	AUT	neutron	pi+	0.0	0.007932999999999999	0.070207	0.0017690000000000002
3.336439	0.2793	0.5823	0.5742550000000001	0.489	AUT	neutron	pi+	0.0	0.012598999999999999	0.070207	0.001536
3.483281	0.36146300000000003	0.46800699999999995	0.573145	0.481892	AUT	neutron	pi+	0.0	0.016189	0.070207	0.0017059999999999998
3.3731660000000003	0.290013	0.569171	0.573926	0.7313350000000001	AUT	neutron	pi+	0.0	0.019218	0.070207	0.001557
3.333533	0.304975	0.534385	0.623644	0.128397	AUT	neutron	pi+	0.0	0.006024	0.070207	0.001607
3.602959	0.388281	0.449946	0.62243	0.135197	AUT	neutron	pi+	0.0	0.016271	0.070207	0.001796
3.3010089999999996	0.27721	0.5791350000000001	0.623758	0.298426	AUT	neutron	pi+	0.0	0.006517	0.070207	0.001551
3.459104	0.353699	0.47557	0.622958	0.29399699999999995	AUT	neutron	pi+	0.0	0.0066489999999999995	0.070207	0.001713
3.347923	0.290231	0.564395	0.623893	0.489411	AUT	neutron	pi+	0.0	0.011288	0.070207	0.001577
3.635972	0.37106500000000003	0.474865	0.620221	0.469339	AUT	neutron	pi+	0.0	0.029421	0.070207	0.001754
3.371805	0.281577	0.584148	0.623256	0.7251350000000001	AUT	neutron	pi+	0.0	0.032147	0.070207	0.001559
3.244412	0.279852	0.5633699999999999	0.672982	0.23854899999999998	AUT	neutron	pi+	0.0	0.0061990000000000005	0.070207	0.001576
3.466133	0.342034	0.49187700000000006	0.67219	0.222806	AUT	neutron	pi+	0.0	0.006792	0.070207	0.001713
3.323011	0.287602	0.5634020000000001	0.671559	0.545397	AUT	neutron	pi+	0.0	0.016676	0.070207	0.001592
4.202602	0.313546	0.649691	0.323457	0.127696	AUT	neutron	pi+	0.0	0.007519	0.070207	0.001525
4.447666000000001	0.341923	0.630223	0.32356599999999996	0.125065	AUT	neutron	pi+	0.0	0.007890000000000001	0.070207	0.001576
4.605777	0.36748000000000003	0.607442	0.323681	0.121931	AUT	neutron	pi+	0.0	0.008181	0.070207	0.001623
4.569271	0.40169499999999997	0.551652	0.324114	0.11888299999999999	AUT	neutron	pi+	0.0	0.008486	0.070207	0.0016899999999999999
4.545489	0.44875699999999996	0.491422	0.328874	0.126959	AUT	neutron	pi+	0.0	0.012633	0.070207	0.0017980000000000001
4.172109	0.307817	0.656874	0.324265	0.286642	AUT	neutron	pi+	0.0	0.01125	0.070207	0.001516
4.3973889999999995	0.33348	0.638878	0.324287	0.28643	AUT	neutron	pi+	0.0	0.016818	0.070207	0.0015609999999999999
4.603905	0.35772	0.623691	0.324237	0.287428	AUT	neutron	pi+	0.0	0.024551	0.070207	0.0016059999999999998
4.583023000000001	0.39316599999999996	0.565535	0.324301	0.28923899999999997	AUT	neutron	pi+	0.0	0.024577	0.070207	0.001673
4.500628	0.446719	0.48902799999999996	0.329919	0.28681	AUT	neutron	pi+	0.0	0.016709	0.070207	0.0017929999999999999
4.320835	0.325015	0.644667	0.324263	0.484922	AUT	neutron	pi+	0.0	0.023271	0.070207	0.001546
4.569472	0.396167	0.562733	0.325502	0.48540500000000003	AUT	neutron	pi+	0.0	0.017825	0.070207	0.00168
4.620056	0.49334700000000004	0.453722	0.336048	0.48452399999999995	AUT	neutron	pi+	0.0	0.25818800000000003	0.070207	0.0019210000000000002
4.451517	0.358796	0.6067359999999999	0.325154	0.700272	AUT	neutron	pi+	0.0	0.014216	0.070207	0.001607
4.254107	0.320257	0.644009	0.373383	0.127162	AUT	neutron	pi+	0.0	0.007696	0.070207	0.0015550000000000002
4.556934	0.358207	0.6166050000000001	0.37358	0.125115	AUT	neutron	pi+	0.0	0.007951999999999999	0.070207	0.001627
4.559809	0.40304	0.5492520000000001	0.373707	0.12304000000000001	AUT	neutron	pi+	0.0	0.008391	0.070207	0.0017170000000000002
4.415055000000001	0.461913	0.463656	0.373271	0.13634200000000002	AUT	neutron	pi+	0.0	0.016349000000000002	0.070207	0.0018559999999999998
4.196439	0.311025	0.653953	0.37399499999999997	0.290056	AUT	neutron	pi+	0.0	0.009573	0.070207	0.001539
4.477348	0.341492	0.635246	0.374103	0.287965	AUT	neutron	pi+	0.0	0.013234000000000001	0.070207	0.0015949999999999998
4.6176699999999995	0.376085	0.595609	0.374135	0.288446	AUT	neutron	pi+	0.0	0.021613	0.070207	0.001662
4.408494	0.43876400000000004	0.488573	0.374249	0.287691	AUT	neutron	pi+	0.0	0.010657	0.070207	0.0017980000000000001
4.515694	0.495125	0.441795	0.374155	0.28841300000000003	AUT	neutron	pi+	0.0	0.049699	0.070207	0.0019510000000000003
4.366678	0.33027399999999996	0.641319	0.374259	0.485199	AUT	neutron	pi+	0.0	0.039474	0.070207	0.001574
4.503291	0.416555	0.528816	0.374302	0.485674	AUT	neutron	pi+	0.0	0.020214	0.070207	0.001748
4.443068	0.358722	0.606069	0.37449899999999997	0.7219720000000001	AUT	neutron	pi+	0.0	0.011855	0.070207	0.001627
4.330086	0.329007	0.638254	0.42351000000000005	0.12709600000000001	AUT	neutron	pi+	0.0	0.007798	0.070207	0.001588
4.584114	0.385417	0.5776939999999999	0.42355	0.125593	AUT	neutron	pi+	0.0	0.008223000000000001	0.070207	0.0017010000000000003
4.442322	0.451926	0.47724099999999997	0.42337299999999994	0.134304	AUT	neutron	pi+	0.0	0.015544999999999998	0.070207	0.001857
4.238094	0.316125	0.649888	0.423896	0.294091	AUT	neutron	pi+	0.0	0.008833	0.070207	0.001564
4.568687000000001	0.354878	0.624045	0.424048	0.289745	AUT	neutron	pi+	0.0	0.012833	0.070207	0.001639
4.4931209999999995	0.413617	0.528587	0.42410200000000003	0.289101	AUT	neutron	pi+	0.0	0.010943000000000001	0.070207	0.0017629999999999998
4.382185	0.477734	0.44446899999999995	0.42397299999999993	0.29279299999999997	AUT	neutron	pi+	0.0	0.025438	0.070207	0.001929
4.407342	0.336881	0.635162	0.424333	0.485825	AUT	neutron	pi+	0.0	0.048383999999999996	0.070207	0.001603
4.467454	0.42902799999999996	0.507917	0.424216	0.48507700000000004	AUT	neutron	pi+	0.0	0.02567	0.070207	0.0018
4.446905999999999	0.356478	0.609769	0.42454200000000003	0.732621	AUT	neutron	pi+	0.0	0.013736000000000002	0.070207	0.0016420000000000002
4.4108730000000005	0.34076599999999996	0.6283310000000001	0.473558	0.127666	AUT	neutron	pi+	0.0	0.007918999999999999	0.070207	0.001628
4.526078	0.41913900000000004	0.526191	0.473499	0.13003199999999998	AUT	neutron	pi+	0.0	0.010601000000000001	0.070207	0.0018
4.288416000000001	0.321995	0.64573	0.47381	0.297494	AUT	neutron	pi+	0.0	0.008583	0.070207	0.001592
4.590031	0.375589	0.59377	0.47404300000000005	0.290439	AUT	neutron	pi+	0.0	0.012118	0.070207	0.0017010000000000003
4.3943449999999995	0.451924	0.472394	0.47397700000000004	0.294649	AUT	neutron	pi+	0.0	0.013119	0.070207	0.001884
4.431719999999999	0.345117	0.624814	0.474337	0.486592	AUT	neutron	pi+	0.0	0.038396	0.070207	0.001637
4.418819	0.44417799999999996	0.483538	0.47391000000000005	0.48143400000000003	AUT	neutron	pi+	0.0	0.0339	0.070207	0.0018629999999999999
4.447527	0.35337199999999996	0.6144069999999999	0.474354	0.73766	AUT	neutron	pi+	0.0	0.019359	0.070207	0.0016539999999999999
4.4597489999999995	0.358284	0.606559	0.5235310000000001	0.128084	AUT	neutron	pi+	0.0	0.008140000000000001	0.070207	0.001684
4.459392	0.45110900000000004	0.47986899999999993	0.5233760000000001	0.137253	AUT	neutron	pi+	0.0	0.023919	0.070207	0.001911
4.358159	0.32987	0.640745	0.52381	0.299153	AUT	neutron	pi+	0.0	0.008681	0.070207	0.001626
4.504698	0.41448500000000005	0.531876	0.523894	0.293978	AUT	neutron	pi+	0.0	0.009327	0.070207	0.0018149999999999998
4.43224	0.35684	0.607559	0.524324	0.48711400000000005	AUT	neutron	pi+	0.0	0.023469	0.070207	0.0016820000000000001
4.4377580000000005	0.465221	0.46226300000000003	0.52128	0.46075	AUT	neutron	pi+	0.0	0.063053	0.070207	0.0019510000000000003
4.452106	0.350067	0.619909	0.5242979999999999	0.739586	AUT	neutron	pi+	0.0	0.030038	0.070207	0.001667
4.327205999999999	0.32768200000000003	0.640373	0.573707	0.24325500000000003	AUT	neutron	pi+	0.0	0.008195000000000001	0.070207	0.0016420000000000002
4.575374	0.387369	0.574239	0.57386	0.22815300000000002	AUT	neutron	pi+	0.0	0.009049	0.070207	0.0017760000000000002
4.422667	0.45523199999999997	0.47120200000000007	0.572322	0.245673	AUT	neutron	pi+	0.0	0.019383	0.070207	0.001956
4.425979	0.34142	0.630089	0.5743590000000001	0.549642	AUT	neutron	pi+	0.0	0.023724000000000002	0.070207	0.0016719999999999999
4.555115	0.4224	0.523388	0.572611	0.511311	AUT	neutron	pi+	0.0	0.037159	0.070207	0.0018629999999999999
4.398735	0.33763899999999997	0.632207	0.623516	0.242968	AUT	neutron	pi+	0.0	0.00847	0.070207	0.0016879999999999998
4.557353	0.409315	0.541439	0.623017	0.230086	AUT	neutron	pi+	0.0	0.011728	0.070207	0.001861
4.4452	0.34671799999999997	0.624286	0.623583	0.5705140000000001	AUT	neutron	pi+	0.0	0.020257	0.070207	0.0017079999999999999
4.836075	0.44746	0.5236729999999999	0.617622	0.45809300000000003	AUT	neutron	pi+	0.0	0.14263499999999998	0.070207	0.00197
4.4439459999999995	0.35675300000000004	0.605176	0.67101	0.31144299999999997	AUT	neutron	pi+	0.0	0.009687000000000001	0.070207	0.0017579999999999998
4.699141	0.42224399999999995	0.539392	0.670014	0.24284099999999997	AUT	neutron	pi+	0.0	0.025981	0.070207	0.0019320000000000001
5.229953	0.390283	0.649564	0.32363000000000003	0.124866	AUT	neutron	pi+	0.0	0.010140999999999999	0.070207	0.0016699999999999998
5.433197	0.423868	0.621123	0.323732	0.12140799999999999	AUT	neutron	pi+	0.0	0.010651	0.070207	0.001741
5.490749	0.45448900000000003	0.5855319999999999	0.32374400000000003	0.119055	AUT	neutron	pi+	0.0	0.011257	0.070207	0.001813
5.583501	0.505038	0.536443	0.323664	0.124001	AUT	neutron	pi+	0.0	0.011694	0.070207	0.001952
5.233151	0.388365	0.65315	0.324234	0.286704	AUT	neutron	pi+	0.0	0.025829	0.070207	0.001666
5.457167	0.425098	0.622136	0.324231	0.2885	AUT	neutron	pi+	0.0	0.039844	0.070207	0.001744
5.49412	0.464417	0.5736	0.324227	0.288559	AUT	neutron	pi+	0.0	0.025419999999999998	0.070207	0.001838
5.598618	0.520282	0.5218149999999999	0.324547	0.28618899999999997	AUT	neutron	pi+	0.0	0.020728	0.070207	0.002
5.357724	0.411577	0.631884	0.324293	0.484834	AUT	neutron	pi+	0.0	0.0298	0.070207	0.001715
5.54385	0.492148	0.54724	0.324382	0.484696	AUT	neutron	pi+	0.0	0.03833	0.070207	0.0019149999999999998
5.417762000000001	0.433625	0.608966	0.324604	0.701013	AUT	neutron	pi+	0.0	0.024191999999999998	0.070207	0.0017649999999999999
5.2731330000000005	0.397843	0.642648	0.37346399999999996	0.12580999999999998	AUT	neutron	pi+	0.0	0.010275	0.070207	0.001709
5.473936	0.441193	0.6014649999999999	0.37362199999999995	0.12309200000000001	AUT	neutron	pi+	0.0	0.010816	0.070207	0.001809
5.56993	0.497558	0.543397	0.37349499999999997	0.124767	AUT	neutron	pi+	0.0	0.012609	0.070207	0.0019649999999999997
5.262137	0.39273	0.649567	0.37414000000000003	0.28758	AUT	neutron	pi+	0.0	0.018761	0.070207	0.001698
5.478232	0.43670699999999996	0.6081989999999999	0.374176	0.288472	AUT	neutron	pi+	0.0	0.027623	0.070207	0.0017980000000000001
5.543203	0.49821000000000004	0.540192	0.374188	0.287955	AUT	neutron	pi+	0.0	0.014396	0.070207	0.001968
5.860444	0.5646869999999999	0.5027689999999999	0.374112	0.288939	AUT	neutron	pi+	0.0	0.11046700000000001	0.070207	0.002207
5.380180999999999	0.419642	0.623028	0.374264	0.485436	AUT	neutron	pi+	0.0	0.037999	0.070207	0.0017579999999999998
5.565313	0.505993	0.5337890000000001	0.374258	0.484918	AUT	neutron	pi+	0.0	0.053484000000000004	0.070207	0.0019920000000000003
5.41442	0.43194	0.610793	0.374452	0.714445	AUT	neutron	pi+	0.0	0.022921	0.070207	0.0017879999999999999
5.325469	0.407566	0.633846	0.42355	0.126934	AUT	neutron	pi+	0.0	0.010411	0.070207	0.0017530000000000002
5.532042	0.47627700000000006	0.564362	0.423504	0.124839	AUT	neutron	pi+	0.0	0.011487	0.070207	0.0019329999999999998
5.830863	0.561225	0.50332	0.42337299999999994	0.139405	AUT	neutron	pi+	0.0	0.137843	0.070207	0.0022370000000000003
5.301683000000001	0.398696	0.6448119999999999	0.42404	0.289498	AUT	neutron	pi+	0.0	0.015982	0.070207	0.001734
5.488849	0.455409	0.584851	0.424063	0.288655	AUT	neutron	pi+	0.0	0.017345	0.070207	0.001873
5.597123000000001	0.521041	0.520893	0.424018	0.291155	AUT	neutron	pi+	0.0	0.020193	0.070207	0.002079
5.400715	0.43065600000000004	0.610701	0.424267	0.48618500000000003	AUT	neutron	pi+	0.0	0.038394	0.070207	0.0018100000000000002
5.619835	0.527308	0.516601	0.424153	0.48253900000000005	AUT	neutron	pi+	0.0	0.08326900000000001	0.070207	0.002102
5.4131290000000005	0.42990900000000004	0.613323	0.42435100000000003	0.718143	AUT	neutron	pi+	0.0	0.029358999999999996	0.070207	0.001808
5.371391	0.419941	0.6211720000000001	0.47352799999999995	0.127599	AUT	neutron	pi+	0.0	0.010713	0.070207	0.001807
5.573106	0.49629399999999996	0.545058	0.473504	0.12658699999999998	AUT	neutron	pi+	0.0	0.018493	0.070207	0.0020280000000000003
5.337583	0.405544	0.6384810000000001	0.47395600000000004	0.291468	AUT	neutron	pi+	0.0	0.014580000000000001	0.070207	0.001772
5.5294550000000005	0.48405299999999996	0.5554600000000001	0.47396000000000005	0.29184299999999996	AUT	neutron	pi+	0.0	0.013350999999999998	0.070207	0.001989
5.380301	0.419843	0.622775	0.474317	0.5444220000000001	AUT	neutron	pi+	0.0	0.041785	0.070207	0.001807
5.570949	0.502024	0.5383789999999999	0.47372700000000006	0.512962	AUT	neutron	pi+	0.0	0.050095	0.070207	0.002048
5.430338	0.442137	0.5989979999999999	0.523558	0.128181	AUT	neutron	pi+	0.0	0.011189	0.070207	0.0018960000000000001
5.919986	0.569539	0.503552	0.522953	0.145495	AUT	neutron	pi+	0.0	0.601567	0.070207	0.002376
5.369578	0.415157	0.628054	0.523936	0.293053	AUT	neutron	pi+	0.0	0.013597999999999999	0.070207	0.0018219999999999998
5.549365	0.49723599999999996	0.5419229999999999	0.5237609999999999	0.295387	AUT	neutron	pi+	0.0	0.017374	0.070207	0.002069
5.405298	0.429762	0.612428	0.524187	0.5422170000000001	AUT	neutron	pi+	0.0	0.037670999999999996	0.070207	0.001861
5.667981	0.524425	0.5237350000000001	0.521428	0.46674099999999996	AUT	neutron	pi+	0.0	0.089175	0.070207	0.00217
5.336765	0.408072	0.634474	0.573732	0.233605	AUT	neutron	pi+	0.0	0.011472	0.070207	0.0018329999999999998
5.534346	0.478965	0.561299	0.573447	0.22830999999999999	AUT	neutron	pi+	0.0	0.013363	0.070207	0.002046
5.407497	0.42643100000000006	0.6174	0.573687	0.5543560000000001	AUT	neutron	pi+	0.0	0.037159	0.070207	0.001884
5.37517	0.42015399999999997	0.621426	0.6235609999999999	0.23569400000000001	AUT	neutron	pi+	0.0	0.011717	0.070207	0.0019
5.5793	0.489383	0.5526979999999999	0.6219779999999999	0.22300100000000003	AUT	neutron	pi+	0.0	0.023705	0.070207	0.002127
5.3998040000000005	0.418674	0.6269170000000001	0.622943	0.542652	AUT	neutron	pi+	0.0	0.045404	0.070207	0.0018960000000000001
5.389421	0.43196899999999994	0.605817	0.669461	0.293025	AUT	neutron	pi+	0.0	0.014613999999999999	0.070207	0.00197
6.366944	0.48236999999999997	0.640193	0.323798	0.122048	AUT	neutron	pi+	0.0	0.011571	0.070207	0.001889
6.861339999999999	0.559588	0.594408	0.323635	0.12141600000000001	AUT	neutron	pi+	0.0	0.01299	0.070207	0.002144
6.400836	0.48745299999999997	0.637165	0.324207	0.28823000000000004	AUT	neutron	pi+	0.0	0.038106	0.070207	0.0019039999999999999
6.8741710000000005	0.568332	0.586163	0.32419699999999996	0.287144	AUT	neutron	pi+	0.0	0.02331	0.070207	0.0021780000000000002
6.5891850000000005	0.518275	0.618269	0.324182	0.527878	AUT	neutron	pi+	0.0	0.022802	0.070207	0.002
7.840992999999999	0.635335	0.597878	0.324237	0.481667	AUT	neutron	pi+	0.0	0.813105	0.070207	0.002493
6.44798	0.49637	0.630516	0.37361300000000003	0.12422799999999999	AUT	neutron	pi+	0.0	0.011809	0.070207	0.001966
7.0039419999999994	0.576984	0.588091	0.3735	0.12351	AUT	neutron	pi+	0.0	0.020742	0.070207	0.0022649999999999997
6.447544000000001	0.49665699999999996	0.630342	0.374148	0.28788400000000003	AUT	neutron	pi+	0.0	0.024895	0.070207	0.001967
6.954842999999999	0.579443	0.581408	0.37411300000000003	0.28773899999999997	AUT	neutron	pi+	0.0	0.024372	0.070207	0.0022760000000000002
6.588978	0.5173270000000001	0.6193649999999999	0.374264	0.537271	AUT	neutron	pi+	0.0	0.029811	0.070207	0.002036
6.350265	0.479368	0.642451	0.42381499999999994	0.212317	AUT	neutron	pi+	0.0	0.013526	0.070207	0.001946
6.734628999999999	0.548809	0.595002	0.423788	0.21389299999999997	AUT	neutron	pi+	0.0	0.013862000000000001	0.070207	0.002191
7.386622999999999	0.6081529999999999	0.588329	0.423737	0.218043	AUT	neutron	pi+	0.0	0.037138	0.070207	0.0024739999999999996
6.583123	0.515994	0.620368	0.42411899999999997	0.538134	AUT	neutron	pi+	0.0	0.038857	0.070207	0.002069
6.413009	0.490443	0.634528	0.47379399999999994	0.2179	AUT	neutron	pi+	0.0	0.013297	0.070207	0.002014
6.918305999999999	0.5702520000000001	0.587874	0.473757	0.223104	AUT	neutron	pi+	0.0	0.018096	0.070207	0.0023350000000000003
6.569269	0.512548	0.623065	0.473866	0.537529	AUT	neutron	pi+	0.0	0.047074	0.070207	0.002094
6.49528	0.505648	0.624035	0.523776	0.224555	AUT	neutron	pi+	0.0	0.013331	0.070207	0.0021079999999999996
7.1332770000000005	0.591202	0.584375	0.523302	0.227438	AUT	neutron	pi+	0.0	0.032639	0.070207	0.002503
6.547609	0.5059640000000001	0.628668	0.523605	0.534967	AUT	neutron	pi+	0.0	0.060149	0.070207	0.0021100000000000003
6.515518	0.5058050000000001	0.6256970000000001	0.573591	0.286596	AUT	neutron	pi+	0.0	0.014509999999999999	0.070207	0.0021550000000000002
7.319561	0.59339	0.59753	0.57033	0.216279	AUT	neutron	pi+	0.0	0.053103	0.070207	0.002585
6.528958	0.5006619999999999	0.6330060000000001	0.6224029999999999	0.29401	AUT	neutron	pi+	0.0	0.017411000000000003	0.070207	0.002184
1.153155	0.10694200000000001	0.655805	0.324613	0.15313	AUT	neutron	pi+	0.0	0.002297	0.070207	0.0017350000000000002
1.4138819999999999	0.13818	0.619999	0.32703699999999997	0.140604	AUT	neutron	pi+	0.0	0.002273	0.070207	0.001814
1.745465	0.17789100000000002	0.595287	0.32964699999999997	0.129705	AUT	neutron	pi+	0.0	0.002895	0.070207	0.001925
1.0659399999999999	0.086786	0.745115	0.323206	0.31003400000000003	AUT	neutron	pi+	0.0	0.002198	0.070207	0.0016879999999999998
1.12724	0.098733	0.691692	0.323838	0.30080100000000004	AUT	neutron	pi+	0.0	0.002352	0.070207	0.001715
1.1867590000000001	0.10843399999999999	0.6629079999999999	0.325035	0.295342	AUT	neutron	pi+	0.0	0.0025559999999999997	0.070207	0.001738
1.2744950000000002	0.118897	0.649195	0.325919	0.292532	AUT	neutron	pi+	0.0	0.002823	0.070207	0.0017640000000000002
1.39266	0.132166	0.6382140000000001	0.326329	0.28991	AUT	neutron	pi+	0.0	0.003225	0.070207	0.0017980000000000001
1.56162	0.15196199999999999	0.622588	0.32708000000000004	0.288019	AUT	neutron	pi+	0.0	0.004189	0.070207	0.001852
1.7980349999999998	0.183015	0.595884	0.329922	0.288692	AUT	neutron	pi+	0.0	0.010512	0.070207	0.001941
1.083996	0.089178	0.738201	0.324712	0.481441	AUT	neutron	pi+	0.0	0.0022370000000000003	0.070207	0.001693
1.186986	0.10756800000000001	0.6688109999999999	0.3255	0.483921	AUT	neutron	pi+	0.0	0.0022489999999999997	0.070207	0.001736
1.358543	0.128699	0.639651	0.326678	0.48655299999999996	AUT	neutron	pi+	0.0	0.0023710000000000003	0.070207	0.001789
1.669023	0.166707	0.607885	0.32863200000000004	0.48980100000000004	AUT	neutron	pi+	0.0	0.0030600000000000002	0.070207	0.001893
1.344036	0.123332	0.672921	0.33055999999999996	0.6412979999999999	AUT	neutron	pi+	0.0	0.009708	0.070207	0.0017760000000000002
1.1499409999999999	0.113407	0.617474	0.37346	0.14773	AUT	neutron	pi+	0.0	0.002269	0.070207	0.00176
1.331859	0.140933	0.572427	0.375406	0.134102	AUT	neutron	pi+	0.0	0.002344	0.070207	0.001832
1.578964	0.170916	0.559683	0.375843	0.126644	AUT	neutron	pi+	0.0	0.002554	0.070207	0.001917
1.819993	0.20828899999999997	0.530311	0.377898	0.11802699999999999	AUT	neutron	pi+	0.0	0.003776	0.070207	0.002027
1.082042	0.090627	0.724956	0.373253	0.312098	AUT	neutron	pi+	0.0	0.002147	0.070207	0.001704
1.154376	0.105483	0.663117	0.373741	0.30191399999999996	AUT	neutron	pi+	0.0	0.002341	0.070207	0.001739
1.214751	0.11711300000000001	0.628346	0.374078	0.29623	AUT	neutron	pi+	0.0	0.00263	0.070207	0.0017690000000000002
1.29504	0.129125	0.6074579999999999	0.374884	0.293224	AUT	neutron	pi+	0.0	0.0030510000000000003	0.070207	0.0018
1.4130120000000002	0.14385799999999999	0.594925	0.375233	0.291115	AUT	neutron	pi+	0.0	0.003624	0.070207	0.0018399999999999998
1.573006	0.164876	0.5779989999999999	0.375661	0.289567	AUT	neutron	pi+	0.0	0.00509	0.070207	0.0019
1.787035	0.19939400000000002	0.544367	0.3771	0.29097199999999995	AUT	neutron	pi+	0.0	0.010902	0.070207	0.002001
1.090126	0.09036799999999999	0.732825	0.374344	0.487625	AUT	neutron	pi+	0.0	0.002477	0.070207	0.001703
1.189154	0.11037000000000001	0.653353	0.374292	0.48942299999999994	AUT	neutron	pi+	0.0	0.00268	0.070207	0.0017519999999999999
1.3030629999999999	0.13086099999999998	0.603463	0.375067	0.491605	AUT	neutron	pi+	0.0	0.002582	0.070207	0.001805
1.548081	0.16355899999999998	0.573962	0.375636	0.493284	AUT	neutron	pi+	0.0	0.002902	0.070207	0.0018960000000000001
1.82296	0.208233	0.5313439999999999	0.377797	0.49366000000000004	AUT	neutron	pi+	0.0	0.007133	0.070207	0.002027
1.258817	0.11783199999999999	0.6574909999999999	0.377054	0.662449	AUT	neutron	pi+	0.0	0.003397	0.070207	0.001771
1.732058	0.189841	0.554859	0.378866	0.66147	AUT	neutron	pi+	0.0	0.018961000000000002	0.070207	0.001973
1.166822	0.12098199999999999	0.587878	0.42332299999999995	0.14235799999999998	AUT	neutron	pi+	0.0	0.002259	0.070207	0.001786
1.3315709999999998	0.151292	0.533171	0.424728	0.127445	AUT	neutron	pi+	0.0	0.002444	0.070207	0.001871
1.56837	0.182454	0.520836	0.42501400000000006	0.12171099999999999	AUT	neutron	pi+	0.0	0.0026739999999999997	0.070207	0.001962
1.787839	0.224677	0.48337299999999994	0.426446	0.117282	AUT	neutron	pi+	0.0	0.003672	0.070207	0.0020859999999999997
1.099146	0.095	0.703267	0.423213	0.31302399999999997	AUT	neutron	pi+	0.0	0.0021579999999999998	0.070207	0.00172
1.185635	0.11334300000000001	0.633945	0.42374799999999996	0.30189499999999997	AUT	neutron	pi+	0.0	0.002356	0.070207	0.001766
1.263349	0.128208	0.597019	0.42398199999999997	0.296335	AUT	neutron	pi+	0.0	0.0028079999999999997	0.070207	0.0018059999999999999
1.3566790000000002	0.14414000000000002	0.5701609999999999	0.424584	0.293626	AUT	neutron	pi+	0.0	0.0034200000000000003	0.070207	0.00185
1.4972969999999999	0.16458699999999998	0.551124	0.424946	0.291496	AUT	neutron	pi+	0.0	0.004615	0.070207	0.0019100000000000002
1.6896900000000001	0.198011	0.518066	0.425429	0.291142	AUT	neutron	pi+	0.0	0.007976	0.070207	0.002008
1.862861	0.24624200000000002	0.458796	0.428626	0.291813	AUT	neutron	pi+	0.0	0.016324	0.070207	0.00215
1.102012	0.092855	0.721477	0.424058	0.489849	AUT	neutron	pi+	0.0	0.002589	0.070207	0.001714
1.218134	0.116328	0.635314	0.42423	0.488966	AUT	neutron	pi+	0.0	0.003614	0.070207	0.0017739999999999998
1.331246	0.141721	0.569669	0.42454	0.491384	AUT	neutron	pi+	0.0	0.00351	0.070207	0.0018440000000000002
1.588231	0.182746	0.5278729999999999	0.42524700000000004	0.491976	AUT	neutron	pi+	0.0	0.004077	0.070207	0.001962
1.842699	0.24033600000000002	0.46517	0.42778299999999997	0.491522	AUT	neutron	pi+	0.0	0.016674	0.070207	0.002132
1.1827889999999999	0.10921700000000001	0.664387	0.42535600000000007	0.675643	AUT	neutron	pi+	0.0	0.002376	0.070207	0.001756
1.547215	0.175947	0.53761	0.42621000000000003	0.6739430000000001	AUT	neutron	pi+	0.0	0.005678	0.070207	0.0019399999999999999
1.18969	0.129057	0.562422	0.47350299999999995	0.137567	AUT	neutron	pi+	0.0	0.00228	0.070207	0.0018149999999999998
1.3648	0.16476500000000002	0.501884	0.474379	0.12334200000000001	AUT	neutron	pi+	0.0	0.00257	0.070207	0.0019190000000000001
1.616844	0.20458800000000002	0.47958199999999995	0.47476899999999994	0.120325	AUT	neutron	pi+	0.0	0.0027199999999999998	0.070207	0.002039
1.8175720000000002	0.25735399999999997	0.428505	0.475876	0.125273	AUT	neutron	pi+	0.0	0.005783	0.070207	0.002195
1.118318	0.100221	0.6792	0.47339	0.313027	AUT	neutron	pi+	0.0	0.002172	0.070207	0.001738
1.223681	0.12263299999999999	0.604842	0.47379899999999997	0.300759	AUT	neutron	pi+	0.0	0.002477	0.070207	0.001797
1.323732	0.142309	0.563757	0.474025	0.29596	AUT	neutron	pi+	0.0	0.003083	0.070207	0.001853
1.443224	0.165024	0.529922	0.47457	0.293489	AUT	neutron	pi+	0.0	0.00424	0.070207	0.0019210000000000002
1.622509	0.19983900000000002	0.49305699999999997	0.47501099999999996	0.291983	AUT	neutron	pi+	0.0	0.006479	0.070207	0.002025
1.7994290000000002	0.254506	0.429245	0.476538	0.29033600000000004	AUT	neutron	pi+	0.0	0.008307	0.070207	0.002186
1.1180370000000002	0.096273	0.706739	0.47408500000000003	0.49202799999999997	AUT	neutron	pi+	0.0	0.00252	0.070207	0.0017280000000000002
1.25945	0.125165	0.6110260000000001	0.474318	0.488192	AUT	neutron	pi+	0.0	0.004381	0.070207	0.0018039999999999998
1.403577	0.16001500000000002	0.5324479999999999	0.474608	0.490829	AUT	neutron	pi+	0.0	0.004808	0.070207	0.001905
1.6673060000000002	0.215402	0.472105	0.475288	0.490046	AUT	neutron	pi+	0.0	0.006497	0.070207	0.002069
1.177165	0.10964000000000002	0.6595989999999999	0.47463500000000003	0.684448	AUT	neutron	pi+	0.0	0.002291	0.070207	0.0017620000000000001
1.494248	0.175772	0.5190600000000001	0.474404	0.681329	AUT	neutron	pi+	0.0	0.003997	0.070207	0.00195
1.348454	0.131024	0.639386	0.47716400000000003	0.864482	AUT	neutron	pi+	0.0	0.008354	0.070207	0.00182
1.2138280000000001	0.137244	0.540204	0.523638	0.133907	AUT	neutron	pi+	0.0	0.002337	0.070207	0.001846
1.422696	0.18118099999999998	0.475975	0.5242	0.122698	AUT	neutron	pi+	0.0	0.002601	0.070207	0.001979
1.6778819999999999	0.23189200000000001	0.439871	0.5241979999999999	0.125056	AUT	neutron	pi+	0.0	0.0033770000000000002	0.070207	0.002133
1.137524	0.105696	0.655958	0.5234850000000001	0.31255	AUT	neutron	pi+	0.0	0.0022170000000000002	0.070207	0.0017579999999999998
1.269959	0.13365	0.576222	0.523856	0.299769	AUT	neutron	pi+	0.0	0.002635	0.070207	0.001836
1.395471	0.16078	0.526371	0.524125	0.295227	AUT	neutron	pi+	0.0	0.003618	0.070207	0.001918
1.547576	0.196948	0.47713900000000004	0.524692	0.292421	AUT	neutron	pi+	0.0	0.005128	0.070207	0.0020280000000000003
1.733195	0.251085	0.418951	0.524465	0.290516	AUT	neutron	pi+	0.0	0.006116	0.070207	0.002191
1.134482	0.100036	0.6909529999999999	0.52408	0.494356	AUT	neutron	pi+	0.0	0.002475	0.070207	0.001743
1.299506	0.134517	0.587262	0.524357	0.488976	AUT	neutron	pi+	0.0	0.004743	0.070207	0.0018390000000000001
1.488976	0.182826	0.495457	0.524231	0.48912	AUT	neutron	pi+	0.0	0.005886	0.070207	0.001984
1.759045	0.246986	0.43215200000000004	0.523073	0.47834099999999996	AUT	neutron	pi+	0.0	0.018491999999999998	0.070207	0.002179
1.189703	0.113014	0.648794	0.524413	0.688951	AUT	neutron	pi+	0.0	0.002587	0.070207	0.001778
1.5251569999999999	0.17816400000000002	0.5206930000000001	0.523454	0.6828609999999999	AUT	neutron	pi+	0.0	0.004489	0.070207	0.0019690000000000003
1.318259	0.127144	0.6417579999999999	0.5256109999999999	0.8840399999999999	AUT	neutron	pi+	0.0	0.004527000000000001	0.070207	0.0018170000000000003
1.244782	0.14674700000000002	0.518884	0.5736899999999999	0.131134	AUT	neutron	pi+	0.0	0.002384	0.070207	0.001884
1.554033	0.209957	0.45031400000000005	0.573809	0.125355	AUT	neutron	pi+	0.0	0.002665	0.070207	0.0020800000000000003
1.1615719999999998	0.112321	0.631322	0.5736140000000001	0.311548	AUT	neutron	pi+	0.0	0.002239	0.070207	0.0017829999999999999
1.3257889999999999	0.147274	0.546254	0.5739609999999999	0.298667	AUT	neutron	pi+	0.0	0.0029649999999999998	0.070207	0.001887
1.4837209999999998	0.185193	0.486349	0.573956	0.29286799999999996	AUT	neutron	pi+	0.0	0.004183	0.070207	0.002006
1.6921599999999999	0.238666	0.43066400000000005	0.573264	0.287061	AUT	neutron	pi+	0.0	0.005184	0.070207	0.002171
1.154249	0.104611	0.673345	0.574008	0.495683	AUT	neutron	pi+	0.0	0.00247	0.070207	0.0017620000000000001
1.3540969999999999	0.147704	0.558221	0.574184	0.489325	AUT	neutron	pi+	0.0	0.005185	0.070207	0.001888
1.6295709999999999	0.204246	0.485472	0.573203	0.48379300000000003	AUT	neutron	pi+	0.0	0.010393000000000001	0.070207	0.002065
1.224105	0.118709	0.6378550000000001	0.574249	0.688196	AUT	neutron	pi+	0.0	0.003246	0.070207	0.001802
1.652784	0.188245	0.533072	0.573009	0.67786	AUT	neutron	pi+	0.0	0.010135	0.070207	0.002017
1.286564	0.120928	0.6560020000000001	0.574623	0.899216	AUT	neutron	pi+	0.0	0.003462	0.070207	0.001808
1.2910409999999999	0.157256	0.502636	0.623588	0.129442	AUT	neutron	pi+	0.0	0.002441	0.070207	0.001929
1.654885	0.22191799999999998	0.452937	0.6226109999999999	0.12486199999999999	AUT	neutron	pi+	0.0	0.004213000000000001	0.070207	0.002139
1.188182	0.119494	0.608021	0.6237020000000001	0.31001599999999996	AUT	neutron	pi+	0.0	0.002309	0.070207	0.001813
1.408172	0.164874	0.518532	0.623741	0.29642199999999996	AUT	neutron	pi+	0.0	0.003333	0.070207	0.001956
1.678761	0.217856	0.46848900000000004	0.622421	0.28667800000000004	AUT	neutron	pi+	0.0	0.005462	0.070207	0.002127
1.180073	0.11052000000000001	0.653093	0.624063	0.49658	AUT	neutron	pi+	0.0	0.0024850000000000002	0.070207	0.0017870000000000002
1.496993	0.16950199999999999	0.538798	0.623436	0.486529	AUT	neutron	pi+	0.0	0.006772	0.070207	0.00197
1.191455	0.10943699999999999	0.667833	0.624243	0.7461180000000001	AUT	neutron	pi+	0.0	0.0029649999999999998	0.070207	0.001784
1.586224	0.167222	0.5760649999999999	0.622571	0.7090390000000001	AUT	neutron	pi+	0.0	0.009618999999999999	0.070207	0.0019649999999999997
1.184848	0.123129	0.588241	0.673655	0.272393	AUT	neutron	pi+	0.0	0.00234	0.070207	0.001836
1.400131	0.164213	0.516731	0.6730010000000001	0.22826300000000002	AUT	neutron	pi+	0.0	0.0027429999999999998	0.070207	0.00197
1.708402	0.209865	0.494171	0.671512	0.20683400000000002	AUT	neutron	pi+	0.0	0.004137	0.070207	0.002124
1.2203709999999999	0.11813699999999999	0.633153	0.673741	0.49610299999999996	AUT	neutron	pi+	0.0	0.002581	0.070207	0.0018210000000000001
1.617175	0.176242	0.557193	0.672257	0.48316400000000004	AUT	neutron	pi+	0.0	0.011679	0.070207	0.002012
1.265217	0.11635999999999999	0.6688529999999999	0.6729729999999999	0.743082	AUT	neutron	pi+	0.0	0.0035549999999999996	0.070207	0.0018149999999999998
2.253812	0.23533600000000002	0.581024	0.33211399999999996	0.261916	AUT	neutron	pi+	0.0	0.00449	0.070207	0.0020870000000000003
2.928208	0.31207199999999996	0.568492	0.335194	0.249081	AUT	neutron	pi+	0.0	0.020714	0.070207	0.002301
2.275069	0.254371	0.543766	0.37629	0.11738599999999999	AUT	neutron	pi+	0.0	0.003954	0.070207	0.002156
2.780648	0.334136	0.504373	0.38305300000000003	0.120649	AUT	neutron	pi+	0.0	0.019324	0.070207	0.002382
2.163109	0.23871599999999998	0.551077	0.375577	0.36391	AUT	neutron	pi+	0.0	0.0068709999999999995	0.070207	0.002114
2.606264	0.300699	0.525423	0.37979	0.362427	AUT	neutron	pi+	0.0	0.011949	0.070207	0.002288
2.238226	0.259936	0.524645	0.424309	0.12026300000000001	AUT	neutron	pi+	0.0	0.003834	0.070207	0.002188
2.599879	0.334283	0.471709	0.42659300000000006	0.128409	AUT	neutron	pi+	0.0	0.008869	0.070207	0.0024010000000000004
2.2526599999999997	0.26293099999999997	0.5230600000000001	0.42486899999999994	0.29078200000000004	AUT	neutron	pi+	0.0	0.009007	0.070207	0.002196
2.6298529999999998	0.346785	0.459625	0.42816099999999996	0.288062	AUT	neutron	pi+	0.0	0.015308	0.070207	0.002438
2.290384	0.270022	0.518827	0.425101	0.5548390000000001	AUT	neutron	pi+	0.0	0.005397	0.070207	0.0022140000000000003
2.154448	0.242754	0.540126	0.47397	0.20706100000000002	AUT	neutron	pi+	0.0	0.004672	0.070207	0.002157
2.395052	0.306464	0.47432399999999997	0.47406800000000004	0.214617	AUT	neutron	pi+	0.0	0.004275	0.070207	0.00234
2.7055860000000003	0.366904	0.446539	0.473846	0.234421	AUT	neutron	pi+	0.0	0.018318	0.070207	0.002522
2.280078	0.27113200000000004	0.5151279999999999	0.473841	0.5523939999999999	AUT	neutron	pi+	0.0	0.006495999999999999	0.070207	0.002234
2.189589	0.2522	0.529072	0.523957	0.211802	AUT	neutron	pi+	0.0	0.00441	0.070207	0.0022010000000000003
2.4605330000000003	0.32193099999999997	0.463696	0.523878	0.22620300000000002	AUT	neutron	pi+	0.0	0.005457	0.070207	0.002409
2.2717110000000003	0.266173	0.522151	0.523624	0.546593	AUT	neutron	pi+	0.0	0.009290999999999999	0.070207	0.00224
2.2324580000000003	0.263135	0.517886	0.5738810000000001	0.21780700000000003	AUT	neutron	pi+	0.0	0.0042049999999999995	0.070207	0.002254
2.536048	0.336167	0.457089	0.572459	0.226623	AUT	neutron	pi+	0.0	0.009488	0.070207	0.00248
2.2593900000000002	0.25842600000000004	0.5334979999999999	0.5731850000000001	0.537732	AUT	neutron	pi+	0.0	0.014634999999999999	0.070207	0.002239
2.263242	0.263359	0.524251	0.623092	0.270373	AUT	neutron	pi+	0.0	0.004518	0.070207	0.0022789999999999998
2.7055599999999997	0.34834899999999996	0.470437	0.6163390000000001	0.194516	AUT	neutron	pi+	0.0	0.029956	0.070207	0.002552
2.252183	0.252262	0.5432680000000001	0.671764	0.26969099999999996	AUT	neutron	pi+	0.0	0.006024	0.070207	0.002271
3.3970050000000005	0.356097	0.57811	0.332426	0.248352	AUT	neutron	pi+	0.0	0.007996	0.070207	0.00242
3.8898300000000003	0.426942	0.5518810000000001	0.340264	0.25351399999999996	AUT	neutron	pi+	0.0	0.03678	0.070207	0.0026449999999999998
3.2939230000000004	0.3526	0.566416	0.374182	0.195771	AUT	neutron	pi+	0.0	0.00788	0.070207	0.002434
3.6923410000000003	0.41661099999999995	0.5372939999999999	0.375803	0.205603	AUT	neutron	pi+	0.0	0.009999	0.070207	0.002635
3.419	0.372276	0.557808	0.374786	0.541941	AUT	neutron	pi+	0.0	0.014172	0.070207	0.0024920000000000003
3.350343	0.36196	0.561553	0.42394	0.202666	AUT	neutron	pi+	0.0	0.007408	0.070207	0.0024879999999999998
3.711025	0.430076	0.522825	0.42388400000000004	0.21799000000000002	AUT	neutron	pi+	0.0	0.013836000000000001	0.070207	0.002716
3.4137660000000003	0.373205	0.5558069999999999	0.42408	0.540766	AUT	neutron	pi+	0.0	0.017884999999999998	0.070207	0.002523
3.3574349999999997	0.363223	0.560837	0.47397100000000003	0.268084	AUT	neutron	pi+	0.0	0.007790000000000001	0.070207	0.002519
3.719522	0.431683	0.5220229999999999	0.473754	0.277496	AUT	neutron	pi+	0.0	0.016018	0.070207	0.002757
3.4108419999999997	0.37256100000000003	0.556128	0.52377	0.29426599999999997	AUT	neutron	pi+	0.0	0.0075840000000000005	0.070207	0.0025800000000000003
3.8685449999999997	0.458139	0.511351	0.522839	0.254275	AUT	neutron	pi+	0.0	0.060979	0.070207	0.002909
3.4074699999999996	0.37073	0.558228	0.573313	0.283015	AUT	neutron	pi+	0.0	0.008723	0.070207	0.0026089999999999998
3.378546	0.362588	0.565248	0.62251	0.259371	AUT	neutron	pi+	0.0	0.011032	0.070207	0.0026190000000000002
4.382480999999999	0.45867700000000006	0.578923	0.332158	0.269229	AUT	neutron	pi+	0.0	0.013853	0.070207	0.002758
4.344994	0.462579	0.5692560000000001	0.374019	0.273647	AUT	neutron	pi+	0.0	0.011875	0.070207	0.00281
4.344901	0.46258	0.56924	0.423849	0.277382	AUT	neutron	pi+	0.0	0.013425	0.070207	0.0028510000000000002
4.340973	0.46189600000000003	0.569578	0.473862	0.278531	AUT	neutron	pi+	0.0	0.015111000000000001	0.070207	0.0028899999999999998
4.339615	0.46086000000000005	0.570666	0.523358	0.26755300000000004	AUT	neutron	pi+	0.0	0.017119	0.070207	0.002931
