Q2	x	y	z	pT	obs	target	hadron	value	stat	systrel	systabs
1.143975	0.08573	0.650076	0.323369	0.136724	AUT	proton	pi+	0.0	0.008858	0.070207	0.008317
1.280724	0.10640799999999999	0.583491	0.324248	0.130217	AUT	proton	pi+	0.0	0.009878	0.070207	0.008189
1.450169	0.124648	0.563797	0.324998	0.128564	AUT	proton	pi+	0.0	0.01023	0.070207	0.008076999999999999
1.631846	0.145235	0.544704	0.325486	0.12748099999999998	AUT	proton	pi+	0.0	0.009865	0.070207	0.007951
1.803037	0.17560699999999999	0.499112	0.327899	0.126273	AUT	proton	pi+	0.0	0.009479000000000001	0.070207	0.007775
1.099516	0.07133300000000001	0.7493380000000001	0.323209	0.312127	AUT	proton	pi+	0.0	0.009191	0.070207	0.008409
1.190291	0.08391	0.687587	0.323806	0.304873	AUT	proton	pi+	0.0	0.009111	0.070207	0.008329000000000001
1.270905	0.093825	0.656452	0.323941	0.302028	AUT	proton	pi+	0.0	0.009182	0.070207	0.008267
1.3522020000000001	0.10363599999999999	0.632254	0.32409	0.30040100000000003	AUT	proton	pi+	0.0	0.008712000000000001	0.070207	0.008206
1.448574	0.113765	0.616961	0.324529	0.299308	AUT	proton	pi+	0.0	0.008527	0.070207	0.008143000000000001
1.546904	0.124519	0.601963	0.324729	0.29731599999999997	AUT	proton	pi+	0.0	0.008092	0.070207	0.008076999999999999
1.6404020000000001	0.13658800000000001	0.5820029999999999	0.324997	0.295122	AUT	proton	pi+	0.0	0.007592	0.070207	0.008002
1.723383	0.15190499999999998	0.5500079999999999	0.325469	0.291883	AUT	proton	pi+	0.0	0.006862	0.070207	0.007909999999999999
1.834609	0.178551	0.49934700000000004	0.327913	0.28731	AUT	proton	pi+	0.0	0.006353	0.070207	0.007759
1.114558	0.06927	0.7823260000000001	0.323885	0.494558	AUT	proton	pi+	0.0	0.006595999999999999	0.070207	0.008423
1.2348379999999999	0.083314	0.718491	0.32415900000000003	0.49139700000000003	AUT	proton	pi+	0.0	0.006254	0.070207	0.008331999999999999
1.346678	0.095082	0.686434	0.324154	0.491191	AUT	proton	pi+	0.0	0.005913	0.070207	0.008259
1.4543540000000001	0.10671099999999999	0.660467	0.324353	0.490568	AUT	proton	pi+	0.0	0.0057399999999999994	0.070207	0.008186
1.5660889999999998	0.120109	0.632043	0.324745	0.4895	AUT	proton	pi+	0.0	0.005465	0.070207	0.008103
1.680333	0.139222	0.585597	0.32508000000000004	0.48782	AUT	proton	pi+	0.0	0.0053549999999999995	0.070207	0.007984999999999999
1.804929	0.17067100000000002	0.514495	0.327088	0.488213	AUT	proton	pi+	0.0	0.007166	0.070207	0.007803
1.2213040000000002	0.079787	0.747587	0.325496	0.672987	AUT	proton	pi+	0.0	0.006375	0.070207	0.008355
1.526953	0.117328	0.634749	0.32609499999999997	0.672148	AUT	proton	pi+	0.0	0.006515000000000001	0.070207	0.008119
1.769787	0.165377	0.521184	0.32802	0.6725300000000001	AUT	proton	pi+	0.0	0.015016	0.070207	0.007831999999999999
1.408404	0.103877	0.681805	0.329333	0.850533	AUT	proton	pi+	0.0	0.016776	0.070207	0.0082
1.170088	0.092463	0.61756	0.37339	0.134508	AUT	proton	pi+	0.0	0.007899	0.070207	0.008256
1.3362209999999999	0.11800799999999999	0.549074	0.37396399999999996	0.12851500000000002	AUT	proton	pi+	0.0	0.009189	0.070207	0.008095
1.505539	0.139068	0.524733	0.374454	0.126914	AUT	proton	pi+	0.0	0.009845	0.070207	0.007964
1.6513630000000001	0.16275499999999998	0.49218	0.374805	0.125498	AUT	proton	pi+	0.0	0.010009	0.070207	0.007823
1.8014259999999997	0.199363	0.43934700000000004	0.376793	0.12504200000000001	AUT	proton	pi+	0.0	0.010487	0.070207	0.007626999999999999
1.12123	0.076754	0.7107979999999999	0.373191	0.31191199999999997	AUT	proton	pi+	0.0	0.008725	0.070207	0.008357
1.238267	0.092912	0.646123	0.373829	0.303529	AUT	proton	pi+	0.0	0.009418000000000001	0.070207	0.008253
1.336912	0.105305	0.615252	0.37391199999999997	0.30084	AUT	proton	pi+	0.0	0.010025	0.070207	0.008175
1.432108	0.11718699999999999	0.592244	0.37404899999999996	0.298846	AUT	proton	pi+	0.0	0.009616	0.070207	0.008099
1.5296399999999999	0.12978599999999998	0.571154	0.374365	0.296444	AUT	proton	pi+	0.0	0.008872	0.070207	0.008020000000000001
1.622696	0.14460599999999998	0.543971	0.374614	0.293503	AUT	proton	pi+	0.0	0.00809	0.070207	0.007929
1.706566	0.164712	0.5025729999999999	0.375019	0.289664	AUT	proton	pi+	0.0	0.00734	0.070207	0.007811
1.8176599999999998	0.199125	0.44399399999999994	0.376729	0.283858	AUT	proton	pi+	0.0	0.0073019999999999995	0.070207	0.007628
1.1260059999999998	0.072068	0.7601829999999999	0.373753	0.496913	AUT	proton	pi+	0.0	0.006673	0.070207	0.008388
1.2688840000000001	0.08860599999999999	0.69433	0.374053	0.49324300000000004	AUT	proton	pi+	0.0	0.006486	0.070207	0.00828
1.399801	0.103154	0.657786	0.37406799999999996	0.49254	AUT	proton	pi+	0.0	0.006185	0.070207	0.008187
1.519796	0.11883599999999998	0.620099	0.374237	0.491036	AUT	proton	pi+	0.0	0.005894	0.070207	0.008087
1.633521	0.139545	0.5681109999999999	0.374612	0.48862	AUT	proton	pi+	0.0	0.005849	0.070207	0.007959
1.7547540000000001	0.178022	0.48143199999999997	0.375479	0.489659	AUT	proton	pi+	0.0	0.006947	0.070207	0.007739
1.2184979999999999	0.07973999999999999	0.746054	0.37492800000000004	0.679949	AUT	proton	pi+	0.0	0.005973	0.070207	0.008338
1.4894049999999999	0.113794	0.6373979999999999	0.375026	0.679319	AUT	proton	pi+	0.0	0.005799	0.070207	0.008119
1.681175	0.163634	0.5041	0.37601999999999997	0.6804439999999999	AUT	proton	pi+	0.0	0.008440000000000001	0.070207	0.00782
1.42333	0.109325	0.661571	0.377569	0.868384	AUT	proton	pi+	0.0	0.010597	0.070207	0.008145999999999999
1.1925	0.098496	0.5914229999999999	0.423466	0.132747	AUT	proton	pi+	0.0	0.007702	0.070207	0.008202
1.393173	0.128857	0.52433	0.42386	0.12750899999999998	AUT	proton	pi+	0.0	0.008799	0.070207	0.008008
1.574336	0.15651800000000002	0.488041	0.424116	0.126344	AUT	proton	pi+	0.0	0.009288	0.070207	0.007839
1.7386869999999999	0.201016	0.421796	0.424872	0.125696	AUT	proton	pi+	0.0	0.009775	0.070207	0.0076
1.9299939999999998	0.26723800000000003	0.350042	0.433345	0.12562	AUT	proton	pi+	0.0	0.050169	0.070207	0.007308
1.131931	0.0803	0.686196	0.423364	0.31222	AUT	proton	pi+	0.0	0.008931999999999999	0.070207	0.008320000000000001
1.262857	0.098873	0.619311	0.423896	0.303921	AUT	proton	pi+	0.0	0.009726	0.070207	0.008199
1.384976	0.114321	0.58723	0.423993	0.30042800000000003	AUT	proton	pi+	0.0	0.009946	0.070207	0.0081
1.500891	0.130118	0.559134	0.424105	0.297677	AUT	proton	pi+	0.0	0.009193999999999999	0.070207	0.007999
1.5948639999999998	0.147585	0.523962	0.42434399999999994	0.294013	AUT	proton	pi+	0.0	0.008476000000000001	0.070207	0.007891
1.6769619999999998	0.171844	0.473711	0.42463100000000004	0.289811	AUT	proton	pi+	0.0	0.0075120000000000004	0.070207	0.00775
1.7911720000000002	0.215126	0.40563499999999997	0.42599899999999996	0.285048	AUT	proton	pi+	0.0	0.007819	0.070207	0.007531
1.1386129999999999	0.07521699999999999	0.737043	0.423759	0.49770299999999995	AUT	proton	pi+	0.0	0.0073420000000000004	0.070207	0.008355
1.304717	0.094943	0.666496	0.42407	0.49345500000000003	AUT	proton	pi+	0.0	0.007195	0.070207	0.008223999999999999
1.463958	0.11369100000000001	0.624422	0.42413199999999995	0.492022	AUT	proton	pi+	0.0	0.006885	0.070207	0.008102
1.594147	0.13578800000000002	0.5698340000000001	0.424417	0.48917700000000003	AUT	proton	pi+	0.0	0.006783	0.070207	0.007962
1.711468	0.180085	0.46711199999999997	0.42507700000000004	0.48813500000000004	AUT	proton	pi+	0.0	0.007227	0.070207	0.007708
1.225589	0.08122599999999999	0.736854	0.4245	0.685503	AUT	proton	pi+	0.0	0.005809	0.070207	0.008314
1.508923	0.11849000000000001	0.621199	0.424626	0.6838609999999999	AUT	proton	pi+	0.0	0.00547	0.070207	0.008071
1.6705439999999998	0.175571	0.46806000000000003	0.425008	0.685918	AUT	proton	pi+	0.0	0.007831999999999999	0.070207	0.007734
1.419585	0.11110999999999999	0.6512220000000001	0.42634399999999995	0.885265	AUT	proton	pi+	0.0	0.007529000000000001	0.070207	0.008118
1.230405	0.106645	0.5644600000000001	0.47358599999999995	0.131406	AUT	proton	pi+	0.0	0.007411	0.070207	0.008135
1.483905	0.144989	0.496741	0.47391099999999997	0.127626	AUT	proton	pi+	0.0	0.008482	0.070207	0.007890000000000001
1.6763560000000002	0.190944	0.42810600000000004	0.474112	0.126899	AUT	proton	pi+	0.0	0.009809	0.070207	0.00763
1.834699	0.255614	0.34874099999999997	0.47527299999999995	0.12700699999999998	AUT	proton	pi+	0.0	0.023445	0.070207	0.007337000000000001
1.1570799999999999	0.085948	0.656179	0.473469	0.31091799999999997	AUT	proton	pi+	0.0	0.008636	0.070207	0.008270999999999999
1.321696	0.109106	0.587449	0.473915	0.302755	AUT	proton	pi+	0.0	0.009776	0.070207	0.008118
1.4708629999999998	0.12891	0.553186	0.474034	0.299014	AUT	proton	pi+	0.0	0.009512	0.070207	0.00799
1.5830819999999999	0.15012899999999998	0.5115149999999999	0.474203	0.295096	AUT	proton	pi+	0.0	0.008581	0.070207	0.007857
1.664667	0.181285	0.446395	0.47453100000000004	0.29032199999999997	AUT	proton	pi+	0.0	0.007382	0.070207	0.007679000000000001
1.7797330000000002	0.23526599999999998	0.368779	0.47550299999999995	0.289008	AUT	proton	pi+	0.0	0.009658	0.070207	0.007422
1.159082	0.079458	0.710805	0.473839	0.498722	AUT	proton	pi+	0.0	0.007873999999999999	0.070207	0.008315000000000001
1.355926	0.103208	0.637297	0.474179	0.49358100000000005	AUT	proton	pi+	0.0	0.007959	0.070207	0.008156
1.5439319999999999	0.128386	0.583847	0.47429499999999997	0.490829	AUT	proton	pi+	0.0	0.0073950000000000005	0.070207	0.007991
1.6702919999999999	0.17388199999999998	0.47246800000000005	0.47470500000000004	0.486833	AUT	proton	pi+	0.0	0.007476999999999999	0.070207	0.007722
1.840691	0.260972	0.342343	0.47615100000000005	0.478854	AUT	proton	pi+	0.0	0.028183	0.070207	0.007315
1.234731	0.083614	0.721382	0.474188	0.6891470000000001	AUT	proton	pi+	0.0	0.006056000000000001	0.070207	0.008286
1.537434	0.126859	0.593543	0.474466	0.686766	AUT	proton	pi+	0.0	0.005647	0.070207	0.008
1.688321	0.190661	0.43318	0.47395299999999996	0.685549	AUT	proton	pi+	0.0	0.009611	0.070207	0.007633
1.416583	0.110546	0.650867	0.475354	0.903494	AUT	proton	pi+	0.0	0.006383	0.070207	0.008107
1.2718530000000001	0.11479400000000001	0.542744	0.5235569999999999	0.130948	AUT	proton	pi+	0.0	0.007261	0.070207	0.008066
1.573813	0.165528	0.46302200000000004	0.523936	0.128351	AUT	proton	pi+	0.0	0.008548	0.070207	0.0077480000000000005
1.754864	0.229435	0.37347800000000003	0.523836	0.129279	AUT	proton	pi+	0.0	0.01546	0.070207	0.007426
1.179233	0.091124	0.631552	0.523515	0.31055	AUT	proton	pi+	0.0	0.008686	0.070207	0.008223999999999999
1.382395	0.119574	0.5608310000000001	0.523918	0.301863	AUT	proton	pi+	0.0	0.009413	0.070207	0.008033
1.549868	0.146134	0.514725	0.524113	0.297062	AUT	proton	pi+	0.0	0.008637	0.070207	0.007862000000000001
1.645864	0.182489	0.438982	0.524288	0.292017	AUT	proton	pi+	0.0	0.007451999999999999	0.070207	0.007652
1.7523529999999998	0.240698	0.35462899999999997	0.524539	0.291811	AUT	proton	pi+	0.0	0.010781	0.070207	0.007377
1.1791479999999999	0.084236	0.682354	0.52368	0.49854499999999996	AUT	proton	pi+	0.0	0.008265999999999999	0.070207	0.00827
1.416539	0.112821	0.609304	0.524241	0.493569	AUT	proton	pi+	0.0	0.008345	0.070207	0.008076
1.6111090000000001	0.147155	0.5334409999999999	0.524389	0.48951300000000003	AUT	proton	pi+	0.0	0.008052	0.070207	0.007854
1.708838	0.208092	0.402731	0.524424	0.48172299999999996	AUT	proton	pi+	0.0	0.010256999999999999	0.070207	0.007525
1.262607	0.090028	0.685487	0.5237970000000001	0.689491	AUT	proton	pi+	0.0	0.006986	0.070207	0.008229
1.602641	0.147587	0.539149	0.524291	0.6865180000000001	AUT	proton	pi+	0.0	0.006663	0.070207	0.007855
1.416197	0.11118199999999999	0.639524	0.524644	0.91969	AUT	proton	pi+	0.0	0.006111	0.070207	0.008086
1.325075	0.124777	0.520854	0.573691	0.13103	AUT	proton	pi+	0.0	0.007206999999999999	0.070207	0.007981
1.6676259999999998	0.196924	0.416959	0.573896	0.129315	AUT	proton	pi+	0.0	0.009922	0.070207	0.007558
1.212756	0.098103	0.6039140000000001	0.573492	0.30925	AUT	proton	pi+	0.0	0.008405	0.070207	0.008159999999999999
1.456692	0.132865	0.532145	0.574034	0.300601	AUT	proton	pi+	0.0	0.008981	0.070207	0.007925
1.613246	0.170793	0.45993599999999996	0.57418	0.294827	AUT	proton	pi+	0.0	0.007778	0.070207	0.007693000000000001
1.733703	0.229877	0.367871	0.573719	0.291561	AUT	proton	pi+	0.0	0.010287000000000001	0.070207	0.007398999999999999
1.2110290000000001	0.09159500000000001	0.6447350000000001	0.573264	0.49757399999999996	AUT	proton	pi+	0.0	0.008475	0.070207	0.008204000000000001
1.505783	0.128141	0.571037	0.574168	0.492997	AUT	proton	pi+	0.0	0.008681	0.070207	0.007953
1.684123	0.182123	0.45560900000000004	0.574092	0.48459300000000005	AUT	proton	pi+	0.0	0.00912	0.070207	0.007633
1.3145440000000002	0.100625	0.639536	0.573509	0.6888270000000001	AUT	proton	pi+	0.0	0.008282	0.070207	0.008140000000000001
1.6610669999999998	0.15943800000000002	0.51175	0.5744100000000001	0.683926	AUT	proton	pi+	0.0	0.011886	0.070207	0.007758
1.414403	0.112524	0.623289	0.57395	0.931167	AUT	proton	pi+	0.0	0.006894	0.070207	0.008058
1.3901430000000001	0.137506	0.49747299999999994	0.623644	0.13086099999999998	AUT	proton	pi+	0.0	0.007256	0.070207	0.007873999999999999
1.7230150000000002	0.21421500000000002	0.392858	0.6233850000000001	0.129556	AUT	proton	pi+	0.0	0.015775	0.070207	0.007441
1.255433	0.10757	0.570103	0.623275	0.306724	AUT	proton	pi+	0.0	0.008284999999999999	0.070207	0.008074
1.540666	0.152253	0.492393	0.624007	0.298248	AUT	proton	pi+	0.0	0.008227	0.070207	0.007776000000000001
1.7115369999999999	0.20841300000000001	0.400969	0.623279	0.292198	AUT	proton	pi+	0.0	0.009623999999999999	0.070207	0.007469
1.26613	0.103084	0.599115	0.623066	0.495917	AUT	proton	pi+	0.0	0.009017	0.070207	0.008104
1.633758	0.160619	0.501027	0.623989	0.48868500000000004	AUT	proton	pi+	0.0	0.008862	0.070207	0.007726
1.92198	0.253148	0.36794899999999997	0.616552	0.4481	AUT	proton	pi+	0.0	0.07485900000000001	0.070207	0.007268000000000001
1.410208	0.11851400000000001	0.585789	0.623432	0.687392	AUT	proton	pi+	0.0	0.009475	0.070207	0.007995
1.8145419999999999	0.193219	0.456132	0.622826	0.673564	AUT	proton	pi+	0.0	0.048524	0.070207	0.007537
1.415557	0.114942	0.604295	0.6227600000000001	0.9287120000000001	AUT	proton	pi+	0.0	0.009701999999999999	0.070207	0.008019
1.239233	0.112686	0.536391	0.673035	0.253813	AUT	proton	pi+	0.0	0.007634999999999999	0.070207	0.008015000000000001
1.515672	0.152699	0.481858	0.6736770000000001	0.23957199999999998	AUT	proton	pi+	0.0	0.007816	0.070207	0.007744
1.721069	0.199845	0.41944499999999996	0.6727810000000001	0.226503	AUT	proton	pi+	0.0	0.009524	0.070207	0.007478
1.355176	0.11960699999999999	0.553125	0.673	0.494145	AUT	proton	pi+	0.0	0.009941	0.070207	0.007964
1.732866	0.177928	0.474862	0.67305	0.484253	AUT	proton	pi+	0.0	0.015992	0.070207	0.007591
1.4331040000000002	0.123455	0.568105	0.672237	0.748296	AUT	proton	pi+	0.0	0.011275	0.070207	0.007937
2.206076	0.176285	0.6085020000000001	0.323705	0.13208599999999998	AUT	proton	pi+	0.0	0.011032	0.070207	0.0077659999999999995
2.38489	0.209035	0.55311	0.324673	0.12800999999999998	AUT	proton	pi+	0.0	0.010087	0.070207	0.007599
2.557655	0.24166300000000002	0.513292	0.326714	0.127289	AUT	proton	pi+	0.0	0.009554	0.070207	0.0074540000000000006
2.797684	0.285671	0.47514399999999996	0.330339	0.12628599999999998	AUT	proton	pi+	0.0	0.015364	0.070207	0.007286
2.164083	0.153218	0.687527	0.323129	0.31103400000000003	AUT	proton	pi+	0.0	0.007203	0.070207	0.007894
2.277981	0.1787	0.617929	0.323938	0.300141	AUT	proton	pi+	0.0	0.007018000000000001	0.070207	0.007751000000000001
2.370781	0.197018	0.583188	0.32408899999999996	0.296083	AUT	proton	pi+	0.0	0.0068	0.070207	0.0076560000000000005
2.462759	0.214833	0.555566	0.325019	0.292719	AUT	proton	pi+	0.0	0.006723999999999999	0.070207	0.00757
2.5667169999999997	0.23784299999999997	0.523159	0.326418	0.289729	AUT	proton	pi+	0.0	0.006404000000000001	0.070207	0.007469
2.752032	0.27581999999999995	0.48434499999999997	0.329332	0.286462	AUT	proton	pi+	0.0	0.008312	0.070207	0.0073219999999999995
2.199452	0.145069	0.739193	0.323735	0.49366800000000005	AUT	proton	pi+	0.0	0.00757	0.070207	0.007940000000000001
2.348862	0.178188	0.6394920000000001	0.324316	0.48619399999999996	AUT	proton	pi+	0.0	0.006137	0.070207	0.007751999999999999
2.485116	0.210348	0.573421	0.32495100000000005	0.485092	AUT	proton	pi+	0.0	0.006097999999999999	0.070207	0.007591
2.665593	0.257202	0.503844	0.327894	0.486487	AUT	proton	pi+	0.0	0.008697	0.070207	0.007393
2.358535	0.18021600000000002	0.650584	0.325959	0.671786	AUT	proton	pi+	0.0	0.008513	0.070207	0.0077469999999999995
2.7132080000000003	0.268487	0.49082299999999995	0.329625	0.67389	AUT	proton	pi+	0.0	0.031131	0.070207	0.007349
2.232968	0.182859	0.594042	0.373709	0.13096	AUT	proton	pi+	0.0	0.010189	0.070207	0.007703
2.392338	0.22054400000000002	0.526319	0.37393899999999997	0.127742	AUT	proton	pi+	0.0	0.009654000000000001	0.070207	0.007518
2.494621	0.257898	0.46925600000000006	0.375119	0.127099	AUT	proton	pi+	0.0	0.009067	0.070207	0.007363
2.728617	0.309682	0.42782700000000007	0.37758400000000003	0.12698099999999998	AUT	proton	pi+	0.0	0.012323	0.070207	0.007181
2.1785930000000002	0.161458	0.656511	0.373494	0.30821	AUT	proton	pi+	0.0	0.007665000000000001	0.070207	0.007819
2.319241	0.18992699999999998	0.591978	0.373998	0.29888200000000004	AUT	proton	pi+	0.0	0.007562	0.070207	0.007664
2.420111	0.211932	0.553558	0.374112	0.29443800000000003	AUT	proton	pi+	0.0	0.007348	0.070207	0.007556
2.455196	0.235408	0.5056930000000001	0.374361	0.290912	AUT	proton	pi+	0.0	0.007004000000000001	0.070207	0.007453
2.556073	0.268408	0.46191400000000005	0.375719	0.288046	AUT	proton	pi+	0.0	0.007001	0.070207	0.0073230000000000005
2.76183	0.317773	0.42185100000000003	0.378461	0.28826999999999997	AUT	proton	pi+	0.0	0.011411	0.070207	0.007154000000000001
2.2158580000000003	0.153541	0.704426	0.373725	0.49513	AUT	proton	pi+	0.0	0.006275	0.070207	0.007864
2.402918	0.192934	0.6044689999999999	0.37429	0.48666499999999996	AUT	proton	pi+	0.0	0.006449	0.070207	0.007648
2.5076099999999997	0.240432	0.508193	0.37487600000000004	0.485466	AUT	proton	pi+	0.0	0.006662	0.070207	0.0074329999999999995
2.730317	0.309815	0.427943	0.377969	0.485537	AUT	proton	pi+	0.0	0.013262999999999999	0.070207	0.00718
2.337285	0.176906	0.654975	0.37490500000000004	0.678834	AUT	proton	pi+	0.0	0.007194	0.070207	0.007736
2.554964	0.267418	0.465708	0.376268	0.6797890000000001	AUT	proton	pi+	0.0	0.015588	0.070207	0.0073290000000000004
2.396077	0.193628	0.622628	0.377098	0.8673049999999999	AUT	proton	pi+	0.0	0.021787	0.070207	0.0076549999999999995
2.269866	0.191351	0.5775279999999999	0.423671	0.1303	AUT	proton	pi+	0.0	0.009346	0.070207	0.007634999999999999
2.412161	0.239129	0.49003900000000006	0.42388000000000003	0.12778399999999998	AUT	proton	pi+	0.0	0.009209	0.070207	0.0074140000000000005
2.564825	0.30196100000000003	0.413677	0.42492299999999994	0.127299	AUT	proton	pi+	0.0	0.008378	0.070207	0.0071849999999999995
2.19625	0.16799	0.636081	0.42358100000000004	0.306791	AUT	proton	pi+	0.0	0.008139	0.070207	0.007759
2.361939	0.20057	0.5710029999999999	0.42398	0.297913	AUT	proton	pi+	0.0	0.007914000000000001	0.070207	0.007586
2.4365650000000003	0.22846100000000003	0.517347	0.424124	0.293377	AUT	proton	pi+	0.0	0.007576	0.070207	0.007458
2.474107	0.263544	0.455617	0.42432200000000003	0.289912	AUT	proton	pi+	0.0	0.007398999999999999	0.070207	0.007318000000000001
2.62587	0.31968	0.399311	0.42580100000000004	0.29068099999999997	AUT	proton	pi+	0.0	0.008525	0.070207	0.007126
2.233331	0.161907	0.673471	0.423842	0.49506300000000003	AUT	proton	pi+	0.0	0.006321	0.070207	0.0077930000000000004
2.445712	0.20815799999999998	0.570918	0.42436	0.48608599999999996	AUT	proton	pi+	0.0	0.008065000000000001	0.070207	0.007548999999999999
2.541938	0.280074	0.44496499999999994	0.42520399999999997	0.483847	AUT	proton	pi+	0.0	0.0073409999999999994	0.070207	0.007261
2.344482	0.181125	0.642803	0.42448	0.683864	AUT	proton	pi+	0.0	0.006295	0.070207	0.007691
2.5296830000000003	0.278087	0.443187	0.42430100000000004	0.680459	AUT	proton	pi+	0.0	0.013826	0.070207	0.007267
2.38835	0.19211099999999998	0.624836	0.426063	0.88505	AUT	proton	pi+	0.0	0.015853	0.070207	0.007639
2.300045	0.20061600000000002	0.559276	0.473675	0.130519	AUT	proton	pi+	0.0	0.008927	0.070207	0.007567
2.4452540000000003	0.26464899999999997	0.449931	0.47382399999999997	0.128195	AUT	proton	pi+	0.0	0.00897	0.070207	0.007292
2.601686	0.332627	0.37947600000000004	0.47376	0.128215	AUT	proton	pi+	0.0	0.012888	0.070207	0.007062000000000001
2.229602	0.176602	0.614636	0.473707	0.305235	AUT	proton	pi+	0.0	0.008017	0.070207	0.007690000000000001
2.405026	0.21589899999999998	0.540557	0.47402700000000003	0.29657100000000003	AUT	proton	pi+	0.0	0.008095999999999999	0.070207	0.007490000000000001
2.456571	0.25528	0.467315	0.474125	0.292403	AUT	proton	pi+	0.0	0.007864	0.070207	0.007326000000000001
2.552853	0.316315	0.392487	0.474214	0.29288600000000004	AUT	proton	pi+	0.0	0.008499	0.070207	0.007114
2.260225	0.17094600000000001	0.6457350000000001	0.47401400000000005	0.494479	AUT	proton	pi+	0.0	0.006755	0.070207	0.00772
2.471768	0.23021599999999998	0.523932	0.474454	0.48576199999999997	AUT	proton	pi+	0.0	0.009988	0.070207	0.007428
2.558097	0.310364	0.40120500000000003	0.474473	0.47981999999999997	AUT	proton	pi+	0.0	0.0101	0.070207	0.007133
2.361322	0.192123	0.614676	0.474333	0.6865359999999999	AUT	proton	pi+	0.0	0.006058	0.070207	0.007615
2.6215450000000002	0.298933	0.425541	0.473463	0.672437	AUT	proton	pi+	0.0	0.01859	0.070207	0.007169
2.382313	0.189986	0.627636	0.475282	0.9013559999999999	AUT	proton	pi+	0.0	0.01236	0.070207	0.007626000000000001
2.328348	0.21314	0.5349510000000001	0.5237229999999999	0.130147	AUT	proton	pi+	0.0	0.008625	0.070207	0.007484
2.513341	0.297139	0.412657	0.5237470000000001	0.128743	AUT	proton	pi+	0.0	0.009647	0.070207	0.0071530000000000005
2.2603459999999997	0.183882	0.598902	0.523713	0.304525	AUT	proton	pi+	0.0	0.008107	0.070207	0.007626999999999999
2.424252	0.23248899999999997	0.506782	0.524	0.295772	AUT	proton	pi+	0.0	0.008123	0.070207	0.007393
2.506724	0.297004	0.41134499999999996	0.524077	0.29436999999999997	AUT	proton	pi+	0.0	0.008145	0.070207	0.0071519999999999995
2.8138259999999997	0.373973	0.364563	0.523913	0.29869	AUT	proton	pi+	0.0	0.034716000000000004	0.070207	0.006909
2.288871	0.179215	0.624108	0.5240600000000001	0.494374	AUT	proton	pi+	0.0	0.007247	0.070207	0.007651000000000001
2.499117	0.260687	0.47189200000000003	0.5242439999999999	0.484279	AUT	proton	pi+	0.0	0.009245999999999999	0.070207	0.0072840000000000005
2.8167299999999997	0.364439	0.374542	0.520903	0.45583100000000004	AUT	proton	pi+	0.0	0.041043	0.070207	0.006939
2.341391	0.183038	0.630627	0.524359	0.7422300000000001	AUT	proton	pi+	0.0	0.006364	0.070207	0.007633
2.56806	0.266332	0.469182	0.523777	0.707571	AUT	proton	pi+	0.0	0.012678	0.070207	0.007258
2.3586259999999997	0.22807600000000003	0.5095270000000001	0.573713	0.130072	AUT	proton	pi+	0.0	0.008485	0.070207	0.007392
2.563709	0.320157	0.38892600000000005	0.573553	0.12953	AUT	proton	pi+	0.0	0.014417	0.070207	0.007047
2.292996	0.192571	0.580916	0.5738	0.303703	AUT	proton	pi+	0.0	0.008084000000000001	0.070207	0.007555
2.4464770000000002	0.256963	0.464057	0.5739920000000001	0.29594299999999996	AUT	proton	pi+	0.0	0.008198	0.070207	0.007267
2.595157	0.326328	0.385839	0.572758	0.293678	AUT	proton	pi+	0.0	0.013893	0.070207	0.007026999999999999
2.322123	0.189708	0.5988220000000001	0.573921	0.49372200000000005	AUT	proton	pi+	0.0	0.007955	0.070207	0.007568999999999999
2.522035	0.270913	0.454946	0.573734	0.48276499999999994	AUT	proton	pi+	0.0	0.012282	0.070207	0.007215999999999999
2.383842	0.199418	0.5922350000000001	0.573901	0.7356689999999999	AUT	proton	pi+	0.0	0.0075569999999999995	0.070207	0.007525
2.860706	0.31724600000000003	0.43695100000000003	0.569176	0.641677	AUT	proton	pi+	0.0	0.125133	0.070207	0.007051999999999999
2.278189	0.193165	0.5745939999999999	0.6236229999999999	0.252083	AUT	proton	pi+	0.0	0.008059	0.070207	0.007520999999999999
2.423882	0.24611	0.478786	0.623866	0.236749	AUT	proton	pi+	0.0	0.008303	0.070207	0.007278
2.5766880000000003	0.303913	0.41165799999999997	0.622417	0.22767800000000002	AUT	proton	pi+	0.0	0.010332	0.070207	0.0070680000000000005
2.355885	0.206132	0.5617409999999999	0.623743	0.492226	AUT	proton	pi+	0.0	0.008898	0.070207	0.007459
2.628173	0.28846	0.44204399999999994	0.6220680000000001	0.47597399999999995	AUT	proton	pi+	0.0	0.022524000000000002	0.070207	0.007118000000000001
2.385558	0.199348	0.587819	0.623167	0.748839	AUT	proton	pi+	0.0	0.010719	0.070207	0.0074930000000000005
2.298294	0.208916	0.5367810000000001	0.673161	0.247598	AUT	proton	pi+	0.0	0.008328	0.070207	0.007411
2.54052	0.273624	0.451028	0.672241	0.229131	AUT	proton	pi+	0.0	0.010088	0.070207	0.007139
2.362639	0.209154	0.552363	0.6726479999999999	0.551408	AUT	proton	pi+	0.0	0.009984999999999999	0.070207	0.007411
2.769075	0.286366	0.468792	0.668883	0.48038100000000006	AUT	proton	pi+	0.0	0.046454	0.070207	0.007089
3.2888309999999996	0.253941	0.628603	0.324025	0.127717	AUT	proton	pi+	0.0	0.013104	0.070207	0.0074
3.468751	0.297476	0.565804	0.32422199999999995	0.126944	AUT	proton	pi+	0.0	0.012347	0.070207	0.007244
3.5763599999999998	0.35102300000000003	0.49504799999999993	0.328313	0.12692799999999999	AUT	proton	pi+	0.0	0.011124	0.070207	0.007076000000000001
3.202671	0.23995100000000003	0.647946	0.323758	0.300354	AUT	proton	pi+	0.0	0.009981	0.070207	0.007455
3.4130059999999998	0.27365	0.604478	0.32416100000000003	0.293811	AUT	proton	pi+	0.0	0.009701000000000001	0.070207	0.007326000000000001
3.4845919999999997	0.302948	0.557746	0.324488	0.289958	AUT	proton	pi+	0.0	0.009462	0.070207	0.007226000000000001
3.599908	0.349717	0.49997299999999995	0.32787	0.28771399999999997	AUT	proton	pi+	0.0	0.009572	0.070207	0.0070799999999999995
3.909472	0.43429300000000004	0.436176	0.342352	0.285889	AUT	proton	pi+	0.0	0.180795	0.070207	0.006825
3.265285	0.243794	0.652179	0.32424899999999995	0.486411	AUT	proton	pi+	0.0	0.008761	0.070207	0.007441
3.5375620000000003	0.312663	0.551423	0.32543099999999997	0.484687	AUT	proton	pi+	0.0	0.008625	0.070207	0.007195999999999999
3.81285	0.401086	0.460921	0.33367600000000003	0.48464700000000005	AUT	proton	pi+	0.0	0.039532	0.070207	0.006927
3.4149800000000003	0.281695	0.5977439999999999	0.32626	0.694809	AUT	proton	pi+	0.0	0.013307	0.070207	0.0073030000000000005
3.3304989999999997	0.260444	0.6210439999999999	0.373923	0.127931	AUT	proton	pi+	0.0	0.011892	0.070207	0.007345999999999999
3.4495910000000003	0.316751	0.529311	0.373899	0.127223	AUT	proton	pi+	0.0	0.011515000000000001	0.070207	0.0071530000000000005
3.5276660000000004	0.38602800000000004	0.443935	0.37551	0.126528	AUT	proton	pi+	0.0	0.012105	0.070207	0.006945000000000001
3.2389349999999997	0.246482	0.637907	0.37397199999999997	0.29884099999999997	AUT	proton	pi+	0.0	0.010836	0.070207	0.007398999999999999
3.458715	0.285508	0.587431	0.374079	0.293613	AUT	proton	pi+	0.0	0.01052	0.070207	0.007254000000000001
3.4639339999999996	0.326373	0.5151680000000001	0.374153	0.290149	AUT	proton	pi+	0.0	0.009995	0.070207	0.007123
3.5369940000000004	0.388154	0.442688	0.376165	0.289352	AUT	proton	pi+	0.0	0.01266	0.070207	0.006939
3.308212	0.252416	0.63825	0.374183	0.48756499999999997	AUT	proton	pi+	0.0	0.010338	0.070207	0.007377
3.5139370000000003	0.340567	0.505843	0.375145	0.483433	AUT	proton	pi+	0.0	0.010293	0.070207	0.0070799999999999995
3.4029540000000003	0.286763	0.588007	0.37502800000000003	0.711132	AUT	proton	pi+	0.0	0.010546	0.070207	0.007258
3.365575	0.269953	0.606499	0.42374399999999995	0.128552	AUT	proton	pi+	0.0	0.010967	0.070207	0.007285
3.4417470000000003	0.350482	0.478984	0.42374799999999996	0.127728	AUT	proton	pi+	0.0	0.010799	0.070207	0.007024
3.6500690000000002	0.42939799999999995	0.411865	0.423551	0.126906	AUT	proton	pi+	0.0	0.026767000000000003	0.070207	0.006792
3.279815	0.253033	0.6294069999999999	0.42395299999999997	0.298041	AUT	proton	pi+	0.0	0.011145	0.070207	0.007347
3.472874	0.301145	0.5599390000000001	0.42401300000000003	0.29334899999999997	AUT	proton	pi+	0.0	0.01067	0.070207	0.007175
3.447601	0.364239	0.46054399999999995	0.424101	0.291317	AUT	proton	pi+	0.0	0.011253	0.070207	0.006983
3.6425379999999996	0.43111499999999997	0.409351	0.424159	0.292473	AUT	proton	pi+	0.0	0.030462	0.070207	0.0067870000000000005
3.341008	0.260633	0.624555	0.424183	0.488069	AUT	proton	pi+	0.0	0.012315000000000001	0.070207	0.00732
3.4919849999999997	0.355514	0.48097	0.424509	0.48279399999999995	AUT	proton	pi+	0.0	0.013663	0.070207	0.0070079999999999995
3.397461	0.284138	0.591639	0.424592	0.726522	AUT	proton	pi+	0.0	0.009306	0.070207	0.007240000000000001
3.3857690000000003	0.282381	0.585375	0.47368599999999994	0.12856900000000002	AUT	proton	pi+	0.0	0.010581	0.070207	0.007215999999999999
3.4763910000000005	0.37669899999999995	0.44933999999999996	0.47365	0.128353	AUT	proton	pi+	0.0	0.013313	0.070207	0.006919
3.3262169999999998	0.26041	0.620639	0.473987	0.29819	AUT	proton	pi+	0.0	0.011182	0.070207	0.007294
3.459607	0.32407600000000003	0.519521	0.47402700000000003	0.293631	AUT	proton	pi+	0.0	0.010946	0.070207	0.007077
3.497329	0.399518	0.42490500000000003	0.473999	0.294609	AUT	proton	pi+	0.0	0.017185	0.070207	0.006853
3.373693	0.273291	0.603466	0.474253	0.48863199999999996	AUT	proton	pi+	0.0	0.013265	0.070207	0.007248999999999999
3.486529	0.37511	0.45273100000000005	0.474275	0.48108900000000004	AUT	proton	pi+	0.0	0.018067	0.070207	0.006924
3.3976230000000003	0.281256	0.596445	0.47459700000000005	0.7391800000000001	AUT	proton	pi+	0.0	0.010169	0.070207	0.0072239999999999995
3.4008190000000003	0.302171	0.554024	0.523671	0.128916	AUT	proton	pi+	0.0	0.010083	0.070207	0.007123999999999999
3.5485629999999997	0.41038	0.419225	0.5234979999999999	0.128996	AUT	proton	pi+	0.0	0.024267	0.070207	0.006792
3.360379	0.268746	0.608468	0.523881	0.298888	AUT	proton	pi+	0.0	0.010879	0.070207	0.007236
3.46985	0.360047	0.471369	0.523938	0.29573699999999997	AUT	proton	pi+	0.0	0.01144	0.070207	0.006940000000000001
3.387232	0.28498	0.583912	0.524256	0.48931099999999994	AUT	proton	pi+	0.0	0.013578	0.070207	0.007181
3.514222	0.391256	0.435745	0.523183	0.47512600000000005	AUT	proton	pi+	0.0	0.027273000000000002	0.070207	0.006848000000000001
3.397679	0.27812	0.601486	0.524352	0.7453069999999999	AUT	proton	pi+	0.0	0.013354	0.070207	0.007206000000000001
3.3428	0.26452600000000004	0.614188	0.5737760000000001	0.242667	AUT	proton	pi+	0.0	0.01004	0.070207	0.007220999999999999
3.4527400000000004	0.33231700000000003	0.505889	0.573887	0.234555	AUT	proton	pi+	0.0	0.010556999999999999	0.070207	0.006993000000000001
3.533407	0.404415	0.423622	0.572663	0.230055	AUT	proton	pi+	0.0	0.018531	0.070207	0.006778
3.3701440000000003	0.27031900000000003	0.6082810000000001	0.5742010000000001	0.556211	AUT	proton	pi+	0.0	0.014309	0.070207	0.007201000000000001
3.5156739999999997	0.354149	0.482563	0.573172	0.5174300000000001	AUT	proton	pi+	0.0	0.024138	0.070207	0.006926000000000001
3.373594	0.275566	0.596425	0.6236689999999999	0.243148	AUT	proton	pi+	0.0	0.009987000000000001	0.070207	0.007148000000000001
3.4851769999999997	0.356113	0.476236	0.622912	0.23147600000000002	AUT	proton	pi+	0.0	0.012808000000000002	0.070207	0.006887000000000001
3.4068910000000003	0.285069	0.585854	0.623574	0.549519	AUT	proton	pi+	0.0	0.0148	0.070207	0.007117
3.784707	0.391306	0.468658	0.616919	0.456373	AUT	proton	pi+	0.0	0.105598	0.070207	0.006783
3.363142	0.283929	0.576612	0.672247	0.325912	AUT	proton	pi+	0.0	0.010591	0.070207	0.007084999999999999
3.5557510000000003	0.349423	0.493729	0.671096	0.267815	AUT	proton	pi+	0.0	0.017205	0.070207	0.006872
4.277432	0.32426	0.6397430000000001	0.324007	0.126131	AUT	proton	pi+	0.0	0.020867	0.070207	0.007155
4.510373	0.3683	0.593892	0.32405300000000004	0.12631900000000001	AUT	proton	pi+	0.0	0.019316999999999997	0.070207	0.007023000000000001
4.57032	0.429828	0.5169050000000001	0.32595599999999997	0.127921	AUT	proton	pi+	0.0	0.016981	0.070207	0.006843000000000001
4.2443349999999995	0.318397	0.646315	0.32417399999999996	0.291109	AUT	proton	pi+	0.0	0.017821	0.070207	0.0071730000000000006
4.474219000000001	0.354457	0.6118020000000001	0.324272	0.289506	AUT	proton	pi+	0.0	0.015321000000000001	0.070207	0.007063
4.501448	0.393455	0.554978	0.32442	0.287994	AUT	proton	pi+	0.0	0.013772	0.070207	0.00695
4.599646	0.452263	0.493558	0.327517	0.290635	AUT	proton	pi+	0.0	0.016711	0.070207	0.006778
4.374884	0.34474899999999997	0.6171260000000001	0.32453000000000004	0.48323299999999997	AUT	proton	pi+	0.0	0.01601	0.070207	0.007092
4.541591	0.432587	0.51031	0.326441	0.48363599999999995	AUT	proton	pi+	0.0	0.017503	0.070207	0.006834999999999999
4.425976	0.36505	0.593322	0.325226	0.70325	AUT	proton	pi+	0.0	0.018303	0.070207	0.007031
4.320648	0.331017	0.633269	0.37385	0.126855	AUT	proton	pi+	0.0	0.01895	0.070207	0.007103
4.52237	0.392459	0.560049	0.373892	0.12770399999999998	AUT	proton	pi+	0.0	0.017159999999999998	0.070207	0.006920999999999999
4.5178449999999994	0.4677	0.468474	0.373645	0.127751	AUT	proton	pi+	0.0	0.023863	0.070207	0.006703
4.27375	0.322721	0.642201	0.374162	0.29262	AUT	proton	pi+	0.0	0.018908	0.070207	0.007128
4.498036	0.365743	0.596407	0.374199	0.290752	AUT	proton	pi+	0.0	0.015758	0.070207	0.006998000000000001
4.503298	0.426716	0.513075	0.374138	0.290688	AUT	proton	pi+	0.0	0.013827	0.070207	0.006822
4.675539	0.49586800000000003	0.456809	0.374029	0.295443	AUT	proton	pi+	0.0	0.038508999999999995	0.070207	0.006618000000000001
4.388917	0.34894899999999995	0.612328	0.37454299999999996	0.482789	AUT	proton	pi+	0.0	0.020501	0.070207	0.0070480000000000004
4.516783	0.44705100000000003	0.49106400000000006	0.374508	0.482637	AUT	proton	pi+	0.0	0.019036	0.070207	0.006762000000000001
4.4168389999999995	0.365685	0.5913470000000001	0.374508	0.7175279999999999	AUT	proton	pi+	0.0	0.015679	0.070207	0.006998000000000001
4.365016000000001	0.34023200000000003	0.6230100000000001	0.42371400000000004	0.12776600000000002	AUT	proton	pi+	0.0	0.017539	0.070207	0.007045999999999999
4.525580000000001	0.423113	0.521393	0.42368500000000003	0.128674	AUT	proton	pi+	0.0	0.017322999999999998	0.070207	0.006802
4.309209	0.328362	0.636605	0.42397799999999997	0.293873	AUT	proton	pi+	0.0	0.019058000000000002	0.070207	0.007083
4.507349	0.382477	0.57214	0.42408500000000005	0.291997	AUT	proton	pi+	0.0	0.015413	0.070207	0.006920999999999999
4.537428	0.454466	0.48485200000000006	0.42404200000000003	0.294522	AUT	proton	pi+	0.0	0.018706999999999998	0.070207	0.006711
4.402476	0.357377	0.601316	0.424433	0.483712	AUT	proton	pi+	0.0	0.020285	0.070207	0.006995
4.538982	0.46341899999999997	0.47518299999999997	0.42435100000000003	0.48145299999999996	AUT	proton	pi+	0.0	0.026831999999999998	0.070207	0.006684000000000001
4.413672	0.363274	0.5944050000000001	0.424608	0.726966	AUT	proton	pi+	0.0	0.016538999999999998	0.070207	0.006977
4.410133	0.355165	0.604695	0.47371800000000003	0.128227	AUT	proton	pi+	0.0	0.016043	0.070207	0.006973999999999999
4.523604	0.450849	0.487357	0.47356800000000004	0.129706	AUT	proton	pi+	0.0	0.025697	0.070207	0.006693000000000001
4.347272	0.33516799999999997	0.629552	0.47404799999999997	0.295268	AUT	proton	pi+	0.0	0.018443	0.070207	0.007034
4.521432	0.41733000000000003	0.528613	0.47397	0.295115	AUT	proton	pi+	0.0	0.014234	0.070207	0.006789
4.935741999999999	0.524987	0.455462	0.473459	0.304836	AUT	proton	pi+	0.0	0.331428	0.070207	0.0064670000000000005
4.416509	0.367307	0.58929	0.474423	0.4851	AUT	proton	pi+	0.0	0.018841999999999998	0.070207	0.0069370000000000005
4.633891	0.485522	0.462451	0.473484	0.470944	AUT	proton	pi+	0.0	0.049719	0.070207	0.006589
4.412502	0.359808	0.5992770000000001	0.474472	0.7293689999999999	AUT	proton	pi+	0.0	0.023190000000000002	0.070207	0.006959
4.304208999999999	0.328809	0.635009	0.523836	0.23499299999999998	AUT	proton	pi+	0.0	0.016704	0.070207	0.007025
4.512275	0.38313400000000003	0.5717939999999999	0.523891	0.23291599999999998	AUT	proton	pi+	0.0	0.015178	0.070207	0.006861
4.536694000000001	0.454272	0.484907	0.523696	0.23986799999999997	AUT	proton	pi+	0.0	0.018458000000000002	0.070207	0.006651000000000001
4.398861	0.35170500000000005	0.609326	0.5244449999999999	0.542312	AUT	proton	pi+	0.0	0.021861000000000002	0.070207	0.006954000000000001
4.557224	0.44379300000000005	0.498312	0.5232180000000001	0.503929	AUT	proton	pi+	0.0	0.029093	0.070207	0.006683
4.3507739999999995	0.33736700000000003	0.62605	0.573851	0.238121	AUT	proton	pi+	0.0	0.016158000000000002	0.070207	0.006966
4.530921	0.415191	0.53176	0.573555	0.237019	AUT	proton	pi+	0.0	0.014705000000000001	0.070207	0.006731999999999999
4.414369000000001	0.35681599999999997	0.603843	0.574153	0.5635600000000001	AUT	proton	pi+	0.0	0.020365	0.070207	0.006906
4.691587999999999	0.45858999999999994	0.495746	0.570204	0.46691499999999997	AUT	proton	pi+	0.0	0.067121	0.070207	0.006606
4.391751999999999	0.349249	0.611518	0.623603	0.24030300000000002	AUT	proton	pi+	0.0	0.015453	0.070207	0.006895
4.560772	0.42732200000000004	0.518048	0.622682	0.236064	AUT	proton	pi+	0.0	0.022366	0.070207	0.006662
4.422036	0.354044	0.6089939999999999	0.6234770000000001	0.559086	AUT	proton	pi+	0.0	0.023534	0.070207	0.00688
4.397971	0.360348	0.593327	0.671183	0.339711	AUT	proton	pi+	0.0	0.016388	0.070207	0.0068260000000000005
4.699904	0.431806	0.52747	0.668204	0.231654	AUT	proton	pi+	0.0	0.050298	0.070207	0.006613
5.335572	0.41368699999999997	0.626073	0.323826	0.126937	AUT	proton	pi+	0.0	0.022191	0.070207	0.006887999999999999
5.541092	0.492335	0.546745	0.323949	0.126648	AUT	proton	pi+	0.0	0.025185	0.070207	0.006658
5.305291	0.402545	0.639215	0.324182	0.290691	AUT	proton	pi+	0.0	0.016965	0.070207	0.00692
5.5120830000000005	0.4695	0.570261	0.324423	0.287001	AUT	proton	pi+	0.0	0.016375	0.070207	0.006725
5.6292	0.539047	0.5059640000000001	0.32518600000000003	0.288958	AUT	proton	pi+	0.0	0.042194999999999996	0.070207	0.006518
5.411439	0.436485	0.6048640000000001	0.32466100000000003	0.5305300000000001	AUT	proton	pi+	0.0	0.014098	0.070207	0.0068189999999999995
5.678853	0.5462819999999999	0.503612	0.325259	0.48919300000000004	AUT	proton	pi+	0.0	0.07738099999999999	0.070207	0.006495999999999999
5.373665	0.426809	0.6121449999999999	0.373854	0.12771300000000002	AUT	proton	pi+	0.0	0.021207	0.070207	0.006816
5.566665	0.5130359999999999	0.526315	0.373672	0.12814	AUT	proton	pi+	0.0	0.038224	0.070207	0.006562
5.338533999999999	0.41046800000000006	0.631204	0.374105	0.292485	AUT	proton	pi+	0.0	0.017842	0.070207	0.006864
5.530652	0.490462	0.548058	0.37419600000000003	0.289702	AUT	proton	pi+	0.0	0.019425	0.070207	0.006628
5.418757	0.43968199999999996	0.601961	0.374687	0.543113	AUT	proton	pi+	0.0	0.016257	0.070207	0.006775
5.943825	0.571771	0.503608	0.374302	0.468079	AUT	proton	pi+	0.0	0.532176	0.070207	0.006383
5.283213	0.402237	0.63705	0.423809	0.229251	AUT	proton	pi+	0.0	0.019544	0.070207	0.0068579999999999995
5.4933819999999995	0.46015500000000004	0.579208	0.423889	0.224444	AUT	proton	pi+	0.0	0.018429	0.070207	0.0066879999999999995
5.5715639999999995	0.5229050000000001	0.5165609999999999	0.423843	0.231046	AUT	proton	pi+	0.0	0.029316000000000002	0.070207	0.0065
5.416065000000001	0.439258	0.602186	0.42460699999999996	0.543572	AUT	proton	pi+	0.0	0.019323	0.070207	0.006745999999999999
5.325394999999999	0.411315	0.628367	0.47387399999999996	0.23184899999999997	AUT	proton	pi+	0.0	0.019066	0.070207	0.006802
5.529575	0.4893	0.549168	0.47379	0.23186199999999998	AUT	proton	pi+	0.0	0.019823	0.070207	0.00657
5.415908	0.43785100000000005	0.603902	0.474287	0.5446350000000001	AUT	proton	pi+	0.0	0.022187000000000002	0.070207	0.0067209999999999995
5.364628	0.423066	0.616211	0.523856	0.23494299999999999	AUT	proton	pi+	0.0	0.018547	0.070207	0.006736
5.550324	0.506683	0.5315479999999999	0.523636	0.238481	AUT	proton	pi+	0.0	0.028102999999999996	0.070207	0.0064849999999999994
5.4097480000000004	0.43387700000000007	0.608011	0.5241600000000001	0.5472520000000001	AUT	proton	pi+	0.0	0.025825999999999998	0.070207	0.006701
5.408908	0.44188599999999995	0.597056	0.573639	0.23777399999999999	AUT	proton	pi+	0.0	0.017859	0.070207	0.0066430000000000005
5.801824	0.553257	0.508047	0.567477	0.19268	AUT	proton	pi+	0.0	0.170509	0.070207	0.006309
5.401987999999999	0.427501	0.61524	0.573793	0.546022	AUT	proton	pi+	0.0	0.030333999999999996	0.070207	0.006687
5.388172	0.42761400000000005	0.612941	0.623422	0.34178000000000003	AUT	proton	pi+	0.0	0.018849	0.070207	0.006651000000000001
5.687499	0.51215	0.538097	0.618428	0.218433	AUT	proton	pi+	0.0	0.073801	0.070207	0.006398
5.3844959999999995	0.43100600000000006	0.606593	0.669556	0.305216	AUT	proton	pi+	0.0	0.026418	0.070207	0.006606
6.343873	0.492446	0.625174	0.323864	0.22464699999999999	AUT	proton	pi+	0.0	0.017419	0.070207	0.0066549999999999995
6.787427	0.568508	0.5785359999999999	0.323966	0.217849	AUT	proton	pi+	0.0	0.019221000000000002	0.070207	0.006426
6.5705860000000005	0.5208189999999999	0.613481	0.32455900000000004	0.523967	AUT	proton	pi+	0.0	0.020903	0.070207	0.006567
6.395516000000001	0.504502	0.615649	0.37383299999999997	0.227358	AUT	proton	pi+	0.0	0.017884999999999998	0.070207	0.0065829999999999994
6.882808	0.5820350000000001	0.572766	0.373814	0.222871	AUT	proton	pi+	0.0	0.028099000000000002	0.070207	0.0063479999999999995
6.5618490000000005	0.520137	0.613479	0.3745	0.526877	AUT	proton	pi+	0.0	0.028774	0.070207	0.006533
6.4858720000000005	0.523038	0.602945	0.42366800000000004	0.230584	AUT	proton	pi+	0.0	0.018035	0.070207	0.0064930000000000005
7.41736	0.615092	0.584114	0.42372	0.22440900000000003	AUT	proton	pi+	0.0	0.081207	0.070207	0.006213000000000001
6.546393	0.519207	0.6131300000000001	0.42426899999999995	0.5278079999999999	AUT	proton	pi+	0.0	0.038664	0.070207	0.006504
6.496271	0.5226529999999999	0.604391	0.473843	0.297495	AUT	proton	pi+	0.0	0.018396	0.070207	0.006462000000000001
7.46783	0.617254	0.586042	0.47330500000000003	0.263728	AUT	proton	pi+	0.0	0.09898	0.070207	0.006173
6.510957	0.5210560000000001	0.6075229999999999	0.523558	0.326271	AUT	proton	pi+	0.0	0.020424	0.070207	0.0064329999999999995
6.486206	0.5145310000000001	0.612585	0.5730689999999999	0.31896399999999997	AUT	proton	pi+	0.0	0.024398	0.070207	0.006417
6.432266	0.502038	0.622001	0.622207	0.310057	AUT	proton	pi+	0.0	0.031639	0.070207	0.006418000000000001
1.1220219999999999	0.096746	0.706339	0.323905	0.272421	AUT	proton	pi+	0.0	0.006958	0.070207	0.011661
1.28472	0.120492	0.645987	0.32648499999999997	0.255254	AUT	proton	pi+	0.0	0.006094	0.070207	0.011456000000000001
1.558183	0.150998	0.625534	0.327706	0.254837	AUT	proton	pi+	0.0	0.005577	0.070207	0.011195
1.834684	0.18903399999999998	0.588594	0.33137	0.241391	AUT	proton	pi+	0.0	0.008838	0.070207	0.010889
1.201692	0.10033099999999999	0.730486	0.32506399999999996	0.485825	AUT	proton	pi+	0.0	0.006328	0.070207	0.01163
1.58266	0.147324	0.65485	0.327544	0.48253199999999996	AUT	proton	pi+	0.0	0.006518	0.070207	0.011225
1.3487129999999998	0.120145	0.694221	0.32906599999999997	0.658636	AUT	proton	pi+	0.0	0.014815	0.070207	0.011454
1.271102	0.134657	0.576615	0.375346	0.132116	AUT	proton	pi+	0.0	0.009894	0.070207	0.0113
1.7499200000000001	0.199951	0.531274	0.37824800000000003	0.128324	AUT	proton	pi+	0.0	0.013397999999999998	0.070207	0.01078
1.158492	0.105611	0.669694	0.37389	0.306248	AUT	proton	pi+	0.0	0.006520999999999999	0.070207	0.011554
1.383277	0.141017	0.594775	0.375216	0.2991	AUT	proton	pi+	0.0	0.005453	0.070207	0.011245999999999999
1.7013330000000002	0.18728499999999998	0.552163	0.376945	0.29370799999999997	AUT	proton	pi+	0.0	0.005764	0.070207	0.010873
1.205829	0.10388599999999999	0.709318	0.374187	0.492147	AUT	proton	pi+	0.0	0.005666	0.070207	0.011569
1.545134	0.156424	0.603092	0.375688	0.48823500000000003	AUT	proton	pi+	0.0	0.005141	0.070207	0.011117
1.909984	0.23217	0.49854799999999994	0.383449	0.488342	AUT	proton	pi+	0.0	0.043177999999999994	0.070207	0.010562
1.3693790000000001	0.130724	0.654119	0.377336	0.679027	AUT	proton	pi+	0.0	0.009633	0.070207	0.011333
1.241501	0.138848	0.547142	0.424544	0.129947	AUT	proton	pi+	0.0	0.009951	0.070207	0.011237
1.673323	0.20650900000000003	0.49286599999999997	0.426267	0.12759	AUT	proton	pi+	0.0	0.010085	0.070207	0.010709999999999999
1.1741540000000001	0.112745	0.636709	0.42379399999999995	0.305064	AUT	proton	pi+	0.0	0.006841	0.070207	0.011467
1.4067530000000001	0.154448	0.552559	0.424734	0.295613	AUT	proton	pi+	0.0	0.005786	0.070207	0.011104000000000001
1.701691	0.206702	0.501209	0.42615	0.290131	AUT	proton	pi+	0.0	0.006498	0.070207	0.010707
1.2193889999999998	0.108396	0.688585	0.424015	0.495172	AUT	proton	pi+	0.0	0.005304	0.070207	0.011506
1.551556	0.170603	0.558056	0.42503100000000005	0.490171	AUT	proton	pi+	0.0	0.0050420000000000005	0.070207	0.010976999999999999
1.364894	0.135413	0.633608	0.425799	0.69716	AUT	proton	pi+	0.0	0.007423000000000001	0.070207	0.011268
1.881832	0.24876500000000001	0.458467	0.428196	0.666369	AUT	proton	pi+	0.0	0.08115	0.070207	0.010437
1.266628	0.14885	0.522085	0.474272	0.12903499999999998	AUT	proton	pi+	0.0	0.009323	0.070207	0.011129
1.6741529999999998	0.22399699999999997	0.45510200000000006	0.475473	0.127387	AUT	proton	pi+	0.0	0.010490000000000001	0.070207	0.010567
1.189804	0.11933699999999998	0.6100869999999999	0.47385200000000005	0.304127	AUT	proton	pi+	0.0	0.007469	0.070207	0.011387000000000001
1.444481	0.169354	0.517942	0.474566	0.293991	AUT	proton	pi+	0.0	0.006038	0.070207	0.010957
1.7146099999999997	0.22996999999999998	0.45402299999999995	0.475688	0.290057	AUT	proton	pi+	0.0	0.008319	0.070207	0.010528000000000001
1.249786	0.116499	0.658856	0.47399300000000005	0.495197	AUT	proton	pi+	0.0	0.005132	0.070207	0.011411
1.5817450000000002	0.188634	0.515225	0.474926	0.48916800000000005	AUT	proton	pi+	0.0	0.006281	0.070207	0.010814
1.331043	0.13025599999999998	0.6388	0.47502	0.715052	AUT	proton	pi+	0.0	0.006490000000000001	0.070207	0.011288
1.736247	0.21814	0.483504	0.47380900000000004	0.685411	AUT	proton	pi+	0.0	0.024095	0.070207	0.0106
1.301834	0.159667	0.501748	0.524055	0.128715	AUT	proton	pi+	0.0	0.009015	0.070207	0.011015
1.6845689999999998	0.24002199999999999	0.426303	0.524184	0.127801	AUT	proton	pi+	0.0	0.013163	0.070207	0.010437
1.21833	0.128419	0.581943	0.523947	0.303073	AUT	proton	pi+	0.0	0.007486	0.070207	0.011281999999999999
1.516951	0.194385	0.47573999999999994	0.524555	0.292644	AUT	proton	pi+	0.0	0.006220000000000001	0.070207	0.010740000000000001
1.796156	0.266426	0.408665	0.5243359999999999	0.291623	AUT	proton	pi+	0.0	0.017946	0.070207	0.010284
1.281509	0.125953	0.6278060000000001	0.524141	0.49421000000000004	AUT	proton	pi+	0.0	0.005471	0.070207	0.011303
1.616733	0.204131	0.48437700000000006	0.524216	0.48388000000000003	AUT	proton	pi+	0.0	0.009797	0.070207	0.010671
1.3487209999999998	0.131826	0.639717	0.524544	0.728182	AUT	proton	pi+	0.0	0.005792	0.070207	0.011251
1.819602	0.23008699999999999	0.47953100000000004	0.5219659999999999	0.6702640000000001	AUT	proton	pi+	0.0	0.034692	0.070207	0.010490000000000001
1.3729120000000001	0.176991	0.480505	0.573882	0.12905	AUT	proton	pi+	0.0	0.008376	0.070207	0.010851999999999999
1.9031900000000002	0.290688	0.396543	0.573695	0.128274	AUT	proton	pi+	0.0	0.056879	0.070207	0.010121
1.243731	0.13664500000000002	0.559553	0.57395	0.302164	AUT	proton	pi+	0.0	0.007716	0.070207	0.011181
1.574019	0.21068	0.455632	0.5736720000000001	0.29135	AUT	proton	pi+	0.0	0.0076560000000000005	0.070207	0.010594
1.32077	0.136151	0.6014729999999999	0.574183	0.492925	AUT	proton	pi+	0.0	0.0061200000000000004	0.070207	0.011184
1.706277	0.21977800000000003	0.47195200000000004	0.573207	0.47793599999999997	AUT	proton	pi+	0.0	0.020909	0.070207	0.010525
1.3557629999999998	0.12947899999999998	0.652617	0.574263	0.747554	AUT	proton	pi+	0.0	0.005548	0.070207	0.011243000000000001
1.205415	0.134327	0.550153	0.623854	0.24900500000000003	AUT	proton	pi+	0.0	0.008306000000000001	0.070207	0.011169
1.533427	0.199721	0.467154	0.62303	0.22323	AUT	proton	pi+	0.0	0.007015	0.070207	0.010631
1.924411	0.284072	0.410347	0.614276	0.16512000000000002	AUT	proton	pi+	0.0	0.068702	0.070207	0.010118
1.2608709999999999	0.12217	0.634445	0.623974	0.572615	AUT	proton	pi+	0.0	0.0056630000000000005	0.070207	0.011278
1.6380649999999999	0.187315	0.5321899999999999	0.6229979999999999	0.526996	AUT	proton	pi+	0.0	0.013277	0.070207	0.010712000000000001
1.328977	0.11564	0.704882	0.623689	0.9077790000000001	AUT	proton	pi+	0.0	0.012689	0.070207	0.011336
1.264572	0.144843	0.53551	0.673367	0.24456999999999998	AUT	proton	pi+	0.0	0.007909000000000001	0.070207	0.011036
1.685698	0.20993699999999998	0.487199	0.6711229999999999	0.218004	AUT	proton	pi+	0.0	0.012619	0.070207	0.010506
1.307432	0.12723099999999998	0.63132	0.6732819999999999	0.598908	AUT	proton	pi+	0.0	0.0058189999999999995	0.070207	0.011193
1.7846990000000003	0.199235	0.543392	0.670603	0.50135	AUT	proton	pi+	0.0	0.033441000000000005	0.070207	0.010572
2.237083	0.214435	0.638787	0.32751399999999997	0.34020300000000003	AUT	proton	pi+	0.0	0.006358	0.070207	0.010715
2.715064	0.28529	0.576815	0.333426	0.285992	AUT	proton	pi+	0.0	0.011878	0.070207	0.010303
2.255573	0.23846599999999998	0.577058	0.374908	0.24343	AUT	proton	pi+	0.0	0.006095000000000001	0.070207	0.010529
2.703662	0.308264	0.532126	0.377774	0.222338	AUT	proton	pi+	0.0	0.010466	0.070207	0.010159
2.357425	0.24187199999999998	0.603449	0.375711	0.536767	AUT	proton	pi+	0.0	0.007989	0.070207	0.010519
2.256894	0.24807600000000002	0.555229	0.424154	0.23558400000000002	AUT	proton	pi+	0.0	0.006645	0.070207	0.010440000000000001
2.6165529999999997	0.321175	0.49466400000000005	0.42598	0.221581	AUT	proton	pi+	0.0	0.009321	0.070207	0.010069
2.357353	0.25156300000000004	0.582784	0.424703	0.550966	AUT	proton	pi+	0.0	0.006978	0.070207	0.010431999999999999
2.299842	0.26154	0.537378	0.47404300000000005	0.23270900000000003	AUT	proton	pi+	0.0	0.006903	0.070207	0.010334000000000001
2.6050240000000002	0.337025	0.46849799999999997	0.47413900000000003	0.22447199999999998	AUT	proton	pi+	0.0	0.012698000000000001	0.070207	0.009966
2.348677	0.253578	0.575976	0.47427700000000006	0.56003	AUT	proton	pi+	0.0	0.007208	0.070207	0.010388
2.3598619999999997	0.27763499999999997	0.520928	0.524017	0.232308	AUT	proton	pi+	0.0	0.007123	0.070207	0.010217
2.836277	0.37703400000000004	0.45560100000000003	0.52383	0.23758400000000002	AUT	proton	pi+	0.0	0.03896	0.070207	0.009755
2.341571	0.250844	0.579138	0.524055	0.5648350000000001	AUT	proton	pi+	0.0	0.008234	0.070207	0.010366
2.339237	0.267065	0.5370560000000001	0.573738	0.305075	AUT	proton	pi+	0.0	0.007183	0.070207	0.010232999999999999
2.748393	0.35625500000000004	0.467383	0.571906	0.24631999999999998	AUT	proton	pi+	0.0	0.025509	0.070207	0.009803000000000001
2.352643	0.259809	0.556704	0.623067	0.35107	AUT	proton	pi+	0.0	0.007640000000000001	0.070207	0.010229
2.341804	0.25004899999999997	0.5731510000000001	0.672121	0.338916	AUT	proton	pi+	0.0	0.009918999999999999	0.070207	0.010234
3.42478	0.35935500000000004	0.5778949999999999	0.333012	0.288463	AUT	proton	pi+	0.0	0.013250999999999999	0.070207	0.009968000000000001
3.3717949999999997	0.36844099999999996	0.555529	0.37530399999999997	0.26468600000000003	AUT	proton	pi+	0.0	0.010542000000000001	0.070207	0.009894
3.7983830000000003	0.44266300000000003	0.519738	0.377504	0.258482	AUT	proton	pi+	0.0	0.033212	0.070207	0.009585
3.3854559999999996	0.377396	0.5452739999999999	0.42411899999999997	0.27113400000000004	AUT	proton	pi+	0.0	0.010901000000000001	0.070207	0.009819
3.896376	0.462037	0.510678	0.42409399999999997	0.260469	AUT	proton	pi+	0.0	0.08735	0.070207	0.009466
3.3906199999999997	0.37706100000000004	0.546655	0.474	0.299234	AUT	proton	pi+	0.0	0.011609	0.070207	0.009781999999999999
3.389276	0.37596999999999997	0.547925	0.523842	0.298865	AUT	proton	pi+	0.0	0.013503	0.070207	0.009747
3.379682	0.371636	0.5524680000000001	0.57323	0.28849400000000003	AUT	proton	pi+	0.0	0.016352000000000002	0.070207	0.009722
3.362478	0.362921	0.56211	0.6221760000000001	0.268871	AUT	proton	pi+	0.0	0.021793	0.070207	0.009712
4.353882	0.457088	0.577216	0.33300599999999997	0.265293	AUT	proton	pi+	0.0	0.022508	0.070207	0.009559
4.319456	0.46185699999999996	0.566852	0.374198	0.269756	AUT	proton	pi+	0.0	0.019546	0.070207	0.009502
4.315263	0.46170600000000006	0.566476	0.42394	0.27693	AUT	proton	pi+	0.0	0.022991	0.070207	0.00946
4.308082	0.460769	0.566697	0.473842	0.28055399999999997	AUT	proton	pi+	0.0	0.027483999999999998	0.070207	0.009423
4.306127	0.45962700000000006	0.567854	0.523519	0.271552	AUT	proton	pi+	0.0	0.033419	0.070207	0.009385
