Q2	x	y	z	pT	obs	target	hadron	value	stat	systrel	systabs
1.155111	0.089861	0.624084	0.32203200000000004	0.164096	AUT	neutron	pi+	0.0	0.00294	0.070207	0.001121
1.310437	0.106806	0.594612	0.322757	0.153358	AUT	neutron	pi+	0.0	0.002375	0.070207	0.001147
1.414182	0.11891900000000001	0.576234	0.323044	0.147178	AUT	neutron	pi+	0.0	0.002231	0.070207	0.001166
1.492434	0.129139	0.559974	0.32314899999999996	0.142347	AUT	neutron	pi+	0.0	0.002228	0.070207	0.001184
1.548085	0.138215	0.542701	0.323387	0.137486	AUT	neutron	pi+	0.0	0.002292	0.070207	0.0012
1.593373	0.146976	0.525284	0.323491	0.132691	AUT	neutron	pi+	0.0	0.002359	0.070207	0.001216
1.6292209999999998	0.155998	0.50605	0.32360700000000003	0.128243	AUT	neutron	pi+	0.0	0.002433	0.070207	0.001232
1.663835	0.16542	0.48735900000000004	0.32374899999999995	0.12384300000000001	AUT	neutron	pi+	0.0	0.002623	0.070207	0.0012490000000000001
1.6945150000000002	0.175583	0.46763699999999997	0.323959	0.119367	AUT	neutron	pi+	0.0	0.002764	0.070207	0.001268
1.7278040000000001	0.1876	0.44631499999999996	0.324414	0.114973	AUT	neutron	pi+	0.0	0.002915	0.070207	0.001291
1.774521	0.20378	0.42206899999999997	0.325705	0.11129000000000001	AUT	neutron	pi+	0.0	0.003098	0.070207	0.0013210000000000001
1.8587529999999999	0.23030599999999998	0.391671	0.32937	0.112069	AUT	neutron	pi+	0.0	0.003346	0.070207	0.00137
1.0682909999999999	0.065328	0.7935770000000001	0.32152	0.33827199999999996	AUT	neutron	pi+	0.0	0.002219	0.070207	0.001084
1.1127200000000002	0.072818	0.7404850000000001	0.322377	0.323757	AUT	neutron	pi+	0.0	0.002071	0.070207	0.0010949999999999998
1.142336	0.07750900000000001	0.714084	0.322684	0.318969	AUT	neutron	pi+	0.0	0.002097	0.070207	0.001102
1.1660709999999999	0.08139	0.694138	0.322899	0.31566500000000003	AUT	neutron	pi+	0.0	0.0020469999999999998	0.070207	0.001108
1.191172	0.084855	0.680082	0.323004	0.31298200000000004	AUT	neutron	pi+	0.0	0.002088	0.070207	0.001113
1.2252120000000002	0.088157	0.673317	0.323139	0.31135999999999997	AUT	neutron	pi+	0.0	0.002081	0.070207	0.001118
1.257066	0.09135399999999999	0.666641	0.323228	0.309904	AUT	neutron	pi+	0.0	0.00215	0.070207	0.001123
1.287309	0.0944	0.660643	0.323325	0.30836399999999997	AUT	neutron	pi+	0.0	0.002191	0.070207	0.001127
1.318543	0.097499	0.655166	0.32336	0.306883	AUT	neutron	pi+	0.0	0.002141	0.070207	0.001132
1.3500459999999999	0.10069600000000001	0.649524	0.323349	0.305557	AUT	neutron	pi+	0.0	0.002167	0.070207	0.001137
1.381848	0.103946	0.644039	0.32349	0.30433000000000004	AUT	neutron	pi+	0.0	0.00218	0.070207	0.001142
1.4148319999999999	0.10724500000000001	0.639124	0.323556	0.303181	AUT	neutron	pi+	0.0	0.002231	0.070207	0.0011480000000000001
1.444548	0.110545	0.63307	0.323567	0.30191599999999996	AUT	neutron	pi+	0.0	0.00229	0.070207	0.001153
1.4755639999999999	0.113843	0.627925	0.323644	0.300665	AUT	neutron	pi+	0.0	0.002352	0.070207	0.001158
1.507802	0.117245	0.623027	0.323648	0.29978499999999997	AUT	neutron	pi+	0.0	0.002348	0.070207	0.001164
1.540073	0.120744	0.617921	0.323709	0.29893600000000004	AUT	neutron	pi+	0.0	0.002436	0.070207	0.00117
1.5720399999999999	0.12429100000000001	0.612748	0.323759	0.298184	AUT	neutron	pi+	0.0	0.0024879999999999998	0.070207	0.001176
1.599027	0.127934	0.605526	0.323827	0.296983	AUT	neutron	pi+	0.0	0.002588	0.070207	0.001183
1.618175	0.131769	0.594954	0.32397	0.295694	AUT	neutron	pi+	0.0	0.002672	0.070207	0.001189
1.635622	0.13605899999999999	0.582413	0.324042	0.294232	AUT	neutron	pi+	0.0	0.002781	0.070207	0.0011970000000000001
1.6533919999999998	0.140802	0.568912	0.324098	0.292699	AUT	neutron	pi+	0.0	0.003088	0.070207	0.0012050000000000001
1.6698680000000001	0.146032	0.554017	0.32410700000000003	0.290786	AUT	neutron	pi+	0.0	0.003431	0.070207	0.001215
1.6834740000000001	0.152102	0.536261	0.32417399999999996	0.289574	AUT	neutron	pi+	0.0	0.00402	0.070207	0.0012259999999999999
1.695296	0.159397	0.515336	0.324276	0.288664	AUT	neutron	pi+	0.0	0.005138	0.070207	0.001239
1.708675	0.168652	0.490953	0.324234	0.289275	AUT	neutron	pi+	0.0	0.007219	0.070207	0.001256
1.723365	0.180775	0.46202299999999996	0.324339	0.290773	AUT	neutron	pi+	0.0	0.009861	0.070207	0.0012779999999999998
1.7597630000000002	0.197733	0.43143000000000004	0.32529600000000003	0.29170799999999997	AUT	neutron	pi+	0.0	0.008955	0.070207	0.00131
1.8449060000000002	0.226537	0.395373	0.329115	0.291571	AUT	neutron	pi+	0.0	0.008643999999999999	0.070207	0.001363
1.049962	0.061213	0.831672	0.322952	0.501237	AUT	neutron	pi+	0.0	0.002068	0.070207	0.001078
1.092647	0.066932	0.791017	0.32329600000000003	0.49708199999999997	AUT	neutron	pi+	0.0	0.002144	0.070207	0.0010869999999999999
1.1239190000000001	0.07109	0.766004	0.323573	0.49370200000000003	AUT	neutron	pi+	0.0	0.00216	0.070207	0.001093
1.154189	0.074763	0.747954	0.323818	0.491536	AUT	neutron	pi+	0.0	0.002225	0.070207	0.001098
1.1837229999999999	0.07825499999999999	0.732853	0.323914	0.49008900000000005	AUT	neutron	pi+	0.0	0.002241	0.070207	0.001103
1.212469	0.08175199999999999	0.718542	0.324009	0.48940200000000006	AUT	neutron	pi+	0.0	0.002273	0.070207	0.001109
1.245369	0.085339	0.706996	0.32405500000000004	0.48879399999999995	AUT	neutron	pi+	0.0	0.0022649999999999997	0.070207	0.001114
1.285514	0.089037	0.699475	0.32409	0.48844399999999993	AUT	neutron	pi+	0.0	0.002362	0.070207	0.001119
1.324581	0.092835	0.691248	0.324106	0.487792	AUT	neutron	pi+	0.0	0.0023989999999999997	0.070207	0.001125
1.3653520000000001	0.096828	0.683145	0.32417399999999996	0.487598	AUT	neutron	pi+	0.0	0.00244	0.070207	0.001131
1.405826	0.100928	0.6748149999999999	0.324211	0.48728599999999994	AUT	neutron	pi+	0.0	0.0025629999999999997	0.070207	0.0011380000000000001
1.446913	0.105224	0.666186	0.32418800000000003	0.487046	AUT	neutron	pi+	0.0	0.002573	0.070207	0.001145
1.4901280000000001	0.109918	0.656791	0.324196	0.48697299999999993	AUT	neutron	pi+	0.0	0.002602	0.070207	0.001152
1.533195	0.11496300000000001	0.646116	0.324227	0.486887	AUT	neutron	pi+	0.0	0.002666	0.070207	0.001161
1.5802379999999998	0.120553	0.635084	0.324228	0.486875	AUT	neutron	pi+	0.0	0.0026219999999999998	0.070207	0.00117
1.622696	0.126771	0.6201979999999999	0.324243	0.48702399999999996	AUT	neutron	pi+	0.0	0.002707	0.070207	0.001181
1.63699	0.133931	0.5922850000000001	0.32417199999999996	0.487966	AUT	neutron	pi+	0.0	0.002702	0.070207	0.001193
1.648607	0.142968	0.558837	0.324019	0.489443	AUT	neutron	pi+	0.0	0.002653	0.070207	0.001209
1.6658540000000002	0.154655	0.522101	0.323974	0.490483	AUT	neutron	pi+	0.0	0.002654	0.070207	0.00123
1.692322	0.170378	0.481583	0.323952	0.49104899999999996	AUT	neutron	pi+	0.0	0.002963	0.070207	0.001259
1.745844	0.194831	0.434838	0.32503000000000004	0.491886	AUT	neutron	pi+	0.0	0.003932	0.070207	0.0013039999999999998
1.8545310000000002	0.23029699999999997	0.390816	0.329543	0.49361800000000006	AUT	neutron	pi+	0.0	0.010134	0.070207	0.00137
1.089185	0.06522599999999999	0.810763	0.326108	0.6684399999999999	AUT	neutron	pi+	0.0	0.002077	0.070207	0.001084
1.203447	0.078351	0.744803	0.326432	0.6668069999999999	AUT	neutron	pi+	0.0	0.002092	0.070207	0.001104
1.333393	0.091754	0.704443	0.326494	0.665679	AUT	neutron	pi+	0.0	0.002194	0.070207	0.001124
1.49511	0.10819000000000001	0.669999	0.326513	0.66506	AUT	neutron	pi+	0.0	0.002415	0.070207	0.00115
1.6597790000000001	0.130424	0.618078	0.326858	0.662568	AUT	neutron	pi+	0.0	0.003149	0.070207	0.001188
1.761622	0.174726	0.49541199999999996	0.32879899999999995	0.650099	AUT	neutron	pi+	0.0	0.011076	0.070207	0.001267
1.219948	0.09929	0.5967439999999999	0.37249899999999997	0.159026	AUT	neutron	pi+	0.0	0.002664	0.070207	0.00114
1.41248	0.121249	0.5646140000000001	0.373112	0.145797	AUT	neutron	pi+	0.0	0.002283	0.070207	0.0011769999999999999
1.5189549999999998	0.135727	0.542338	0.37332600000000005	0.13888399999999998	AUT	neutron	pi+	0.0	0.002311	0.070207	0.0012029999999999999
1.587848	0.148347	0.518713	0.37354299999999996	0.132628	AUT	neutron	pi+	0.0	0.002379	0.070207	0.0012259999999999999
1.6390939999999998	0.16111199999999998	0.49303800000000003	0.373676	0.12683699999999998	AUT	neutron	pi+	0.0	0.002477	0.070207	0.00125
1.685599	0.174931	0.466995	0.373814	0.12181700000000001	AUT	neutron	pi+	0.0	0.0026420000000000003	0.070207	0.001276
1.7256220000000002	0.19098900000000002	0.437958	0.373922	0.117032	AUT	neutron	pi+	0.0	0.002793	0.070207	0.001307
1.763653	0.21274899999999997	0.40203099999999997	0.37391399999999997	0.114104	AUT	neutron	pi+	0.0	0.002866	0.070207	0.001348
1.829	0.24908200000000003	0.356815	0.375907	0.123449	AUT	neutron	pi+	0.0	0.002956	0.070207	0.001415
1.0853030000000001	0.069746	0.755706	0.371908	0.338988	AUT	neutron	pi+	0.0	0.002516	0.070207	0.001094
1.13752	0.078907	0.6986439999999999	0.372613	0.322644	AUT	neutron	pi+	0.0	0.002173	0.070207	0.001109
1.174121	0.084641	0.672089	0.372935	0.317892	AUT	neutron	pi+	0.0	0.002205	0.070207	0.001117
1.2225979999999999	0.08962	0.660937	0.373082	0.315294	AUT	neutron	pi+	0.0	0.002136	0.070207	0.001125
1.270807	0.094513	0.6514220000000001	0.373187	0.31299899999999997	AUT	neutron	pi+	0.0	0.0021420000000000002	0.070207	0.0011330000000000001
1.315986	0.099208	0.642652	0.373269	0.311028	AUT	neutron	pi+	0.0	0.0021739999999999997	0.070207	0.00114
1.360386	0.10380299999999999	0.6349239999999999	0.37330399999999997	0.30888699999999997	AUT	neutron	pi+	0.0	0.002194	0.070207	0.0011480000000000001
1.4033309999999999	0.108346	0.627499	0.373448	0.30696100000000004	AUT	neutron	pi+	0.0	0.0022530000000000002	0.070207	0.001155
1.4450450000000001	0.112942	0.619854	0.373508	0.305168	AUT	neutron	pi+	0.0	0.002242	0.070207	0.001163
1.489035	0.11764300000000001	0.613201	0.373577	0.303676	AUT	neutron	pi+	0.0	0.002313	0.070207	0.0011710000000000002
1.530718	0.122386	0.6059399999999999	0.373623	0.302003	AUT	neutron	pi+	0.0	0.002362	0.070207	0.001179
1.570426	0.127282	0.597757	0.373733	0.30044699999999996	AUT	neutron	pi+	0.0	0.002427	0.070207	0.001188
1.599705	0.132461	0.585109	0.37377	0.298538	AUT	neutron	pi+	0.0	0.002509	0.070207	0.001198
1.627697	0.138093	0.571072	0.373898	0.296483	AUT	neutron	pi+	0.0	0.002675	0.070207	0.001208
1.6541279999999998	0.144459	0.5547890000000001	0.373992	0.294498	AUT	neutron	pi+	0.0	0.002865	0.070207	0.00122
1.6784569999999999	0.151916	0.535349	0.37411700000000003	0.292063	AUT	neutron	pi+	0.0	0.003334	0.070207	0.001233
1.697758	0.161017	0.510941	0.37418	0.289964	AUT	neutron	pi+	0.0	0.004301	0.070207	0.001251
1.716129	0.173034	0.48070799999999997	0.37414200000000003	0.289404	AUT	neutron	pi+	0.0	0.006795000000000001	0.070207	0.001273
1.734276	0.19000999999999998	0.44254899999999997	0.374143	0.290939	AUT	neutron	pi+	0.0	0.01048	0.070207	0.0013050000000000002
1.767732	0.216889	0.395563	0.374229	0.291697	AUT	neutron	pi+	0.0	0.007523	0.070207	0.001356
1.8430689999999998	0.25749	0.347619	0.377463	0.29081799999999997	AUT	neutron	pi+	0.0	0.008322	0.070207	0.001431
1.064449	0.06345	0.813869	0.372839	0.503167	AUT	neutron	pi+	0.0	0.0020469999999999998	0.070207	0.001085
1.115917	0.070936	0.76234	0.373296	0.49905299999999997	AUT	neutron	pi+	0.0	0.002136	0.070207	0.0010960000000000002
1.154001	0.07609099999999999	0.734842	0.373529	0.495604	AUT	neutron	pi+	0.0	0.002226	0.070207	0.001104
1.1899899999999999	0.080774	0.713805	0.373741	0.49304499999999996	AUT	neutron	pi+	0.0	0.0022329999999999997	0.070207	0.001111
1.231503	0.085436	0.698347	0.373852	0.49157	AUT	neutron	pi+	0.0	0.0023	0.070207	0.001119
1.2834379999999999	0.090185	0.689469	0.37397199999999997	0.490655	AUT	neutron	pi+	0.0	0.002395	0.070207	0.001126
1.334315	0.095075	0.67993	0.37399899999999997	0.489932	AUT	neutron	pi+	0.0	0.0025039999999999997	0.070207	0.001134
1.388303	0.100218	0.671141	0.374037	0.489224	AUT	neutron	pi+	0.0	0.002612	0.070207	0.001142
1.444113	0.10576300000000001	0.661525	0.374102	0.48861000000000004	AUT	neutron	pi+	0.0	0.00271	0.070207	0.001151
1.500765	0.111748	0.650668	0.374123	0.48796300000000004	AUT	neutron	pi+	0.0	0.002868	0.070207	0.001161
1.560465	0.11824200000000001	0.639393	0.374168	0.487386	AUT	neutron	pi+	0.0	0.003037	0.070207	0.001173
1.617882	0.125458	0.624831	0.374208	0.48708500000000005	AUT	neutron	pi+	0.0	0.0032549999999999996	0.070207	0.001185
1.646316	0.134007	0.595384	0.374208	0.48643400000000003	AUT	neutron	pi+	0.0	0.003721	0.070207	0.001201
1.660348	0.145464	0.553315	0.374257	0.488033	AUT	neutron	pi+	0.0	0.004279	0.070207	0.001221
1.68185	0.162297	0.502604	0.374064	0.490087	AUT	neutron	pi+	0.0	0.003872	0.070207	0.001253
1.7219119999999999	0.18925999999999998	0.44178900000000004	0.37385999999999997	0.491576	AUT	neutron	pi+	0.0	0.003904	0.070207	0.0013039999999999998
1.799781	0.23761999999999997	0.369008	0.375317	0.493192	AUT	neutron	pi+	0.0	0.0068909999999999996	0.070207	0.001393
1.083632	0.064997	0.809247	0.37454899999999997	0.679172	AUT	neutron	pi+	0.0	0.002093	0.070207	0.0010869999999999999
1.182898	0.076669	0.748017	0.375119	0.6761020000000001	AUT	neutron	pi+	0.0	0.002118	0.070207	0.001105
1.278992	0.087551	0.708013	0.375152	0.67564	AUT	neutron	pi+	0.0	0.002159	0.070207	0.0011220000000000002
1.3946530000000001	0.099579	0.6788109999999999	0.375157	0.675851	AUT	neutron	pi+	0.0	0.002216	0.070207	0.001141
1.524516	0.114477	0.645609	0.37511300000000003	0.676672	AUT	neutron	pi+	0.0	0.00223	0.070207	0.001166
1.636082	0.134678	0.589832	0.375111	0.676413	AUT	neutron	pi+	0.0	0.002509	0.070207	0.001202
1.715705	0.17469200000000001	0.480179	0.375678	0.670791	AUT	neutron	pi+	0.0	0.005404	0.070207	0.001276
1.8253970000000002	0.23961	0.370317	0.377343	0.653508	AUT	neutron	pi+	0.0	0.056373	0.070207	0.001398
1.400498	0.098004	0.713888	0.378794	0.8583620000000001	AUT	neutron	pi+	0.0	0.0029809999999999997	0.070207	0.001139
1.280724	0.108091	0.575783	0.42276400000000003	0.154168	AUT	neutron	pi+	0.0	0.002525	0.070207	0.001159
1.497341	0.134675	0.538988	0.423292	0.138914	AUT	neutron	pi+	0.0	0.0023079999999999997	0.070207	0.001207
1.600293	0.153266	0.5061720000000001	0.423545	0.130754	AUT	neutron	pi+	0.0	0.002402	0.070207	0.001242
1.6676360000000001	0.171399	0.47166099999999994	0.4237	0.124554	AUT	neutron	pi+	0.0	0.00257	0.070207	0.001277
1.7258810000000002	0.192356	0.43508800000000003	0.423893	0.119493	AUT	neutron	pi+	0.0	0.002702	0.070207	0.001318
1.778806	0.224063	0.385579	0.42382600000000004	0.11962	AUT	neutron	pi+	0.0	0.002723	0.070207	0.001379
1.840064	0.268303	0.332791	0.42344	0.135615	AUT	neutron	pi+	0.0	0.005657	0.070207	0.0014609999999999998
1.1032469999999999	0.076084	0.704467	0.421666	0.332276	AUT	neutron	pi+	0.0	0.00242	0.070207	0.0011070000000000001
1.180498	0.087163	0.6562520000000001	0.422675	0.319522	AUT	neutron	pi+	0.0	0.002226	0.070207	0.001125
1.257711	0.095013	0.641367	0.42292799999999997	0.315984	AUT	neutron	pi+	0.0	0.0021780000000000002	0.070207	0.001137
1.328018	0.102327	0.6288	0.42316099999999995	0.313213	AUT	neutron	pi+	0.0	0.002154	0.070207	0.001149
1.392405	0.109306	0.617182	0.42331899999999995	0.310379	AUT	neutron	pi+	0.0	0.002208	0.070207	0.001161
1.454018	0.116098	0.606773	0.42346300000000003	0.30764600000000003	AUT	neutron	pi+	0.0	0.002234	0.070207	0.001173
1.514604	0.122885	0.597146	0.42358599999999996	0.305085	AUT	neutron	pi+	0.0	0.002299	0.070207	0.001186
1.565274	0.12977	0.584411	0.42366899999999996	0.302496	AUT	neutron	pi+	0.0	0.0023829999999999997	0.070207	0.001198
1.603705	0.13702899999999998	0.567052	0.423809	0.299646	AUT	neutron	pi+	0.0	0.002519	0.070207	0.001212
1.642496	0.145173	0.548211	0.423911	0.297317	AUT	neutron	pi+	0.0	0.002716	0.070207	0.001227
1.6773169999999997	0.154874	0.524825	0.42402799999999996	0.294064	AUT	neutron	pi+	0.0	0.003143	0.070207	0.0012460000000000001
1.706977	0.167485	0.49400299999999997	0.424113	0.290815	AUT	neutron	pi+	0.0	0.004307	0.070207	0.0012699999999999999
1.731267	0.185936	0.45158400000000004	0.42413100000000004	0.290744	AUT	neutron	pi+	0.0	0.008437	0.070207	0.001306
1.7685060000000001	0.218178	0.393837	0.424159	0.29170999999999997	AUT	neutron	pi+	0.0	0.006546	0.070207	0.001368
1.832629	0.266381	0.334055	0.42428	0.288134	AUT	neutron	pi+	0.0	0.006749	0.070207	0.001458
1.079979	0.06905499999999999	0.7590140000000001	0.41976	0.502263	AUT	neutron	pi+	0.0	0.002121	0.070207	0.0010960000000000002
1.1452959999999999	0.07813400000000001	0.710357	0.42234399999999994	0.49786199999999997	AUT	neutron	pi+	0.0	0.002176	0.070207	0.0011099999999999999
1.201542	0.08491	0.685632	0.42297299999999993	0.494418	AUT	neutron	pi+	0.0	0.002199	0.070207	0.001121
1.2700129999999998	0.091191	0.674746	0.423285	0.49268500000000004	AUT	neutron	pi+	0.0	0.0024	0.070207	0.001131
1.338198	0.097419	0.665518	0.42361099999999996	0.49145500000000003	AUT	neutron	pi+	0.0	0.002432	0.070207	0.001141
1.4099389999999998	0.10411	0.65613	0.42380500000000004	0.490623	AUT	neutron	pi+	0.0	0.002576	0.070207	0.001153
1.482688	0.11128699999999998	0.645504	0.42398500000000006	0.48981099999999994	AUT	neutron	pi+	0.0	0.002726	0.070207	0.001165
1.55978	0.119281	0.633572	0.42415	0.48891899999999994	AUT	neutron	pi+	0.0	0.002884	0.070207	0.00118
1.628961	0.128236	0.615563	0.424238	0.487991	AUT	neutron	pi+	0.0	0.003246	0.070207	0.001196
1.660039	0.139104	0.578464	0.42438400000000004	0.48627299999999996	AUT	neutron	pi+	0.0	0.004482	0.070207	0.001216
1.6803689999999998	0.155349	0.5247390000000001	0.424309	0.48757399999999995	AUT	neutron	pi+	0.0	0.006781000000000001	0.070207	0.001247
1.72033	0.184611	0.452946	0.42422600000000005	0.489306	AUT	neutron	pi+	0.0	0.005579	0.070207	0.001303
1.7958029999999998	0.24103899999999998	0.363671	0.42413500000000004	0.489754	AUT	neutron	pi+	0.0	0.008118	0.070207	0.0014089999999999999
1.1017549999999998	0.070583	0.75784	0.420525	0.685086	AUT	neutron	pi+	0.0	0.002248	0.070207	0.001098
1.22222	0.083989	0.705404	0.42316099999999995	0.6829310000000001	AUT	neutron	pi+	0.0	0.002321	0.070207	0.00112
1.357022	0.097011	0.677986	0.423893	0.683003	AUT	neutron	pi+	0.0	0.002418	0.070207	0.001141
1.5000069999999999	0.112319	0.647417	0.42436599999999997	0.683353	AUT	neutron	pi+	0.0	0.002461	0.070207	0.001167
1.618147	0.132355	0.593612	0.424441	0.684729	AUT	neutron	pi+	0.0	0.002487	0.070207	0.001204
1.690723	0.171286	0.482339	0.424403	0.6851619999999999	AUT	neutron	pi+	0.0	0.0033130000000000004	0.070207	0.001277
1.8000470000000002	0.232837	0.375908	0.42392399999999997	0.671977	AUT	neutron	pi+	0.0	0.021953999999999998	0.070207	0.001395
1.340775	0.09450700000000001	0.695435	0.42478999999999995	0.867714	AUT	neutron	pi+	0.0	0.00227	0.070207	0.001137
1.7284599999999999	0.157525	0.5399729999999999	0.42755699999999996	0.8587610000000001	AUT	neutron	pi+	0.0	0.010554000000000001	0.070207	0.001251
1.3465200000000002	0.11766700000000001	0.556511	0.47307299999999997	0.148424	AUT	neutron	pi+	0.0	0.002398	0.070207	0.00118
1.5747799999999998	0.149866	0.509741	0.473558	0.131995	AUT	neutron	pi+	0.0	0.002369	0.070207	0.001242
1.675315	0.17566500000000002	0.462613	0.473779	0.124743	AUT	neutron	pi+	0.0	0.002538	0.070207	0.0012929999999999999
1.7544119999999999	0.207864	0.409946	0.473836	0.121	AUT	neutron	pi+	0.0	0.0026969999999999997	0.070207	0.001356
1.822275	0.25507199999999997	0.347298	0.473562	0.131795	AUT	neutron	pi+	0.0	0.004253	0.070207	0.0014470000000000002
1.1132879999999998	0.083083	0.6506770000000001	0.471571	0.32258000000000003	AUT	neutron	pi+	0.0	0.002373	0.070207	0.001121
1.244657	0.097662	0.6176159999999999	0.47254700000000005	0.314637	AUT	neutron	pi+	0.0	0.0022199999999999998	0.070207	0.001145
1.351673	0.10918399999999999	0.59987	0.47281000000000006	0.311301	AUT	neutron	pi+	0.0	0.002207	0.070207	0.001165
1.4473790000000002	0.11963199999999999	0.586205	0.47301000000000004	0.307987	AUT	neutron	pi+	0.0	0.002283	0.070207	0.001184
1.5336239999999999	0.129597	0.573381	0.47324499999999997	0.304784	AUT	neutron	pi+	0.0	0.002343	0.070207	0.0012029999999999999
1.601386	0.139879	0.554757	0.473754	0.30131399999999997	AUT	neutron	pi+	0.0	0.00248	0.070207	0.0012230000000000001
1.654524	0.15163800000000002	0.5288	0.473944	0.297628	AUT	neutron	pi+	0.0	0.002771	0.070207	0.0012460000000000001
1.701127	0.16672599999999999	0.49464600000000003	0.474087	0.293147	AUT	neutron	pi+	0.0	0.0036609999999999998	0.070207	0.001276
1.736811	0.1902	0.44323900000000005	0.47417	0.291215	AUT	neutron	pi+	0.0	0.007194	0.070207	0.001322
1.790024	0.23851999999999998	0.365912	0.47421199999999997	0.290024	AUT	neutron	pi+	0.0	0.003979	0.070207	0.001415
1.909516	0.292218	0.31661500000000004	0.47407299999999997	0.288553	AUT	neutron	pi+	0.0	0.019641	0.070207	0.001518
1.09067	0.078536	0.674096	0.47063	0.49958800000000003	AUT	neutron	pi+	0.0	0.002184	0.070207	0.001114
1.201498	0.090873	0.640664	0.47251400000000005	0.49432600000000004	AUT	neutron	pi+	0.0	0.0022600000000000003	0.070207	0.001134
1.31761	0.101569	0.6285470000000001	0.47282799999999997	0.49187200000000003	AUT	neutron	pi+	0.0	0.002431	0.070207	0.001152
1.435869	0.11262899999999999	0.617695	0.473004	0.49035200000000007	AUT	neutron	pi+	0.0	0.002617	0.070207	0.001172
1.556431	0.12440599999999999	0.6062	0.47320500000000004	0.48965699999999995	AUT	neutron	pi+	0.0	0.002982	0.070207	0.001194
1.647584	0.137194	0.582114	0.474083	0.48815600000000003	AUT	neutron	pi+	0.0	0.0036479999999999998	0.070207	0.001218
1.6849900000000002	0.155625	0.525504	0.474394	0.487295	AUT	neutron	pi+	0.0	0.007072	0.070207	0.001254
1.735118	0.194401	0.43526000000000004	0.474282	0.489472	AUT	neutron	pi+	0.0	0.0066760000000000005	0.070207	0.0013289999999999999
1.8205619999999998	0.256621	0.344859	0.473815	0.485622	AUT	neutron	pi+	0.0	0.015705	0.070207	0.00145
1.136908	0.08241	0.6701189999999999	0.47125200000000006	0.684901	AUT	neutron	pi+	0.0	0.002705	0.070207	0.00112
1.363799	0.104728	0.631426	0.47271499999999994	0.684982	AUT	neutron	pi+	0.0	0.00315	0.070207	0.001158
1.585709	0.13056500000000001	0.5897020000000001	0.473599	0.686362	AUT	neutron	pi+	0.0	0.003261	0.070207	0.0012050000000000001
1.7051470000000002	0.180484	0.464645	0.474137	0.688211	AUT	neutron	pi+	0.0	0.003268	0.070207	0.001301
1.8807580000000002	0.255143	0.357338	0.471765	0.6496609999999999	AUT	neutron	pi+	0.0	0.06468600000000001	0.070207	0.001448
1.3838469999999998	0.108274	0.626419	0.47385	0.874452	AUT	neutron	pi+	0.0	0.002337	0.070207	0.001164
1.734566	0.17413399999999998	0.48635	0.47558999999999996	0.866309	AUT	neutron	pi+	0.0	0.012514	0.070207	0.0012900000000000001
1.412156	0.128305	0.535879	0.523083	0.142037	AUT	neutron	pi+	0.0	0.002332	0.070207	0.0012050000000000001
1.644698	0.168507	0.473945	0.523716	0.12753499999999998	AUT	neutron	pi+	0.0	0.00249	0.070207	0.001286
1.7580930000000001	0.21161300000000002	0.404565	0.523782	0.12369200000000001	AUT	neutron	pi+	0.0	0.0026780000000000003	0.070207	0.001372
1.8426639999999999	0.268302	0.333237	0.5234800000000001	0.13986800000000002	AUT	neutron	pi+	0.0	0.00884	0.070207	0.001484
1.165085	0.094109	0.601108	0.521435	0.314753	AUT	neutron	pi+	0.0	0.002194	0.070207	0.001142
1.35604	0.115798	0.567615	0.5226069999999999	0.30948600000000004	AUT	neutron	pi+	0.0	0.002232	0.070207	0.001181
1.4969729999999999	0.132322	0.548204	0.5229729999999999	0.304859	AUT	neutron	pi+	0.0	0.0024129999999999998	0.070207	0.001213
1.618969	0.14793399999999998	0.530421	0.523546	0.300595	AUT	neutron	pi+	0.0	0.002575	0.070207	0.001245
1.693544	0.16665	0.49283699999999997	0.52403	0.295169	AUT	neutron	pi+	0.0	0.0033090000000000003	0.070207	0.001283
1.7442330000000001	0.197438	0.42949	0.524209	0.291609	AUT	neutron	pi+	0.0	0.005928	0.070207	0.0013449999999999998
1.8115240000000001	0.252741	0.34897	0.524191	0.290154	AUT	neutron	pi+	0.0	0.004233	0.070207	0.0014529999999999999
1.132863	0.08968999999999999	0.612905	0.521096	0.496644	AUT	neutron	pi+	0.0	0.002227	0.070207	0.001135
1.324034	0.10936400000000002	0.586763	0.52265	0.49085100000000004	AUT	neutron	pi+	0.0	0.002601	0.070207	0.00117
1.505818	0.128219	0.569176	0.522928	0.48887299999999995	AUT	neutron	pi+	0.0	0.0032229999999999997	0.070207	0.001206
1.663825	0.149463	0.5401	0.523799	0.48806700000000003	AUT	neutron	pi+	0.0	0.0047799999999999995	0.070207	0.001248
1.728019	0.18877	0.446903	0.524266	0.48971800000000004	AUT	neutron	pi+	0.0	0.008355	0.070207	0.001327
1.818269	0.251336	0.351525	0.523419	0.481365	AUT	neutron	pi+	0.0	0.016315	0.070207	0.001451
1.228623	0.099	0.6035149999999999	0.521724	0.6845899999999999	AUT	neutron	pi+	0.0	0.0043939999999999995	0.070207	0.001151
1.592863	0.143625	0.5401819999999999	0.523655	0.6871970000000001	AUT	neutron	pi+	0.0	0.004828	0.070207	0.001236
1.7520509999999998	0.200489	0.42618599999999995	0.523796	0.68266	AUT	neutron	pi+	0.0	0.007871	0.070207	0.00135
1.4169	0.12141700000000001	0.572496	0.523575	0.9117280000000001	AUT	neutron	pi+	0.0	0.002507	0.070207	0.001192
1.786325	0.18685	0.46423000000000003	0.523502	0.873188	AUT	neutron	pi+	0.0	0.016880000000000003	0.070207	0.001324
1.473008	0.141396	0.507972	0.5730069999999999	0.13496	AUT	neutron	pi+	0.0	0.002369	0.070207	0.0012369999999999998
1.7222369999999998	0.196157	0.427742	0.573763	0.12559	AUT	neutron	pi+	0.0	0.002627	0.070207	0.001351
1.8256430000000001	0.254949	0.348005	0.573565	0.134161	AUT	neutron	pi+	0.0	0.006185	0.070207	0.001471
1.248078	0.10943399999999999	0.554304	0.571341	0.31085799999999997	AUT	neutron	pi+	0.0	0.0022429999999999998	0.070207	0.001174
1.496433	0.139562	0.519763	0.572836	0.303677	AUT	neutron	pi+	0.0	0.0024879999999999998	0.070207	0.001234
1.6733919999999998	0.16514700000000002	0.49154200000000003	0.573669	0.297236	AUT	neutron	pi+	0.0	0.00305	0.070207	0.001288
1.7532330000000003	0.20679899999999998	0.413512	0.574158	0.29181599999999996	AUT	neutron	pi+	0.0	0.004220000000000001	0.070207	0.001373
1.8353549999999998	0.265766	0.335129	0.572924	0.288439	AUT	neutron	pi+	0.0	0.006963	0.070207	0.001492
1.226759	0.105778	0.563342	0.5711109999999999	0.49271000000000004	AUT	neutron	pi+	0.0	0.0025	0.070207	0.001168
1.53376	0.140569	0.5291859999999999	0.57284	0.488229	AUT	neutron	pi+	0.0	0.004326	0.070207	0.0012369999999999998
1.7262110000000002	0.187191	0.45142	0.5741539999999999	0.48985500000000004	AUT	neutron	pi+	0.0	0.008415	0.070207	0.001333
1.845329	0.250788	0.35691300000000004	0.5715819999999999	0.471872	AUT	neutron	pi+	0.0	0.023233	0.070207	0.001463
1.3859920000000001	0.124624	0.543034	0.572144	0.686791	AUT	neutron	pi+	0.0	0.007503	0.070207	0.001204
1.7375759999999998	0.18725899999999998	0.45268100000000006	0.573699	0.682347	AUT	neutron	pi+	0.0	0.008867	0.070207	0.001333
1.454444	0.132956	0.5360060000000001	0.572261	0.9161959999999999	AUT	neutron	pi+	0.0	0.0032229999999999997	0.070207	0.00122
1.5526659999999999	0.160884	0.471632	0.622939	0.129902	AUT	neutron	pi+	0.0	0.002477	0.070207	0.001286
1.785003	0.22539299999999998	0.38606799999999997	0.623328	0.127278	AUT	neutron	pi+	0.0	0.003999	0.070207	0.001424
1.3745610000000001	0.131435	0.508552	0.62159	0.30599499999999996	AUT	neutron	pi+	0.0	0.00244	0.070207	0.001224
1.6776779999999998	0.175689	0.464013	0.6235310000000001	0.295607	AUT	neutron	pi+	0.0	0.003467	0.070207	0.00132
1.789454	0.228832	0.380823	0.6229819999999999	0.289101	AUT	neutron	pi+	0.0	0.004247	0.070207	0.0014320000000000001
1.401712	0.133556	0.511009	0.62149	0.48930200000000007	AUT	neutron	pi+	0.0	0.003949	0.070207	0.0012289999999999998
1.7400209999999998	0.19412000000000001	0.43795100000000003	0.6232449999999999	0.48707	AUT	neutron	pi+	0.0	0.011176	0.070207	0.001359
1.501547	0.147348	0.498593	0.621713	0.734186	AUT	neutron	pi+	0.0	0.005785	0.070207	0.001257
1.906523	0.221345	0.41747	0.617934	0.647012	AUT	neutron	pi+	0.0	0.074549	0.070207	0.001418
1.451403	0.14920899999999998	0.472825	0.6716270000000001	0.24510700000000002	AUT	neutron	pi+	0.0	0.002587	0.070207	0.001271
1.718861	0.194864	0.42857700000000004	0.6732520000000001	0.220689	AUT	neutron	pi+	0.0	0.002983	0.070207	0.001374
1.8452400000000002	0.235614	0.379775	0.6696770000000001	0.20158399999999999	AUT	neutron	pi+	0.0	0.006174	0.070207	0.001462
1.527398	0.157827	0.471516	0.6709350000000001	0.543093	AUT	neutron	pi+	0.0	0.00893	0.070207	0.001289
1.8633419999999998	0.215435	0.419439	0.668728	0.47998999999999997	AUT	neutron	pi+	0.0	0.033296	0.070207	0.0014199999999999998
2.144578	0.158328	0.6578229999999999	0.322907	0.150308	AUT	neutron	pi+	0.0	0.0032530000000000002	0.070207	0.00124
2.2260400000000002	0.17846700000000001	0.604478	0.323234	0.13730499999999998	AUT	neutron	pi+	0.0	0.0032119999999999996	0.070207	0.001277
2.274986	0.1908	0.577728	0.323472	0.132159	AUT	neutron	pi+	0.0	0.003333	0.070207	0.0013
2.319137	0.201017	0.558979	0.323601	0.12836	AUT	neutron	pi+	0.0	0.00344	0.070207	0.0013189999999999999
2.358489	0.210439	0.5429970000000001	0.323679	0.125006	AUT	neutron	pi+	0.0	0.003536	0.070207	0.0013369999999999999
2.399747	0.219506	0.529669	0.3237	0.122047	AUT	neutron	pi+	0.0	0.003667	0.070207	0.001353
2.432677	0.228487	0.515837	0.32384	0.119645	AUT	neutron	pi+	0.0	0.003768	0.070207	0.00137
2.456397	0.237564	0.500967	0.323834	0.1177	AUT	neutron	pi+	0.0	0.0039020000000000005	0.070207	0.0013859999999999999
2.470542	0.24716100000000002	0.4843	0.32393	0.11595699999999999	AUT	neutron	pi+	0.0	0.003936	0.070207	0.001403
2.491206	0.25793	0.467962	0.324367	0.114923	AUT	neutron	pi+	0.0	0.003987	0.070207	0.001422
2.5219970000000003	0.27065900000000004	0.45148	0.32498299999999997	0.114729	AUT	neutron	pi+	0.0	0.003975	0.070207	0.0014449999999999999
2.576796	0.287231	0.43470299999999995	0.32556	0.116154	AUT	neutron	pi+	0.0	0.0038740000000000003	0.070207	0.001474
2.684535	0.31424	0.414142	0.326299	0.121772	AUT	neutron	pi+	0.0	0.0038590000000000005	0.070207	0.001521
2.824395	0.35504600000000003	0.38574	0.32994	0.134603	AUT	neutron	pi+	0.0	0.009565	0.070207	0.0015949999999999998
2.078132	0.140807	0.7156140000000001	0.323114	0.30890500000000004	AUT	neutron	pi+	0.0	0.003045	0.070207	0.001208
2.1410270000000002	0.153014	0.677996	0.323596	0.303796	AUT	neutron	pi+	0.0	0.0031320000000000002	0.070207	0.00123
2.1871400000000003	0.16171	0.655307	0.323739	0.298976	AUT	neutron	pi+	0.0	0.003312	0.070207	0.0012460000000000001
2.227564	0.16943	0.636985	0.323942	0.295296	AUT	neutron	pi+	0.0	0.003568	0.070207	0.001261
2.266972	0.176756	0.621378	0.324044	0.292327	AUT	neutron	pi+	0.0	0.003839	0.070207	0.001275
2.305941	0.183948	0.60734	0.324104	0.29067800000000005	AUT	neutron	pi+	0.0	0.004289	0.070207	0.001288
2.3453619999999997	0.19123800000000002	0.594178	0.324191	0.289645	AUT	neutron	pi+	0.0	0.0047420000000000006	0.070207	0.001302
2.383049	0.198675	0.581122	0.324241	0.288821	AUT	neutron	pi+	0.0	0.005594	0.070207	0.001315
2.418613	0.20636100000000002	0.5678340000000001	0.32421300000000003	0.288558	AUT	neutron	pi+	0.0	0.00636	0.070207	0.00133
2.4537720000000003	0.214456	0.554341	0.324194	0.288558	AUT	neutron	pi+	0.0	0.007555	0.070207	0.0013449999999999998
2.483898	0.223086	0.539459	0.32419899999999996	0.28863099999999997	AUT	neutron	pi+	0.0	0.008761	0.070207	0.0013599999999999999
2.497394	0.23268899999999998	0.520026	0.324196	0.289098	AUT	neutron	pi+	0.0	0.010787999999999999	0.070207	0.0013779999999999999
2.493331	0.243631	0.49589300000000003	0.324279	0.289724	AUT	neutron	pi+	0.0	0.012514	0.070207	0.001397
2.494239	0.25643699999999997	0.47130200000000005	0.32454	0.290431	AUT	neutron	pi+	0.0	0.011921	0.070207	0.0014199999999999998
2.521255	0.272658	0.448104	0.325438	0.290867	AUT	neutron	pi+	0.0	0.01011	0.070207	0.001448
2.596438	0.295311	0.42610699999999996	0.326282	0.290362	AUT	neutron	pi+	0.0	0.009576000000000001	0.070207	0.0014880000000000002
2.749577	0.336177	0.397012	0.328868	0.288842	AUT	neutron	pi+	0.0	0.00978	0.070207	0.00156
2.097961	0.143343	0.710011	0.324395	0.48306899999999997	AUT	neutron	pi+	0.0	0.004435000000000001	0.070207	0.001213
2.1965169999999996	0.16158	0.6588970000000001	0.32426900000000003	0.485622	AUT	neutron	pi+	0.0	0.0060810000000000005	0.070207	0.0012460000000000001
2.27182	0.177362	0.620789	0.32408400000000004	0.48750200000000005	AUT	neutron	pi+	0.0	0.005684000000000001	0.070207	0.001276
2.340357	0.192949	0.587813	0.324004	0.488612	AUT	neutron	pi+	0.0	0.0051719999999999995	0.070207	0.0013050000000000002
2.404029	0.20900700000000003	0.557425	0.323901	0.48913100000000004	AUT	neutron	pi+	0.0	0.0048270000000000006	0.070207	0.001334
2.455754	0.22633699999999998	0.525875	0.323871	0.489951	AUT	neutron	pi+	0.0	0.004763	0.070207	0.001366
2.467495	0.246523	0.485228	0.323934	0.490788	AUT	neutron	pi+	0.0	0.0051600000000000005	0.070207	0.001402
2.511288	0.273894	0.44458000000000003	0.32517399999999996	0.49165200000000003	AUT	neutron	pi+	0.0	0.006723999999999999	0.070207	0.00145
2.689753	0.32139	0.406512	0.32758000000000004	0.491741	AUT	neutron	pi+	0.0	0.012431000000000001	0.070207	0.001533
2.189985	0.160887	0.6628310000000001	0.32558400000000004	0.671524	AUT	neutron	pi+	0.0	0.0037229999999999997	0.070207	0.001245
2.414599	0.20650700000000002	0.56789	0.326002	0.6676300000000001	AUT	neutron	pi+	0.0	0.007079	0.070207	0.00133
2.5856169999999996	0.271255	0.466222	0.327662	0.658191	AUT	neutron	pi+	0.0	0.019157	0.070207	0.0014449999999999999
2.168246	0.16553299999999999	0.636495	0.373006	0.146539	AUT	neutron	pi+	0.0	0.003242	0.070207	0.0012619999999999999
2.260726	0.188999	0.5797399999999999	0.37339	0.132805	AUT	neutron	pi+	0.0	0.003311	0.070207	0.001307
2.319339	0.20378800000000002	0.5514859999999999	0.37352399999999997	0.12801400000000002	AUT	neutron	pi+	0.0	0.0034729999999999995	0.070207	0.001335
2.3745	0.21654099999999998	0.531312	0.373672	0.12442	AUT	neutron	pi+	0.0	0.003564	0.070207	0.0013599999999999999
2.421453	0.228775	0.512843	0.373752	0.121859	AUT	neutron	pi+	0.0	0.003677	0.070207	0.001382
2.454278	0.241162	0.493112	0.373797	0.119925	AUT	neutron	pi+	0.0	0.0037689999999999998	0.070207	0.001405
2.474123	0.254474	0.471106	0.373825	0.118548	AUT	neutron	pi+	0.0	0.003843	0.070207	0.001429
2.489918	0.270052	0.44681400000000004	0.373812	0.11901700000000001	AUT	neutron	pi+	0.0	0.003783	0.070207	0.001457
2.502698	0.28952100000000003	0.41895	0.37383299999999997	0.122499	AUT	neutron	pi+	0.0	0.003766	0.070207	0.001492
2.570862	0.318418	0.391414	0.374167	0.130823	AUT	neutron	pi+	0.0	0.004118	0.070207	0.0015429999999999999
2.7538169999999997	0.36039499999999997	0.370343	0.373363	0.142548	AUT	neutron	pi+	0.0	0.012361	0.070207	0.001621
2.094778	0.144533	0.703045	0.373078	0.310743	AUT	neutron	pi+	0.0	0.003068	0.070207	0.0012230000000000001
2.168031	0.159386	0.659148	0.37341399999999997	0.305689	AUT	neutron	pi+	0.0	0.003206	0.070207	0.001251
2.221038	0.169981	0.6331100000000001	0.37367	0.300818	AUT	neutron	pi+	0.0	0.0033280000000000002	0.070207	0.001271
2.272462	0.179572	0.613146	0.373856	0.296648	AUT	neutron	pi+	0.0	0.0035840000000000004	0.070207	0.0012900000000000001
2.32075	0.188648	0.5960310000000001	0.373975	0.293615	AUT	neutron	pi+	0.0	0.004001	0.070207	0.001307
2.3700639999999997	0.197762	0.5806439999999999	0.37406799999999996	0.291917	AUT	neutron	pi+	0.0	0.004481000000000001	0.070207	0.001325
2.417822	0.20734699999999998	0.56497	0.374162	0.290763	AUT	neutron	pi+	0.0	0.005281	0.070207	0.001343
2.466351	0.217611	0.549132	0.374141	0.290149	AUT	neutron	pi+	0.0	0.0061649999999999995	0.070207	0.001362
2.495447	0.228909	0.5282279999999999	0.374206	0.28947399999999995	AUT	neutron	pi+	0.0	0.007842	0.070207	0.0013830000000000001
2.4985939999999998	0.24175100000000002	0.500851	0.374202	0.289706	AUT	neutron	pi+	0.0	0.010508	0.070207	0.001407
2.485816	0.257404	0.46803500000000003	0.374134	0.290534	AUT	neutron	pi+	0.0	0.010859	0.070207	0.0014349999999999999
2.474925	0.277042	0.433014	0.374185	0.29044899999999996	AUT	neutron	pi+	0.0	0.008251999999999999	0.070207	0.00147
2.4848369999999997	0.301321	0.399726	0.374792	0.288997	AUT	neutron	pi+	0.0	0.006915999999999999	0.070207	0.001513
2.6221330000000003	0.338134	0.375949	0.374996	0.286605	AUT	neutron	pi+	0.0	0.007076000000000001	0.070207	0.0015789999999999999
2.869264	0.383173	0.362792	0.37445900000000004	0.285625	AUT	neutron	pi+	0.0	0.027726	0.070207	0.001667
2.103463	0.144499	0.706249	0.374288	0.484712	AUT	neutron	pi+	0.0	0.0038929999999999998	0.070207	0.0012230000000000001
2.212703	0.16409400000000002	0.653648	0.374471	0.483084	AUT	neutron	pi+	0.0	0.006998999999999999	0.070207	0.00126
2.300679	0.182099	0.6123970000000001	0.374408	0.484892	AUT	neutron	pi+	0.0	0.010304	0.070207	0.001295
2.38187	0.201146	0.573972	0.374289	0.486346	AUT	neutron	pi+	0.0	0.009842	0.070207	0.0013310000000000002
2.456051	0.222216	0.5357970000000001	0.37426	0.48722	AUT	neutron	pi+	0.0	0.008133	0.070207	0.001371
2.474409	0.24732600000000002	0.48523	0.374108	0.488336	AUT	neutron	pi+	0.0	0.0071129999999999995	0.070207	0.001416
2.46887	0.282371	0.424367	0.37419600000000003	0.489163	AUT	neutron	pi+	0.0	0.007964	0.070207	0.0014789999999999998
2.606452	0.333995	0.37861300000000003	0.374739	0.48863599999999996	AUT	neutron	pi+	0.0	0.015805	0.070207	0.001572
2.190302	0.162045	0.658532	0.374445	0.682398	AUT	neutron	pi+	0.0	0.0033079999999999997	0.070207	0.001256
2.3939060000000003	0.208763	0.557087	0.37445	0.682738	AUT	neutron	pi+	0.0	0.004507	0.070207	0.0013449999999999998
2.492797	0.268042	0.45354300000000003	0.374666	0.6767449999999999	AUT	neutron	pi+	0.0	0.009891	0.070207	0.0014529999999999999
2.739925	0.338717	0.392135	0.373322	0.6549159999999999	AUT	neutron	pi+	0.0	0.074642	0.070207	0.0015810000000000002
2.396464	0.197598	0.601428	0.37845	0.857667	AUT	neutron	pi+	0.0	0.014985	0.070207	0.00132
2.193523	0.173716	0.613941	0.423121	0.141716	AUT	neutron	pi+	0.0	0.003235	0.070207	0.001286
2.298693	0.20081400000000002	0.554851	0.423554	0.129153	AUT	neutron	pi+	0.0	0.003411	0.070207	0.0013390000000000001
2.371824	0.21894499999999997	0.524967	0.423666	0.125183	AUT	neutron	pi+	0.0	0.0035409999999999994	0.070207	0.001374
2.431864	0.23558800000000002	0.5002270000000001	0.423724	0.122741	AUT	neutron	pi+	0.0	0.003667	0.070207	0.0014060000000000001
2.469331	0.253239	0.47256899999999996	0.42376800000000003	0.121701	AUT	neutron	pi+	0.0	0.0037070000000000002	0.070207	0.001439
2.4977240000000003	0.274584	0.440933	0.42371899999999996	0.122529	AUT	neutron	pi+	0.0	0.003771	0.070207	0.001478
2.529527	0.30539299999999997	0.40171799999999996	0.42348199999999997	0.129584	AUT	neutron	pi+	0.0	0.003907	0.070207	0.001534
2.70165	0.349645	0.374596	0.423195	0.142629	AUT	neutron	pi+	0.0	0.010186	0.070207	0.0016170000000000002
2.115612	0.149097	0.6886869999999999	0.42330100000000004	0.311404	AUT	neutron	pi+	0.0	0.003118	0.070207	0.001239
2.201167	0.167519	0.636808	0.423496	0.30576	AUT	neutron	pi+	0.0	0.0032409999999999995	0.070207	0.001275
2.266802	0.180642	0.608056	0.423674	0.300452	AUT	neutron	pi+	0.0	0.0034630000000000004	0.070207	0.0013
2.328114	0.19245	0.586147	0.42387299999999994	0.296268	AUT	neutron	pi+	0.0	0.003853	0.070207	0.001324
2.391426	0.204048	0.567862	0.423993	0.293695	AUT	neutron	pi+	0.0	0.004417	0.070207	0.0013460000000000002
2.4527240000000003	0.21638600000000002	0.549218	0.42403100000000005	0.292344	AUT	neutron	pi+	0.0	0.005183	0.070207	0.00137
2.494519	0.230278	0.524947	0.424108	0.290773	AUT	neutron	pi+	0.0	0.006601999999999999	0.070207	0.001397
2.496002	0.2467	0.490388	0.424095	0.290113	AUT	neutron	pi+	0.0	0.009016	0.070207	0.0014269999999999999
2.478891	0.267557	0.44915900000000003	0.424183	0.290096	AUT	neutron	pi+	0.0	0.007838	0.070207	0.001465
2.4657880000000003	0.29440900000000003	0.406105	0.424237	0.288594	AUT	neutron	pi+	0.0	0.0054659999999999995	0.070207	0.0015140000000000002
2.57704	0.33258699999999997	0.37561700000000003	0.424175	0.287465	AUT	neutron	pi+	0.0	0.0058390000000000004	0.070207	0.001584
2.847081	0.379521	0.363458	0.424005	0.288759	AUT	neutron	pi+	0.0	0.023719	0.070207	0.0016769999999999999
2.116914	0.147341	0.697298	0.42413900000000004	0.489519	AUT	neutron	pi+	0.0	0.003435	0.070207	0.001236
2.242388	0.16963	0.640878	0.42440900000000004	0.48416000000000003	AUT	neutron	pi+	0.0	0.005553	0.070207	0.001279
2.3434220000000003	0.190831	0.595337	0.42437299999999994	0.48530200000000007	AUT	neutron	pi+	0.0	0.010445	0.070207	0.0013210000000000001
2.4357900000000003	0.21390900000000002	0.5520550000000001	0.42431599999999997	0.48681800000000003	AUT	neutron	pi+	0.0	0.013040000000000001	0.070207	0.0013650000000000001
2.479055	0.24187399999999998	0.49728	0.42427700000000007	0.487993	AUT	neutron	pi+	0.0	0.009729	0.070207	0.001418
2.472756	0.28343	0.423867	0.424252	0.488188	AUT	neutron	pi+	0.0	0.008806999999999999	0.070207	0.0014939999999999999
2.6167860000000003	0.33808499999999997	0.375324	0.424019	0.485483	AUT	neutron	pi+	0.0	0.019881	0.070207	0.0015949999999999998
2.202915	0.164581	0.652879	0.424388	0.684987	AUT	neutron	pi+	0.0	0.004847	0.070207	0.001268
2.4161490000000003	0.219744	0.535145	0.424175	0.68726	AUT	neutron	pi+	0.0	0.004487	0.070207	0.001375
2.531803	0.28486300000000003	0.432458	0.423738	0.6793140000000001	AUT	neutron	pi+	0.0	0.011484000000000001	0.070207	0.0014960000000000002
2.378188	0.20094800000000002	0.587206	0.426266	0.880102	AUT	neutron	pi+	0.0	0.00685	0.070207	0.001336
2.2189650000000003	0.181818	0.5936939999999999	0.47326999999999997	0.137536	AUT	neutron	pi+	0.0	0.0032979999999999997	0.070207	0.00131
2.3403009999999997	0.213441	0.531547	0.473592	0.127299	AUT	neutron	pi+	0.0	0.0035	0.070207	0.001373
2.424445	0.23644	0.497015	0.473688	0.124649	AUT	neutron	pi+	0.0	0.003668	0.070207	0.001418
2.48085	0.260812	0.461146	0.473707	0.12379000000000001	AUT	neutron	pi+	0.0	0.003761	0.070207	0.001465
2.527348	0.29640900000000003	0.413832	0.473575	0.12858499999999998	AUT	neutron	pi+	0.0	0.003865	0.070207	0.001531
2.692368	0.34624699999999997	0.377015	0.47330200000000006	0.143977	AUT	neutron	pi+	0.0	0.011361	0.070207	0.001627
2.14412	0.15732100000000002	0.661704	0.47193100000000004	0.31044099999999997	AUT	neutron	pi+	0.0	0.003137	0.070207	0.0012619999999999999
2.249821	0.17911400000000002	0.608797	0.47356800000000004	0.30427	AUT	neutron	pi+	0.0	0.003346	0.070207	0.0013050000000000002
2.331929	0.19528	0.578673	0.47385200000000005	0.29854400000000003	AUT	neutron	pi+	0.0	0.003728	0.070207	0.001338
2.413574	0.21076999999999999	0.554898	0.47393599999999997	0.295216	AUT	neutron	pi+	0.0	0.004422	0.070207	0.001369
2.480628	0.227343	0.528813	0.474024	0.293014	AUT	neutron	pi+	0.0	0.005497999999999999	0.070207	0.001401
2.4918099999999996	0.24721700000000002	0.48866499999999996	0.47410699999999995	0.290639	AUT	neutron	pi+	0.0	0.007236	0.070207	0.001439
2.471093	0.273568	0.43807700000000005	0.47416499999999995	0.289636	AUT	neutron	pi+	0.0	0.005726	0.070207	0.0014880000000000002
2.486829	0.30896399999999996	0.390362	0.47415	0.289402	AUT	neutron	pi+	0.0	0.004691	0.070207	0.0015539999999999998
2.699775	0.354256	0.369377	0.474124	0.292138	AUT	neutron	pi+	0.0	0.009552	0.070207	0.001643
2.148099	0.15523699999999999	0.671722	0.47201899999999997	0.49115699999999995	AUT	neutron	pi+	0.0	0.003439	0.070207	0.001258
2.301001	0.181359	0.615205	0.47425600000000007	0.485779	AUT	neutron	pi+	0.0	0.005661	0.070207	0.00131
2.4169810000000003	0.20740799999999998	0.565116	0.47434899999999997	0.48667200000000005	AUT	neutron	pi+	0.0	0.011382	0.070207	0.001362
2.4789380000000003	0.239643	0.502189	0.474267	0.488249	AUT	neutron	pi+	0.0	0.012184	0.070207	0.001425
2.489697	0.291452	0.41555699999999995	0.474159	0.48733000000000004	AUT	neutron	pi+	0.0	0.009183	0.070207	0.001521
2.7217599999999997	0.354023	0.372638	0.47352299999999997	0.47699600000000003	AUT	neutron	pi+	0.0	0.032845	0.070207	0.0016420000000000002
2.243862	0.17357899999999998	0.630971	0.473455	0.6839810000000001	AUT	neutron	pi+	0.0	0.008085	0.070207	0.001294
2.469824	0.244581	0.49392299999999995	0.47417200000000004	0.684291	AUT	neutron	pi+	0.0	0.005986	0.070207	0.0014320000000000001
2.742569	0.322422	0.41237299999999993	0.472796	0.660263	AUT	neutron	pi+	0.0	0.05212000000000001	0.070207	0.0015810000000000002
2.369952	0.201071	0.582333	0.47430100000000003	0.901975	AUT	neutron	pi+	0.0	0.004882	0.070207	0.0013449999999999998
2.2425610000000002	0.193749	0.562987	0.522771	0.131931	AUT	neutron	pi+	0.0	0.0033880000000000004	0.070207	0.001343
2.3966939999999997	0.23081999999999997	0.503517	0.52364	0.12648399999999999	AUT	neutron	pi+	0.0	0.003611	0.070207	0.001418
2.484737	0.26479	0.45528199999999996	0.52365	0.125327	AUT	neutron	pi+	0.0	0.003779	0.070207	0.001485
2.584595	0.314753	0.398933	0.523502	0.135094	AUT	neutron	pi+	0.0	0.005117	0.070207	0.0015810000000000002
2.171438	0.173825	0.606386	0.521111	0.306759	AUT	neutron	pi+	0.0	0.0033130000000000004	0.070207	0.001302
2.322275	0.19935899999999998	0.564574	0.523116	0.2995	AUT	neutron	pi+	0.0	0.003803	0.070207	0.001356
2.441637	0.220556	0.536551	0.52375	0.29549899999999996	AUT	neutron	pi+	0.0	0.00465	0.070207	0.001399
2.487704	0.244229	0.49395900000000004	0.5240819999999999	0.291858	AUT	neutron	pi+	0.0	0.005906000000000001	0.070207	0.001446
2.46837	0.276546	0.433147	0.524151	0.290181	AUT	neutron	pi+	0.0	0.0047740000000000005	0.070207	0.001507
2.5631180000000002	0.327216	0.380123	0.5240319999999999	0.293802	AUT	neutron	pi+	0.0	0.004915	0.070207	0.001605
2.937384	0.394411	0.360802	0.523478	0.29888200000000004	AUT	neutron	pi+	0.0	0.097131	0.070207	0.00175
2.201246	0.174872	0.611202	0.521072	0.487663	AUT	neutron	pi+	0.0	0.004515	0.070207	0.0013050000000000002
2.413953	0.210623	0.555994	0.523614	0.48747799999999997	AUT	neutron	pi+	0.0	0.010362	0.070207	0.001379
2.478894	0.25235799999999997	0.47764300000000004	0.524258	0.4894	AUT	neutron	pi+	0.0	0.011396	0.070207	0.0014609999999999998
2.567729	0.31259899999999996	0.398929	0.523408	0.480599	AUT	neutron	pi+	0.0	0.012320999999999999	0.070207	0.001576
2.322514	0.19901	0.570133	0.522904	0.6856869999999999	AUT	neutron	pi+	0.0	0.010243	0.070207	0.001353
2.5564150000000003	0.270341	0.459899	0.52372	0.677815	AUT	neutron	pi+	0.0	0.013429	0.070207	0.001495
2.383105	0.20618699999999998	0.5658350000000001	0.522915	0.913276	AUT	neutron	pi+	0.0	0.005693	0.070207	0.001367
2.260478	0.21058400000000002	0.522127	0.572503	0.12834500000000001	AUT	neutron	pi+	0.0	0.0035280000000000003	0.070207	0.0013880000000000001
2.471705	0.26055	0.460733	0.5736	0.126414	AUT	neutron	pi+	0.0	0.0037630000000000003	0.070207	0.001491
2.597688	0.316701	0.398321	0.573436	0.136628	AUT	neutron	pi+	0.0	0.0065969999999999996	0.070207	0.001603
2.197259	0.193348	0.5517489999999999	0.571497	0.301228	AUT	neutron	pi+	0.0	0.0037049999999999995	0.070207	0.001353
2.408603	0.22873400000000002	0.510549	0.57311	0.294189	AUT	neutron	pi+	0.0	0.005026	0.070207	0.0014269999999999999
2.473627	0.264651	0.453812	0.574059	0.291432	AUT	neutron	pi+	0.0	0.0048530000000000005	0.070207	0.0014990000000000001
2.557843	0.318585	0.389811	0.573032	0.292583	AUT	neutron	pi+	0.0	0.004733	0.070207	0.0016059999999999998
2.2591069999999998	0.201585	0.545042	0.571704	0.48818199999999995	AUT	neutron	pi+	0.0	0.009755	0.070207	0.001369
2.489455	0.26371	0.45992200000000005	0.573695	0.487742	AUT	neutron	pi+	0.0	0.010172	0.070207	0.001497
2.7374009999999998	0.329392	0.40287199999999995	0.571393	0.46978400000000003	AUT	neutron	pi+	0.0	0.024888	0.070207	0.001629
2.3489139999999997	0.217153	0.52757	0.572431	0.733777	AUT	neutron	pi+	0.0	0.008327	0.070207	0.001401
2.710191	0.285696	0.460118	0.572067	0.678891	AUT	neutron	pi+	0.0	0.032151	0.070207	0.0015429999999999999
2.307162	0.23324	0.481455	0.6225609999999999	0.128072	AUT	neutron	pi+	0.0	0.0036609999999999998	0.070207	0.001448
2.5769439999999997	0.298107	0.419983	0.623041	0.131027	AUT	neutron	pi+	0.0	0.0057729999999999995	0.070207	0.001584
2.2443400000000002	0.21769000000000002	0.5011	0.621929	0.295069	AUT	neutron	pi+	0.0	0.004601	0.070207	0.001416
2.476697	0.273484	0.440012	0.6232409999999999	0.291983	AUT	neutron	pi+	0.0	0.004331000000000001	0.070207	0.001534
2.713446	0.327638	0.401468	0.6206149999999999	0.289078	AUT	neutron	pi+	0.0	0.009587	0.070207	0.0016469999999999998
2.341265	0.235382	0.48510200000000003	0.6222409999999999	0.48863	AUT	neutron	pi+	0.0	0.013586	0.070207	0.001452
2.725925	0.305208	0.43302299999999994	0.620784	0.47282399999999997	AUT	neutron	pi+	0.0	0.022334	0.070207	0.0016010000000000002
2.368758	0.22837800000000003	0.504476	0.620788	0.711497	AUT	neutron	pi+	0.0	0.015966	0.070207	0.001438
2.21841	0.230431	0.46761800000000003	0.671743	0.22539099999999998	AUT	neutron	pi+	0.0	0.004083	0.070207	0.001458
2.567951	0.283498	0.439247	0.671046	0.21743600000000002	AUT	neutron	pi+	0.0	0.004459	0.070207	0.001574
2.352563	0.240112	0.475796	0.6690470000000001	0.5194449999999999	AUT	neutron	pi+	0.0	0.01878	0.070207	0.001478
3.172373	0.24977	0.615921	0.323515	0.12950899999999999	AUT	neutron	pi+	0.0	0.005408	0.070207	0.001411
3.288614	0.27153299999999997	0.586825	0.323704	0.124446	AUT	neutron	pi+	0.0	0.005695	0.070207	0.00145
3.355896	0.286564	0.567433	0.323803	0.12095299999999999	AUT	neutron	pi+	0.0	0.005929	0.070207	0.0014759999999999999
3.357874	0.301128	0.540327	0.323872	0.117701	AUT	neutron	pi+	0.0	0.006162	0.070207	0.001501
3.3570300000000004	0.31693699999999997	0.5132439999999999	0.323823	0.11543699999999998	AUT	neutron	pi+	0.0	0.00626	0.070207	0.0015279999999999998
3.3842519999999996	0.334188	0.49068500000000004	0.323743	0.116248	AUT	neutron	pi+	0.0	0.006214	0.070207	0.001558
3.436664	0.35328699999999996	0.471346	0.32374400000000003	0.119251	AUT	neutron	pi+	0.0	0.0060880000000000005	0.070207	0.001592
3.491861	0.375924	0.45013100000000006	0.323802	0.125023	AUT	neutron	pi+	0.0	0.0060880000000000005	0.070207	0.0016350000000000002
3.597516	0.410734	0.424575	0.32443	0.134962	AUT	neutron	pi+	0.0	0.007814	0.070207	0.0017050000000000001
3.845447	0.454937	0.409506	0.323152	0.144777	AUT	neutron	pi+	0.0	0.04865	0.070207	0.001805
3.172877	0.243657	0.6313270000000001	0.324181	0.28824299999999997	AUT	neutron	pi+	0.0	0.0075439999999999995	0.070207	0.0014
3.314772	0.26461999999999997	0.6069319999999999	0.324277	0.288094	AUT	neutron	pi+	0.0	0.010938	0.070207	0.001438
3.419626	0.280238	0.59123	0.32422199999999995	0.288665	AUT	neutron	pi+	0.0	0.013058000000000002	0.070207	0.001465
3.4121900000000003	0.295902	0.5588489999999999	0.324214	0.288877	AUT	neutron	pi+	0.0	0.017929	0.070207	0.001492
3.366332	0.315056	0.517832	0.32416300000000003	0.28984499999999996	AUT	neutron	pi+	0.0	0.019513	0.070207	0.001525
3.384091	0.336881	0.486795	0.324131	0.29001	AUT	neutron	pi+	0.0	0.015413999999999999	0.070207	0.0015630000000000002
3.435411	0.360272	0.462089	0.324246	0.289128	AUT	neutron	pi+	0.0	0.013222	0.070207	0.001605
3.4823589999999998	0.386923	0.43618999999999997	0.32508400000000004	0.28773000000000004	AUT	neutron	pi+	0.0	0.012004	0.070207	0.001656
3.6431970000000002	0.42526400000000003	0.41517600000000005	0.32566300000000004	0.285581	AUT	neutron	pi+	0.0	0.013481	0.070207	0.001737
3.254997	0.257332	0.613714	0.32416799999999996	0.486263	AUT	neutron	pi+	0.0	0.012236	0.070207	0.001424
3.3904589999999994	0.29370599999999997	0.559958	0.32411	0.48689	AUT	neutron	pi+	0.0	0.010983	0.070207	0.0014880000000000002
3.3777510000000004	0.333785	0.490861	0.32404499999999997	0.48786999999999997	AUT	neutron	pi+	0.0	0.012731000000000001	0.070207	0.001558
3.489158	0.386137	0.438487	0.324682	0.488075	AUT	neutron	pi+	0.0	0.018082	0.070207	0.001655
3.7421830000000003	0.440755	0.411367	0.324818	0.48708	AUT	neutron	pi+	0.0	0.070564	0.070207	0.001772
3.3268410000000004	0.28420300000000004	0.571096	0.324792	0.675754	AUT	neutron	pi+	0.0	0.011026000000000001	0.070207	0.00147
3.4979489999999998	0.369736	0.459658	0.325085	0.664203	AUT	neutron	pi+	0.0	0.045511	0.070207	0.0016239999999999998
3.195637	0.255306	0.607146	0.373494	0.128504	AUT	neutron	pi+	0.0	0.005482	0.070207	0.0014349999999999999
3.325222	0.28142	0.572584	0.37364	0.12447000000000001	AUT	neutron	pi+	0.0	0.005684000000000001	0.070207	0.001482
3.350214	0.301539	0.538451	0.373743	0.12082899999999999	AUT	neutron	pi+	0.0	0.00591	0.070207	0.001518
3.3659489999999996	0.323115	0.504833	0.3738	0.119189	AUT	neutron	pi+	0.0	0.006069	0.070207	0.001557
3.4283040000000002	0.347867	0.477602	0.373692	0.121326	AUT	neutron	pi+	0.0	0.006021	0.070207	0.001602
3.5005269999999995	0.379774	0.44686800000000004	0.37348400000000004	0.128679	AUT	neutron	pi+	0.0	0.006278	0.070207	0.001663
3.6305980000000004	0.42176800000000003	0.417175	0.373107	0.14155	AUT	neutron	pi+	0.0	0.013309999999999999	0.070207	0.0017530000000000002
3.187591	0.24676399999999998	0.6263479999999999	0.373981	0.292076	AUT	neutron	pi+	0.0	0.006595	0.070207	0.0014199999999999998
3.350054	0.270284	0.60056	0.374106	0.289968	AUT	neutron	pi+	0.0	0.009262000000000001	0.070207	0.001463
3.427175	0.28876	0.575199	0.374125	0.28978899999999996	AUT	neutron	pi+	0.0	0.012249	0.070207	0.0014960000000000002
3.3751879999999996	0.310363	0.527155	0.374131	0.28982399999999997	AUT	neutron	pi+	0.0	0.017483000000000002	0.070207	0.001534
3.3830199999999997	0.33675	0.48691	0.374187	0.289375	AUT	neutron	pi+	0.0	0.012289	0.070207	0.0015810000000000002
3.441961	0.366176	0.45559700000000003	0.374271	0.287605	AUT	neutron	pi+	0.0	0.009147	0.070207	0.001637
3.4866269999999995	0.400188	0.42230200000000007	0.374241	0.286436	AUT	neutron	pi+	0.0	0.009361	0.070207	0.0017050000000000001
3.7126919999999997	0.438197	0.410496	0.37415	0.286902	AUT	neutron	pi+	0.0	0.018574	0.070207	0.0017920000000000002
3.276534	0.26027100000000003	0.610926	0.374322	0.48553599999999997	AUT	neutron	pi+	0.0	0.022561	0.070207	0.001444
3.383346	0.30328	0.5415810000000001	0.374206	0.486447	AUT	neutron	pi+	0.0	0.015697	0.070207	0.001521
3.423092	0.356165	0.46651499999999996	0.374188	0.486821	AUT	neutron	pi+	0.0	0.016187	0.070207	0.0016170000000000002
3.566914	0.414501	0.41714700000000005	0.374224	0.48558999999999997	AUT	neutron	pi+	0.0	0.032552	0.070207	0.001737
3.3274779999999997	0.29184899999999997	0.557737	0.374125	0.68598	AUT	neutron	pi+	0.0	0.008133	0.070207	0.0014990000000000001
3.5260230000000004	0.378241	0.452317	0.373746	0.671871	AUT	neutron	pi+	0.0	0.037909	0.070207	0.001661
3.224173	0.26191	0.59736	0.42350699999999997	0.128085	AUT	neutron	pi+	0.0	0.0055119999999999995	0.070207	0.001459
3.338112	0.293846	0.5506979999999999	0.42363900000000004	0.12472799999999999	AUT	neutron	pi+	0.0	0.00579	0.070207	0.001519
3.3663510000000003	0.32202800000000004	0.506728	0.423725	0.122173	AUT	neutron	pi+	0.0	0.006021	0.070207	0.00157
3.4590959999999997	0.356792	0.470038	0.42357700000000004	0.12444200000000001	AUT	neutron	pi+	0.0	0.0060869999999999995	0.070207	0.0016359999999999999
3.5807330000000004	0.405375	0.428457	0.423259	0.138774	AUT	neutron	pi+	0.0	0.00939	0.070207	0.001738
3.2064630000000003	0.250748	0.620146	0.423853	0.29523499999999997	AUT	neutron	pi+	0.0	0.006248	0.070207	0.001439
3.387169	0.277914	0.590611	0.424	0.291864	AUT	neutron	pi+	0.0	0.008621	0.070207	0.00149
3.39121	0.3024	0.543744	0.424101	0.290375	AUT	neutron	pi+	0.0	0.013262000000000001	0.070207	0.001535
3.375639	0.333271	0.491034	0.42418500000000003	0.289165	AUT	neutron	pi+	0.0	0.01013	0.070207	0.001591
3.4435050000000005	0.36802399999999996	0.45360100000000003	0.42414399999999997	0.288146	AUT	neutron	pi+	0.0	0.007620999999999999	0.070207	0.0016589999999999999
3.5521480000000003	0.412492	0.417447	0.424088	0.290008	AUT	neutron	pi+	0.0	0.009216	0.070207	0.001754
3.9020870000000003	0.463171	0.40813699999999997	0.424004	0.293048	AUT	neutron	pi+	0.0	0.078293	0.070207	0.001883
3.301542	0.26407600000000003	0.60696	0.424346	0.485654	AUT	neutron	pi+	0.0	0.0255	0.070207	0.001464
3.3780099999999997	0.317292	0.517324	0.42428999999999994	0.48708900000000005	AUT	neutron	pi+	0.0	0.017174000000000002	0.070207	0.001562
3.506128	0.389511	0.437443	0.424192	0.485483	AUT	neutron	pi+	0.0	0.018264	0.070207	0.001704
3.356929	0.304172	0.5422859999999999	0.42428299999999997	0.683377	AUT	neutron	pi+	0.0	0.009668000000000001	0.070207	0.001535
3.673093	0.40089400000000003	0.444043	0.423212	0.655659	AUT	neutron	pi+	0.0	0.089544	0.070207	0.0017280000000000002
3.3684269999999996	0.290002	0.5676899999999999	0.42502799999999996	0.882555	AUT	neutron	pi+	0.0	0.022768	0.070207	0.00151
3.25343	0.269298	0.58658	0.473559	0.128075	AUT	neutron	pi+	0.0	0.005601	0.070207	0.001486
3.348993	0.31051599999999996	0.523097	0.47365799999999997	0.125051	AUT	neutron	pi+	0.0	0.005932	0.070207	0.001564
3.46125	0.356774	0.470717	0.473584	0.125976	AUT	neutron	pi+	0.0	0.006154	0.070207	0.0016539999999999999
3.612582	0.412896	0.424188	0.473268	0.143379	AUT	neutron	pi+	0.0	0.015665000000000002	0.070207	0.001777
3.230489	0.255594	0.613092	0.47388199999999997	0.297678	AUT	neutron	pi+	0.0	0.006184	0.070207	0.00146
3.399307	0.288179	0.571915	0.47398999999999997	0.29281799999999997	AUT	neutron	pi+	0.0	0.008961	0.070207	0.001523
3.367642	0.322633	0.5062800000000001	0.474067	0.28982800000000003	AUT	neutron	pi+	0.0	0.009739	0.070207	0.0015869999999999999
3.4359	0.364641	0.45695399999999997	0.47408599999999995	0.29026399999999997	AUT	neutron	pi+	0.0	0.006944	0.070207	0.0016699999999999998
3.5644660000000004	0.414483	0.416883	0.473995	0.29490700000000003	AUT	neutron	pi+	0.0	0.010254000000000001	0.070207	0.0017809999999999998
3.32071	0.268571	0.6007819999999999	0.47435600000000006	0.486468	AUT	neutron	pi+	0.0	0.0195	0.070207	0.001485
3.395263	0.336102	0.491354	0.474283	0.487946	AUT	neutron	pi+	0.0	0.015982	0.070207	0.0016129999999999999
3.5572150000000002	0.406321	0.42455	0.47385299999999997	0.480025	AUT	neutron	pi+	0.0	0.026382	0.070207	0.001761
3.341253	0.291518	0.5607	0.47443	0.730969	AUT	neutron	pi+	0.0	0.009389	0.070207	0.001527
3.593921	0.376618	0.46264799999999995	0.473196	0.670656	AUT	neutron	pi+	0.0	0.051941999999999995	0.070207	0.001696
3.256144	0.281033	0.563142	0.522839	0.128092	AUT	neutron	pi+	0.0	0.005719	0.070207	0.0015220000000000001
3.419232	0.34131300000000003	0.486451	0.523641	0.125776	AUT	neutron	pi+	0.0	0.006123	0.070207	0.0016420000000000002
3.6001980000000002	0.405149	0.43098500000000006	0.523381	0.142177	AUT	neutron	pi+	0.0	0.01494	0.070207	0.001782
3.229447	0.265753	0.589808	0.522215	0.296718	AUT	neutron	pi+	0.0	0.0066040000000000005	0.070207	0.001493
3.36764	0.311037	0.525507	0.5238659999999999	0.290973	AUT	neutron	pi+	0.0	0.008976999999999999	0.070207	0.001582
3.428788	0.36205	0.45953299999999997	0.523976	0.293136	AUT	neutron	pi+	0.0	0.006645999999999999	0.070207	0.001684
3.575657	0.416289	0.41631899999999994	0.5237109999999999	0.29918	AUT	neutron	pi+	0.0	0.012597	0.070207	0.001809
3.295576	0.282004	0.569188	0.5228010000000001	0.487946	AUT	neutron	pi+	0.0	0.021021	0.070207	0.001524
3.472776	0.368576	0.458387	0.523656	0.483126	AUT	neutron	pi+	0.0	0.014196	0.070207	0.0016989999999999998
3.352703	0.300926	0.545846	0.5231100000000001	0.729634	AUT	neutron	pi+	0.0	0.012855000000000002	0.070207	0.001559
3.2758700000000003	0.30294899999999997	0.526328	0.572866	0.12763	AUT	neutron	pi+	0.0	0.00591	0.070207	0.001582
3.5355870000000005	0.378717	0.453517	0.5734100000000001	0.13385999999999998	AUT	neutron	pi+	0.0	0.009544	0.070207	0.001745
3.2267509999999997	0.287103	0.546199	0.572503	0.29238400000000003	AUT	neutron	pi+	0.0	0.007899	0.070207	0.001551
3.4130089999999997	0.352457	0.47029899999999997	0.573934	0.294698	AUT	neutron	pi+	0.0	0.0065780000000000005	0.070207	0.001686
3.598527	0.411366	0.423971	0.5717869999999999	0.29434899999999997	AUT	neutron	pi+	0.0	0.014672	0.070207	0.001823
3.2999680000000002	0.311019	0.518196	0.5731229999999999	0.48886599999999997	AUT	neutron	pi+	0.0	0.018122	0.070207	0.001598
3.622331	0.390315	0.449809	0.5715060000000001	0.470713	AUT	neutron	pi+	0.0	0.026056	0.070207	0.001772
3.316266	0.302942	0.533609	0.572198	0.715286	AUT	neutron	pi+	0.0	0.023424	0.070207	0.001582
3.231273	0.304159	0.515637	0.621263	0.223658	AUT	neutron	pi+	0.0	0.00657	0.070207	0.001605
3.4635089999999997	0.35922600000000005	0.46772600000000003	0.6230899999999999	0.233145	AUT	neutron	pi+	0.0	0.00647	0.070207	0.001726
3.741032	0.410555	0.441557	0.6192	0.23144099999999998	AUT	neutron	pi+	0.0	0.021863	0.070207	0.001852
3.350407	0.322714	0.505083	0.6207239999999999	0.531716	AUT	neutron	pi+	0.0	0.017554	0.070207	0.001644
3.3459800000000004	0.336698	0.48226499999999994	0.6685180000000001	0.26529200000000003	AUT	neutron	pi+	0.0	0.006906	0.070207	0.001698
4.202283	0.313513	0.6497109999999999	0.323515	0.12767	AUT	neutron	pi+	0.0	0.0075439999999999995	0.070207	0.001525
4.448149	0.34191900000000003	0.6302979999999999	0.323604	0.12485999999999998	AUT	neutron	pi+	0.0	0.0079	0.070207	0.001576
4.605701	0.367485	0.607422	0.323708	0.12177	AUT	neutron	pi+	0.0	0.008186	0.070207	0.001623
4.560814	0.401565	0.55083	0.323761	0.119054	AUT	neutron	pi+	0.0	0.00851	0.070207	0.0016899999999999999
4.417446	0.454142	0.47224499999999997	0.323322	0.13134400000000002	AUT	neutron	pi+	0.0	0.010295	0.070207	0.001807
4.172632	0.307867	0.656849	0.324281	0.286628	AUT	neutron	pi+	0.0	0.011288	0.070207	0.001516
4.396993	0.333466	0.638848	0.324241	0.28635700000000003	AUT	neutron	pi+	0.0	0.016838	0.070207	0.0015609999999999999
4.603279	0.3577	0.623642	0.32419899999999996	0.28757	AUT	neutron	pi+	0.0	0.024604	0.070207	0.0016059999999999998
4.578742	0.39316599999999996	0.565022	0.324205	0.289069	AUT	neutron	pi+	0.0	0.024472	0.070207	0.001673
4.382998000000001	0.45285600000000004	0.470077	0.324303	0.28630700000000003	AUT	neutron	pi+	0.0	0.013201	0.070207	0.0018039999999999998
4.673873	0.5080979999999999	0.445615	0.324234	0.284503	AUT	neutron	pi+	0.0	0.11393099999999999	0.070207	0.001957
4.320849	0.325034	0.644624	0.32428	0.48503900000000005	AUT	neutron	pi+	0.0	0.023188	0.070207	0.001546
4.54606	0.394422	0.562027	0.324137	0.48560699999999996	AUT	neutron	pi+	0.0	0.017418	0.070207	0.0016760000000000002
4.376568	0.47469399999999995	0.446812	0.32421300000000003	0.485705	AUT	neutron	pi+	0.0	0.076468	0.070207	0.00186
4.4424269999999995	0.361369	0.602196	0.324757	0.698481	AUT	neutron	pi+	0.0	0.014252	0.070207	0.0016120000000000002
4.254231	0.320241	0.644059	0.37339	0.127199	AUT	neutron	pi+	0.0	0.0076879999999999995	0.070207	0.0015550000000000002
4.556931	0.358198	0.6166229999999999	0.37356999999999996	0.125243	AUT	neutron	pi+	0.0	0.007978	0.070207	0.001627
4.558632	0.403099	0.549036	0.37369600000000003	0.122642	AUT	neutron	pi+	0.0	0.008409	0.070207	0.0017170000000000002
4.415336	0.46191400000000005	0.46368400000000004	0.373268	0.13628800000000002	AUT	neutron	pi+	0.0	0.016291999999999997	0.070207	0.0018559999999999998
4.195933999999999	0.310988	0.653953	0.373986	0.290224	AUT	neutron	pi+	0.0	0.009590999999999999	0.070207	0.001538
4.477817	0.341494	0.63531	0.374108	0.287955	AUT	neutron	pi+	0.0	0.013237	0.070207	0.0015949999999999998
4.616844	0.376065	0.595538	0.37417	0.288455	AUT	neutron	pi+	0.0	0.0215	0.070207	0.001662
4.407389	0.438775	0.488437	0.374182	0.287758	AUT	neutron	pi+	0.0	0.010637	0.070207	0.0017980000000000001
4.512003	0.49483999999999995	0.441687	0.374226	0.288281	AUT	neutron	pi+	0.0	0.048982	0.070207	0.0019510000000000003
4.36712	0.330282	0.641367	0.37425	0.485227	AUT	neutron	pi+	0.0	0.03938	0.070207	0.001574
4.502552	0.41666499999999995	0.528587	0.374292	0.485363	AUT	neutron	pi+	0.0	0.020156999999999998	0.070207	0.001748
4.4436480000000005	0.35891300000000004	0.605842	0.37458	0.721817	AUT	neutron	pi+	0.0	0.0119	0.070207	0.001627
4.330439	0.329075	0.638169	0.423493	0.12712400000000001	AUT	neutron	pi+	0.0	0.007831999999999999	0.070207	0.001588
4.582929	0.385407	0.577555	0.423559	0.125629	AUT	neutron	pi+	0.0	0.008225	0.070207	0.0017010000000000003
4.442956	0.45197299999999996	0.477261	0.423407	0.134305	AUT	neutron	pi+	0.0	0.015544999999999998	0.070207	0.001857
4.238092	0.31611	0.649917	0.42389899999999997	0.294071	AUT	neutron	pi+	0.0	0.008820999999999999	0.070207	0.001564
4.567666	0.35483000000000003	0.623992	0.424046	0.289787	AUT	neutron	pi+	0.0	0.012836000000000002	0.070207	0.001639
4.4938709999999995	0.41356000000000004	0.528742	0.424141	0.28920100000000004	AUT	neutron	pi+	0.0	0.011004	0.070207	0.0017629999999999998
4.382028	0.47769300000000003	0.44449099999999997	0.42402700000000004	0.292777	AUT	neutron	pi+	0.0	0.02555	0.070207	0.001929
4.408453	0.336968	0.635159	0.424262	0.48590600000000006	AUT	neutron	pi+	0.0	0.048827999999999996	0.070207	0.001604
4.467643	0.429025	0.507951	0.424237	0.48511400000000005	AUT	neutron	pi+	0.0	0.025723000000000003	0.070207	0.0018
4.446853	0.35679099999999997	0.609276	0.42448100000000005	0.732996	AUT	neutron	pi+	0.0	0.013859999999999999	0.070207	0.0016420000000000002
4.410466	0.340787	0.628235	0.47354700000000005	0.127668	AUT	neutron	pi+	0.0	0.007909000000000001	0.070207	0.001628
4.527158	0.41903100000000004	0.5264270000000001	0.473524	0.12987100000000001	AUT	neutron	pi+	0.0	0.010597	0.070207	0.0018
4.288695	0.322015	0.645732	0.473817	0.297402	AUT	neutron	pi+	0.0	0.008637	0.070207	0.001592
4.590955999999999	0.37556999999999996	0.593911	0.47403	0.290512	AUT	neutron	pi+	0.0	0.012148	0.070207	0.0017010000000000003
4.394529	0.45182700000000003	0.47251800000000005	0.473922	0.294641	AUT	neutron	pi+	0.0	0.013073	0.070207	0.001883
4.4321779999999995	0.34517600000000004	0.6247659999999999	0.474289	0.486612	AUT	neutron	pi+	0.0	0.038454	0.070207	0.001637
4.419651999999999	0.44417	0.483634	0.473934	0.48164700000000005	AUT	neutron	pi+	0.0	0.033804	0.070207	0.0018629999999999999
4.450327	0.35359	0.61439	0.47433100000000006	0.737929	AUT	neutron	pi+	0.0	0.019331	0.070207	0.0016539999999999999
4.457186	0.374886	0.58154	0.521859	0.128848	AUT	neutron	pi+	0.0	0.008276	0.070207	0.00172
4.478233	0.485996	0.446405	0.5231359999999999	0.15343900000000002	AUT	neutron	pi+	0.0	0.11665	0.070207	0.002019
4.414175	0.345016	0.621114	0.520482	0.295054	AUT	neutron	pi+	0.0	0.00965	0.070207	0.001655
4.4499319999999996	0.433364	0.500487	0.523807	0.29512	AUT	neutron	pi+	0.0	0.011134	0.070207	0.0018629999999999999
4.439806	0.356392	0.6066600000000001	0.521259	0.547133	AUT	neutron	pi+	0.0	0.032013	0.070207	0.001679
4.458049	0.445112	0.485997	0.5226810000000001	0.49732	AUT	neutron	pi+	0.0	0.039082	0.070207	0.001893
4.430136	0.398021	0.542693	0.570633	0.22985	AUT	neutron	pi+	0.0	0.008891	0.070207	0.0017989999999999998
4.457292	0.476162	0.453542	0.56997	0.24298699999999998	AUT	neutron	pi+	0.0	0.045466	0.070207	0.0020210000000000002
4.458394	0.391758	0.554233	0.569563	0.544925	AUT	neutron	pi+	0.0	0.031056	0.070207	0.0017829999999999999
4.367765	0.417133	0.508179	0.619188	0.282821	AUT	neutron	pi+	0.0	0.014247999999999999	0.070207	0.0018780000000000001
5.230226	0.39032100000000003	0.649533	0.32359	0.124946	AUT	neutron	pi+	0.0	0.010112000000000001	0.070207	0.0016699999999999998
5.433861	0.423879	0.621183	0.32372199999999995	0.121182	AUT	neutron	pi+	0.0	0.010671	0.070207	0.001741
5.491453	0.45446899999999996	0.585633	0.323748	0.118976	AUT	neutron	pi+	0.0	0.011279	0.070207	0.001812
5.580729	0.5051220000000001	0.536104	0.32357199999999997	0.123931	AUT	neutron	pi+	0.0	0.011633	0.070207	0.001952
5.2331010000000004	0.388332	0.653204	0.324353	0.286341	AUT	neutron	pi+	0.0	0.0257	0.070207	0.001666
5.456840000000001	0.42506499999999997	0.622149	0.324176	0.288271	AUT	neutron	pi+	0.0	0.039793	0.070207	0.001744
5.494536	0.46443	0.573625	0.324219	0.28870999999999997	AUT	neutron	pi+	0.0	0.025475	0.070207	0.001838
5.594485	0.520399	0.521316	0.324312	0.286023	AUT	neutron	pi+	0.0	0.020668000000000002	0.070207	0.002001
5.357775	0.41158599999999995	0.631883	0.324267	0.48481	AUT	neutron	pi+	0.0	0.029785000000000002	0.070207	0.001715
5.543835	0.49236599999999997	0.547021	0.32424899999999995	0.48466899999999996	AUT	neutron	pi+	0.0	0.038232	0.070207	0.0019149999999999998
5.417574	0.433758	0.608765	0.324423	0.701475	AUT	neutron	pi+	0.0	0.024436000000000003	0.070207	0.0017649999999999999
5.273698	0.39779699999999996	0.6427930000000001	0.373494	0.125825	AUT	neutron	pi+	0.0	0.010246	0.070207	0.001709
5.473580999999999	0.44123199999999996	0.601372	0.373697	0.123079	AUT	neutron	pi+	0.0	0.010851999999999999	0.070207	0.001809
5.572156	0.497663	0.543508	0.37349299999999996	0.124589	AUT	neutron	pi+	0.0	0.012634999999999999	0.070207	0.0019649999999999997
5.261792	0.39271500000000004	0.64955	0.374094	0.287686	AUT	neutron	pi+	0.0	0.018844	0.070207	0.001698
5.477979	0.436662	0.60823	0.374143	0.288628	AUT	neutron	pi+	0.0	0.02758	0.070207	0.0017980000000000001
5.543171	0.49823999999999996	0.540154	0.374137	0.287667	AUT	neutron	pi+	0.0	0.014329	0.070207	0.001968
5.860308	0.564686	0.502758	0.37414000000000003	0.289175	AUT	neutron	pi+	0.0	0.110644	0.070207	0.002207
5.379329	0.41964300000000004	0.62292	0.374274	0.485357	AUT	neutron	pi+	0.0	0.037949000000000004	0.070207	0.0017579999999999998
5.566178	0.5059779999999999	0.533891	0.374279	0.48471499999999995	AUT	neutron	pi+	0.0	0.053522	0.070207	0.0019920000000000003
5.415578	0.432055	0.610787	0.37442	0.7142069999999999	AUT	neutron	pi+	0.0	0.022781	0.070207	0.0017879999999999999
5.3263	0.407634	0.633835	0.42351400000000006	0.127106	AUT	neutron	pi+	0.0	0.010374	0.070207	0.001754
5.532443	0.47632399999999997	0.564345	0.423508	0.124957	AUT	neutron	pi+	0.0	0.011488	0.070207	0.0019329999999999998
5.831119	0.561233	0.5033350000000001	0.423349	0.139324	AUT	neutron	pi+	0.0	0.137761	0.070207	0.0022370000000000003
5.302212	0.39873800000000004	0.6448109999999999	0.424046	0.289618	AUT	neutron	pi+	0.0	0.015957	0.070207	0.001734
5.488642	0.45543	0.584803	0.42407	0.28870300000000004	AUT	neutron	pi+	0.0	0.017337	0.070207	0.001873
5.597307	0.521061	0.520887	0.424079	0.291068	AUT	neutron	pi+	0.0	0.020250999999999998	0.070207	0.002079
5.402204	0.43073599999999995	0.6107319999999999	0.424307	0.486246	AUT	neutron	pi+	0.0	0.038691	0.070207	0.0018100000000000002
5.6204730000000005	0.52736	0.51661	0.42416000000000004	0.482439	AUT	neutron	pi+	0.0	0.083245	0.070207	0.002102
5.4115269999999995	0.429708	0.613418	0.42440900000000004	0.7177979999999999	AUT	neutron	pi+	0.0	0.029383	0.070207	0.001808
5.371834	0.42003500000000005	0.621077	0.47353900000000004	0.1276	AUT	neutron	pi+	0.0	0.0107	0.070207	0.001807
5.572592	0.49636	0.5449350000000001	0.4735	0.12651700000000002	AUT	neutron	pi+	0.0	0.018494	0.070207	0.0020280000000000003
5.337219	0.405441	0.6386	0.47399300000000005	0.29173499999999997	AUT	neutron	pi+	0.0	0.014621	0.070207	0.001772
5.5291120000000005	0.484023	0.555465	0.47396099999999997	0.29185700000000003	AUT	neutron	pi+	0.0	0.013354	0.070207	0.001989
5.379626999999999	0.419862	0.622674	0.47429399999999994	0.544525	AUT	neutron	pi+	0.0	0.041692	0.070207	0.001808
5.571251	0.502061	0.538374	0.473753	0.51272	AUT	neutron	pi+	0.0	0.050024	0.070207	0.002048
5.3058309999999995	0.412347	0.62415	0.519969	0.22488699999999998	AUT	neutron	pi+	0.0	0.011803	0.070207	0.001812
5.510519	0.473603	0.564686	0.5236689999999999	0.223625	AUT	neutron	pi+	0.0	0.012319	0.070207	0.001989
5.669371	0.5383359999999999	0.510312	0.523274	0.24766100000000002	AUT	neutron	pi+	0.0	0.035623	0.070207	0.00223
5.413572	0.441651	0.597124	0.5215569999999999	0.551457	AUT	neutron	pi+	0.0	0.032962	0.070207	0.001893
5.373048000000001	0.46111499999999994	0.565604	0.570459	0.287473	AUT	neutron	pi+	0.0	0.012949	0.070207	0.001983
5.6753860000000005	0.528067	0.520824	0.571091	0.25040500000000004	AUT	neutron	pi+	0.0	0.036092	0.070207	0.002234
6.367209	0.482368	0.640221	0.323751	0.121814	AUT	neutron	pi+	0.0	0.011537	0.070207	0.001889
6.862616	0.559653	0.5944470000000001	0.32358899999999996	0.12124700000000001	AUT	neutron	pi+	0.0	0.013015	0.070207	0.002144
6.399742	0.487432	0.6370859999999999	0.324221	0.288275	AUT	neutron	pi+	0.0	0.037975	0.070207	0.0019039999999999999
6.874639999999999	0.568342	0.586194	0.324261	0.287018	AUT	neutron	pi+	0.0	0.023234	0.070207	0.0021780000000000002
6.589784	0.5181359999999999	0.618491	0.324292	0.5280060000000001	AUT	neutron	pi+	0.0	0.022799	0.070207	0.002
7.839995	0.635305	0.597831	0.32418800000000003	0.480947	AUT	neutron	pi+	0.0	0.809573	0.070207	0.002493
6.448025	0.49637299999999995	0.630508	0.373605	0.124394	AUT	neutron	pi+	0.0	0.011795	0.070207	0.001966
7.004202	0.57695	0.588148	0.373525	0.12362200000000001	AUT	neutron	pi+	0.0	0.020752	0.070207	0.0022649999999999997
6.447056	0.496651	0.630302	0.374112	0.28780500000000003	AUT	neutron	pi+	0.0	0.024835	0.070207	0.001967
6.954789999999999	0.579407	0.581441	0.374148	0.287696	AUT	neutron	pi+	0.0	0.024362	0.070207	0.0022760000000000002
6.5871070000000005	0.5171479999999999	0.619413	0.374279	0.5377770000000001	AUT	neutron	pi+	0.0	0.029338	0.070207	0.002036
6.350249	0.479389	0.642423	0.423814	0.211927	AUT	neutron	pi+	0.0	0.013452	0.070207	0.001946
6.7344919999999995	0.5488270000000001	0.594967	0.423808	0.21361599999999997	AUT	neutron	pi+	0.0	0.013899000000000002	0.070207	0.0021920000000000004
7.3875470000000005	0.608172	0.588386	0.42371800000000004	0.21837800000000002	AUT	neutron	pi+	0.0	0.037114	0.070207	0.0024739999999999996
6.579052000000001	0.515662	0.620408	0.42411899999999997	0.5390729999999999	AUT	neutron	pi+	0.0	0.038863999999999996	0.070207	0.002068
6.413945	0.490559	0.634464	0.47382299999999994	0.217964	AUT	neutron	pi+	0.0	0.013300999999999999	0.070207	0.002015
6.919492	0.57022	0.588011	0.473771	0.22286	AUT	neutron	pi+	0.0	0.018080000000000002	0.070207	0.002334
6.571842999999999	0.5126689999999999	0.623162	0.47398999999999997	0.5378689999999999	AUT	neutron	pi+	0.0	0.047118	0.070207	0.002095
6.469597	0.5115689999999999	0.6140479999999999	0.520704	0.282584	AUT	neutron	pi+	0.0	0.014580000000000001	0.070207	0.002127
7.1223399999999994	0.589566	0.5850989999999999	0.522451	0.25868	AUT	neutron	pi+	0.0	0.030382999999999997	0.070207	0.002493
6.466673999999999	0.540984	0.579563	0.567196	0.264751	AUT	neutron	pi+	0.0	0.024531	0.070207	0.002297
1.1264379999999998	0.10611199999999998	0.6461399999999999	0.322884	0.152201	AUT	neutron	pi+	0.0	0.002273	0.070207	0.0017329999999999997
1.2097360000000001	0.126618	0.578915	0.323834	0.137208	AUT	neutron	pi+	0.0	0.002259	0.070207	0.001784
1.315761	0.142274	0.5601	0.325115	0.130314	AUT	neutron	pi+	0.0	0.002385	0.070207	0.001825
1.451665	0.159363	0.5516989999999999	0.325439	0.125409	AUT	neutron	pi+	0.0	0.002572	0.070207	0.001871
1.6119139999999998	0.180055	0.5422560000000001	0.325745	0.120494	AUT	neutron	pi+	0.0	0.002771	0.070207	0.00193
1.7936599999999998	0.213639	0.509905	0.327565	0.112729	AUT	neutron	pi+	0.0	0.003168	0.070207	0.0020239999999999998
1.9612040000000002	0.268088	0.443079	0.34279699999999996	0.115639	AUT	neutron	pi+	0.0	0.033849000000000004	0.070207	0.0021809999999999998
1.065707	0.086789	0.7449140000000001	0.32324400000000003	0.310151	AUT	neutron	pi+	0.0	0.002193	0.070207	0.0016879999999999998
1.126966	0.098747	0.691425	0.323793	0.300599	AUT	neutron	pi+	0.0	0.002359	0.070207	0.001715
1.174433	0.10823599999999998	0.657283	0.323957	0.295142	AUT	neutron	pi+	0.0	0.002594	0.070207	0.001738
1.220998	0.11722	0.63092	0.324106	0.29238800000000004	AUT	neutron	pi+	0.0	0.003008	0.070207	0.00176
1.2682719999999998	0.126283	0.608294	0.324335	0.291161	AUT	neutron	pi+	0.0	0.0034990000000000004	0.070207	0.001782
1.329056	0.136187	0.591065	0.324961	0.29033000000000003	AUT	neutron	pi+	0.0	0.004046	0.070207	0.001808
1.415122	0.148067	0.578842	0.32532	0.290087	AUT	neutron	pi+	0.0	0.004804999999999999	0.070207	0.0018399999999999998
1.525001	0.163663	0.5644020000000001	0.325519	0.29009	AUT	neutron	pi+	0.0	0.006185	0.070207	0.001884
1.6769189999999998	0.186711	0.544277	0.325906	0.291331	AUT	neutron	pi+	0.0	0.008356	0.070207	0.0019489999999999998
1.8296759999999999	0.222048	0.500238	0.328371	0.292667	AUT	neutron	pi+	0.0	0.011108	0.070207	0.002048
1.0836780000000001	0.089139	0.738319	0.324708	0.481534	AUT	neutron	pi+	0.0	0.0022329999999999997	0.070207	0.001693
1.1745700000000001	0.107331	0.6634479999999999	0.324596	0.48318199999999994	AUT	neutron	pi+	0.0	0.002234	0.070207	0.001736
1.249496	0.12358699999999999	0.612718	0.324753	0.482842	AUT	neutron	pi+	0.0	0.002419	0.070207	0.0017760000000000002
1.358402	0.141996	0.5795899999999999	0.32554299999999997	0.483782	AUT	neutron	pi+	0.0	0.0026969999999999997	0.070207	0.0018239999999999999
1.547142	0.16878900000000002	0.555502	0.325861	0.486465	AUT	neutron	pi+	0.0	0.003169	0.070207	0.001898
1.776521	0.210046	0.514007	0.32760700000000004	0.489616	AUT	neutron	pi+	0.0	0.005795000000000001	0.070207	0.002014
1.378243	0.13211099999999998	0.651812	0.330775	0.638687	AUT	neutron	pi+	0.0	0.010109	0.070207	0.0017980000000000001
1.145562	0.11325299999999999	0.6161220000000001	0.373152	0.147652	AUT	neutron	pi+	0.0	0.0022649999999999997	0.070207	0.001759
1.240602	0.137526	0.546733	0.373614	0.130696	AUT	neutron	pi+	0.0	0.002365	0.070207	0.001823
1.336814	0.155803	0.519729	0.374461	0.123136	AUT	neutron	pi+	0.0	0.002555	0.070207	0.0018739999999999998
1.476238	0.17535599999999998	0.509888	0.37487600000000004	0.119327	AUT	neutron	pi+	0.0	0.002725	0.070207	0.00193
1.630971	0.20016	0.493795	0.375105	0.11555599999999999	AUT	neutron	pi+	0.0	0.002913	0.070207	0.002002
1.784024	0.24081	0.450122	0.376494	0.11544700000000001	AUT	neutron	pi+	0.0	0.0033520000000000004	0.070207	0.002116
1.0822180000000001	0.090626	0.725066	0.373234	0.312256	AUT	neutron	pi+	0.0	0.002148	0.070207	0.001704
1.1543450000000002	0.10548199999999999	0.663107	0.3737	0.301913	AUT	neutron	pi+	0.0	0.002334	0.070207	0.001739
1.21339	0.11713299999999999	0.627552	0.373973	0.296028	AUT	neutron	pi+	0.0	0.002643	0.070207	0.0017690000000000002
1.273457	0.128729	0.599268	0.37403600000000004	0.293207	AUT	neutron	pi+	0.0	0.003166	0.070207	0.0017989999999999998
1.331035	0.141087	0.571504	0.374162	0.291881	AUT	neutron	pi+	0.0	0.003856	0.070207	0.0018329999999999998
1.401894	0.155254	0.546988	0.37458800000000003	0.290976	AUT	neutron	pi+	0.0	0.004761	0.070207	0.001873
1.509844	0.173207	0.528058	0.375019	0.290925	AUT	neutron	pi+	0.0	0.006267	0.070207	0.001924
1.6437490000000001	0.199689	0.49917100000000003	0.375297	0.29179499999999997	AUT	neutron	pi+	0.0	0.008279	0.070207	0.002
1.7908369999999998	0.244234	0.44546	0.37701	0.292006	AUT	neutron	pi+	0.0	0.009404000000000001	0.070207	0.0021260000000000003
1.0904559999999999	0.090393	0.732834	0.374337	0.487796	AUT	neutron	pi+	0.0	0.0024879999999999998	0.070207	0.001703
1.1891530000000001	0.110382	0.6532899999999999	0.374262	0.489425	AUT	neutron	pi+	0.0	0.0026739999999999997	0.070207	0.0017519999999999999
1.269892	0.13009600000000002	0.591888	0.374104	0.491371	AUT	neutron	pi+	0.0	0.00247	0.070207	0.0018030000000000001
1.3637780000000002	0.152915	0.540611	0.37453400000000003	0.492159	AUT	neutron	pi+	0.0	0.00259	0.070207	0.001866
1.544094	0.184099	0.508556	0.375067	0.493404	AUT	neutron	pi+	0.0	0.003133	0.070207	0.001955
1.751251	0.233896	0.455349	0.3763	0.495356	AUT	neutron	pi+	0.0	0.007159	0.070207	0.002096
1.246253	0.11741900000000001	0.6539229999999999	0.376948	0.661307	AUT	neutron	pi+	0.0	0.003406	0.070207	0.0017699999999999999
1.6667330000000002	0.196275	0.519682	0.378155	0.652632	AUT	neutron	pi+	0.0	0.018309	0.070207	0.0019879999999999997
1.166769	0.12097000000000001	0.587915	0.42332600000000004	0.14237	AUT	neutron	pi+	0.0	0.0022559999999999998	0.070207	0.001786
1.2825309999999999	0.14993	0.5185529999999999	0.423708	0.12573499999999999	AUT	neutron	pi+	0.0	0.0024690000000000003	0.070207	0.0018670000000000002
1.390266	0.172897	0.48715	0.424158	0.11974800000000001	AUT	neutron	pi+	0.0	0.002652	0.070207	0.001934
1.543172	0.199009	0.46989	0.42455600000000004	0.11810599999999999	AUT	neutron	pi+	0.0	0.00275	0.070207	0.0020109999999999998
1.714806	0.242022	0.430421	0.424336	0.12148800000000001	AUT	neutron	pi+	0.0	0.003026	0.070207	0.002133
1.09915	0.09499099999999999	0.703339	0.423263	0.31299099999999996	AUT	neutron	pi+	0.0	0.002152	0.070207	0.00172
1.185914	0.113354	0.634034	0.42377200000000004	0.301858	AUT	neutron	pi+	0.0	0.00235	0.070207	0.001766
1.263141	0.128227	0.596842	0.42398	0.296195	AUT	neutron	pi+	0.0	0.0028	0.070207	0.0018059999999999999
1.338722	0.143878	0.56377	0.42409399999999997	0.293747	AUT	neutron	pi+	0.0	0.0034649999999999998	0.070207	0.00185
1.408944	0.161639	0.5282	0.42419700000000005	0.292103	AUT	neutron	pi+	0.0	0.004637	0.070207	0.0019010000000000001
1.500139	0.182846	0.497133	0.42466800000000005	0.29144699999999996	AUT	neutron	pi+	0.0	0.006141	0.070207	0.001964
1.619153	0.216563	0.453858	0.42489	0.29227600000000004	AUT	neutron	pi+	0.0	0.006798	0.070207	0.002061
1.795837	0.266004	0.409292	0.424597	0.290694	AUT	neutron	pi+	0.0	0.011038	0.070207	0.002202
1.102235	0.092847	0.721677	0.42406099999999997	0.490033	AUT	neutron	pi+	0.0	0.002595	0.070207	0.001714
1.2185540000000001	0.11632100000000001	0.6355609999999999	0.424259	0.48893000000000003	AUT	neutron	pi+	0.0	0.003622	0.070207	0.0017739999999999998
1.313754	0.14138699999999998	0.5638380000000001	0.424121	0.491727	AUT	neutron	pi+	0.0	0.00331	0.070207	0.001843
1.4172209999999998	0.172102	0.499497	0.424291	0.49332600000000004	AUT	neutron	pi+	0.0	0.0030989999999999998	0.070207	0.0019320000000000001
1.6297540000000001	0.222956	0.445208	0.42453199999999996	0.492331	AUT	neutron	pi+	0.0	0.004832	0.070207	0.002078
1.183087	0.10923900000000002	0.664415	0.42537200000000003	0.67552	AUT	neutron	pi+	0.0	0.002372	0.070207	0.001756
1.517666	0.1794	0.518691	0.425464	0.668565	AUT	neutron	pi+	0.0	0.005761	0.070207	0.00195
1.189725	0.129102	0.562258	0.4735	0.137533	AUT	neutron	pi+	0.0	0.00228	0.070207	0.0018149999999999998
1.3327790000000002	0.163928	0.49296999999999996	0.473866	0.122751	AUT	neutron	pi+	0.0	0.002576	0.070207	0.001917
1.4871450000000002	0.19484400000000002	0.462483	0.47385299999999997	0.120992	AUT	neutron	pi+	0.0	0.002649	0.070207	0.002009
1.697691	0.239885	0.429775	0.473775	0.12414000000000001	AUT	neutron	pi+	0.0	0.003343	0.070207	0.0021420000000000002
1.118212	0.100198	0.679291	0.47340299999999996	0.313265	AUT	neutron	pi+	0.0	0.002168	0.070207	0.001738
1.223682	0.122637	0.604822	0.47384799999999994	0.30082800000000004	AUT	neutron	pi+	0.0	0.002479	0.070207	0.001797
1.323652	0.142301	0.563753	0.473983	0.296023	AUT	neutron	pi+	0.0	0.003082	0.070207	0.001853
1.414533	0.16448800000000002	0.521301	0.474154	0.293477	AUT	neutron	pi+	0.0	0.004241	0.070207	0.0019190000000000001
1.5101280000000001	0.192223	0.476365	0.474171	0.292018	AUT	neutron	pi+	0.0	0.005706	0.070207	0.002002
1.685905	0.23996599999999998	0.42690600000000006	0.47421	0.291296	AUT	neutron	pi+	0.0	0.0056	0.070207	0.002141
1.1180379999999999	0.096292	0.706581	0.474102	0.49203500000000006	AUT	neutron	pi+	0.0	0.002531	0.070207	0.0017280000000000002
1.259897	0.12517	0.6112310000000001	0.474288	0.488317	AUT	neutron	pi+	0.0	0.0043939999999999995	0.070207	0.0018039999999999998
1.37764	0.159404	0.525079	0.474146	0.491171	AUT	neutron	pi+	0.0	0.004385	0.070207	0.0019039999999999999
1.584124	0.21317199999999997	0.45280600000000004	0.473925	0.48805699999999996	AUT	neutron	pi+	0.0	0.005052	0.070207	0.002061
1.177099	0.10961900000000001	0.659673	0.47466	0.684419	AUT	neutron	pi+	0.0	0.0022960000000000003	0.070207	0.0017620000000000001
1.487213	0.175949	0.516187	0.47405600000000003	0.680029	AUT	neutron	pi+	0.0	0.0039829999999999996	0.070207	0.00195
1.350319	0.13113699999999998	0.639872	0.47733100000000006	0.8645649999999999	AUT	neutron	pi+	0.0	0.008259	0.070207	0.0018210000000000001
1.213591	0.137274	0.539991	0.523586	0.13364700000000002	AUT	neutron	pi+	0.0	0.002341	0.070207	0.001846
1.404259	0.180637	0.47138500000000005	0.523877	0.123109	AUT	neutron	pi+	0.0	0.002598	0.070207	0.001978
1.657574	0.229777	0.438409	0.5237850000000001	0.125154	AUT	neutron	pi+	0.0	0.003222	0.070207	0.0021260000000000003
1.137905	0.10571400000000002	0.656012	0.523478	0.31251	AUT	neutron	pi+	0.0	0.002221	0.070207	0.0017579999999999998
1.2692709999999998	0.133638	0.575966	0.523943	0.29998800000000003	AUT	neutron	pi+	0.0	0.002636	0.070207	0.001836
1.394177	0.16076600000000002	0.525948	0.524022	0.295527	AUT	neutron	pi+	0.0	0.003633	0.070207	0.001918
1.517241	0.195141	0.471816	0.524159	0.29231	AUT	neutron	pi+	0.0	0.005055	0.070207	0.002023
1.7126080000000001	0.24711599999999997	0.420721	0.524226	0.290381	AUT	neutron	pi+	0.0	0.005698	0.070207	0.002179
1.1352	0.100198	0.690155	0.523945	0.49413999999999997	AUT	neutron	pi+	0.0	0.00248	0.070207	0.001743
1.3005	0.134653	0.587122	0.5243680000000001	0.489097	AUT	neutron	pi+	0.0	0.004717	0.070207	0.0018390000000000001
1.479819	0.182476	0.493364	0.523994	0.48837299999999995	AUT	neutron	pi+	0.0	0.0058130000000000005	0.070207	0.001983
1.7471970000000001	0.24493800000000002	0.432825	0.5230670000000001	0.47892799999999996	AUT	neutron	pi+	0.0	0.017383000000000003	0.070207	0.002173
1.191474	0.11344800000000001	0.6471939999999999	0.524301	0.6888850000000001	AUT	neutron	pi+	0.0	0.002584	0.070207	0.001779
1.528194	0.178554	0.520595	0.523467	0.6826800000000001	AUT	neutron	pi+	0.0	0.004549	0.070207	0.00197
1.320646	0.127413	0.6411720000000001	0.525569	0.8836	AUT	neutron	pi+	0.0	0.004533	0.070207	0.001818
1.245115	0.146813	0.5187470000000001	0.573703	0.130879	AUT	neutron	pi+	0.0	0.0023829999999999997	0.070207	0.001884
1.553613	0.209919	0.450255	0.573846	0.125334	AUT	neutron	pi+	0.0	0.0026609999999999997	0.070207	0.0020800000000000003
1.1667450000000001	0.11416400000000002	0.6230319999999999	0.573218	0.309623	AUT	neutron	pi+	0.0	0.002252	0.070207	0.0017879999999999999
1.333424	0.148851	0.543564	0.574004	0.298235	AUT	neutron	pi+	0.0	0.003023	0.070207	0.0018920000000000002
1.49231	0.187368	0.483516	0.5739529999999999	0.292503	AUT	neutron	pi+	0.0	0.004241	0.070207	0.002013
1.702496	0.241323	0.428379	0.5732619999999999	0.286708	AUT	neutron	pi+	0.0	0.005376	0.070207	0.002179
1.172105	0.10941500000000001	0.652676	0.5731069999999999	0.493939	AUT	neutron	pi+	0.0	0.002634	0.070207	0.001775
1.3840940000000002	0.154451	0.5456340000000001	0.57412	0.488903	AUT	neutron	pi+	0.0	0.005788000000000001	0.070207	0.0019089999999999999
1.669009	0.212063	0.47853999999999997	0.573022	0.48289	AUT	neutron	pi+	0.0	0.011955	0.070207	0.00209
1.2744950000000002	0.128627	0.611316	0.573343	0.686893	AUT	neutron	pi+	0.0	0.0035619999999999996	0.070207	0.00183
1.7511330000000003	0.203254	0.52277	0.572623	0.674129	AUT	neutron	pi+	0.0	0.016623	0.070207	0.002066
1.308495	0.12554300000000002	0.639062	0.5735600000000001	0.895287	AUT	neutron	pi+	0.0	0.003919	0.070207	0.0018210000000000001
1.2912709999999998	0.157604	0.501467	0.623484	0.129443	AUT	neutron	pi+	0.0	0.0024530000000000003	0.070207	0.00193
1.656666	0.222306	0.452622	0.622646	0.124743	AUT	neutron	pi+	0.0	0.00424	0.070207	0.00214
1.198784	0.12604400000000002	0.579737	0.6229520000000001	0.305541	AUT	neutron	pi+	0.0	0.0024100000000000002	0.070207	0.0018329999999999998
1.454912	0.173523	0.5089859999999999	0.623528	0.294513	AUT	neutron	pi+	0.0	0.003564	0.070207	0.001984
1.7219229999999999	0.22836700000000001	0.45783500000000005	0.622025	0.28484899999999996	AUT	neutron	pi+	0.0	0.006488	0.070207	0.0021609999999999997
1.2253020000000001	0.12529300000000002	0.596793	0.6228739999999999	0.491832	AUT	neutron	pi+	0.0	0.0032119999999999996	0.070207	0.001831
1.584026	0.184158	0.523219	0.623035	0.48439799999999994	AUT	neutron	pi+	0.0	0.011299	0.070207	0.002018
1.330468	0.13486900000000002	0.603351	0.622082	0.735406	AUT	neutron	pi+	0.0	0.00395	0.070207	0.001859
1.185576	0.133442	0.541114	0.6728569999999999	0.251833	AUT	neutron	pi+	0.0	0.00246	0.070207	0.0018670000000000002
1.498378	0.179249	0.506337	0.672392	0.2198	AUT	neutron	pi+	0.0	0.002885	0.070207	0.00202
1.7985349999999998	0.22745500000000002	0.479496	0.67043	0.196621	AUT	neutron	pi+	0.0	0.006628	0.070207	0.002183
1.284597	0.136429	0.57252	0.6714720000000001	0.540235	AUT	neutron	pi+	0.0	0.004908	0.070207	0.001877
1.782071	0.197732	0.546768	0.670655	0.505708	AUT	neutron	pi+	0.0	0.035328	0.070207	0.0020870000000000003
2.148308	0.23969200000000002	0.545043	0.324423	0.11451900000000001	AUT	neutron	pi+	0.0	0.0041340000000000005	0.070207	0.002097
2.504721	0.30177600000000004	0.503663	0.328489	0.114328	AUT	neutron	pi+	0.0	0.004671	0.070207	0.0022649999999999997
2.175177	0.244493	0.541601	0.324999	0.291338	AUT	neutron	pi+	0.0	0.012206	0.070207	0.0021100000000000003
2.564899	0.311862	0.499276	0.329487	0.291131	AUT	neutron	pi+	0.0	0.014505	0.070207	0.002293
2.2800439999999997	0.261819	0.530975	0.326572	0.514779	AUT	neutron	pi+	0.0	0.006324000000000001	0.070207	0.0021550000000000002
2.722753	0.353532	0.466704	0.33479000000000003	0.5130560000000001	AUT	neutron	pi+	0.0	0.055695	0.070207	0.002409
2.175068	0.24856799999999998	0.5327810000000001	0.373822	0.117094	AUT	neutron	pi+	0.0	0.003927	0.070207	0.00214
2.458136	0.316436	0.471537	0.374409	0.123688	AUT	neutron	pi+	0.0	0.0044469999999999996	0.070207	0.002326
2.191081	0.252252	0.529733	0.37414200000000003	0.291066	AUT	neutron	pi+	0.0	0.011337	0.070207	0.002149
2.480143	0.325079	0.46288900000000005	0.375165	0.289998	AUT	neutron	pi+	0.0	0.010471	0.070207	0.00235
2.232797	0.262623	0.519157	0.37456500000000004	0.540567	AUT	neutron	pi+	0.0	0.00524	0.070207	0.002177
2.547388	0.338025	0.456692	0.374636	0.51567	AUT	neutron	pi+	0.0	0.022382	0.070207	0.002386
2.2204080000000004	0.25942600000000005	0.52182	0.423811	0.12048800000000001	AUT	neutron	pi+	0.0	0.0038090000000000003	0.070207	0.002187
2.4978380000000002	0.329624	0.459397	0.42347299999999993	0.130306	AUT	neutron	pi+	0.0	0.006993000000000001	0.070207	0.002385
2.224646	0.261677	0.519472	0.42415	0.29080700000000004	AUT	neutron	pi+	0.0	0.008715	0.070207	0.0021920000000000004
2.507968	0.33723800000000004	0.45056	0.424221	0.2881	AUT	neutron	pi+	0.0	0.010834	0.070207	0.002407
2.27198	0.272495	0.510487	0.424046	0.544158	AUT	neutron	pi+	0.0	0.005514	0.070207	0.002221
2.741581	0.370854	0.447667	0.423336	0.48367200000000005	AUT	neutron	pi+	0.0	0.10438599999999999	0.070207	0.002508
2.153934	0.24264899999999998	0.540244	0.473987	0.207281	AUT	neutron	pi+	0.0	0.004676	0.070207	0.002156
2.390979	0.30615	0.47398999999999997	0.473894	0.21428000000000003	AUT	neutron	pi+	0.0	0.004273	0.070207	0.002339
2.698685	0.365869	0.446664	0.473843	0.234929	AUT	neutron	pi+	0.0	0.017568	0.070207	0.002518
2.278135	0.271264	0.51446	0.47387299999999993	0.552214	AUT	neutron	pi+	0.0	0.006586	0.070207	0.002235
2.189014	0.252076	0.5292020000000001	0.52398	0.21179499999999998	AUT	neutron	pi+	0.0	0.004416	0.070207	0.0022010000000000003
2.460969	0.321934	0.463775	0.5238510000000001	0.226411	AUT	neutron	pi+	0.0	0.005431	0.070207	0.002409
2.272725	0.26652	0.521718	0.523664	0.5458430000000001	AUT	neutron	pi+	0.0	0.009266	0.070207	0.002241
2.2330229999999998	0.263191	0.517927	0.573847	0.21749699999999997	AUT	neutron	pi+	0.0	0.004214	0.070207	0.002254
2.535777	0.33618000000000003	0.45702	0.5724060000000001	0.226741	AUT	neutron	pi+	0.0	0.009453	0.070207	0.00248
2.261623	0.258894	0.532983	0.573126	0.536486	AUT	neutron	pi+	0.0	0.014853	0.070207	0.00224
2.263297	0.263346	0.5242859999999999	0.623113	0.27066599999999996	AUT	neutron	pi+	0.0	0.004515	0.070207	0.0022789999999999998
2.7071810000000003	0.34837199999999996	0.470695	0.6162880000000001	0.194654	AUT	neutron	pi+	0.0	0.029751999999999997	0.070207	0.002552
2.254028	0.252601	0.542925	0.671787	0.268073	AUT	neutron	pi+	0.0	0.006043	0.070207	0.0022719999999999997
3.3811160000000005	0.366716	0.559546	0.32393099999999997	0.11479500000000001	AUT	neutron	pi+	0.0	0.0065060000000000005	0.070207	0.002444
3.756236	0.43888	0.518432	0.324087	0.12604200000000002	AUT	neutron	pi+	0.0	0.017511000000000002	0.070207	0.002672
3.321247	0.357677	0.563188	0.323915	0.362435	AUT	neutron	pi+	0.0	0.00983	0.070207	0.002418
3.6883839999999997	0.424016	0.527215	0.324567	0.359265	AUT	neutron	pi+	0.0	0.018244	0.070207	0.002621
3.2899	0.35251	0.565896	0.373925	0.195919	AUT	neutron	pi+	0.0	0.007821	0.070207	0.002433
3.6576	0.41708999999999996	0.5316350000000001	0.373808	0.206443	AUT	neutron	pi+	0.0	0.009239	0.070207	0.002635
3.417187	0.374271	0.554814	0.374287	0.5402939999999999	AUT	neutron	pi+	0.0	0.014052	0.070207	0.0024980000000000002
3.35026	0.361996	0.56148	0.4239	0.20206300000000002	AUT	neutron	pi+	0.0	0.0074069999999999995	0.070207	0.0024879999999999998
3.711417	0.430062	0.522895	0.42390200000000006	0.21794699999999997	AUT	neutron	pi+	0.0	0.013846	0.070207	0.002716
3.413794	0.373262	0.555725	0.424044	0.54091	AUT	neutron	pi+	0.0	0.017913	0.070207	0.002523
3.357357	0.363165	0.560913	0.473963	0.268347	AUT	neutron	pi+	0.0	0.007783	0.070207	0.002519
3.719435	0.431683	0.522008	0.473703	0.277253	AUT	neutron	pi+	0.0	0.016061000000000002	0.070207	0.002757
3.4102879999999995	0.372422	0.556245	0.523816	0.29482800000000003	AUT	neutron	pi+	0.0	0.0076159999999999995	0.070207	0.0025800000000000003
3.8686809999999996	0.458171	0.511333	0.5228649999999999	0.253954	AUT	neutron	pi+	0.0	0.061242	0.070207	0.0029100000000000003
3.406721	0.370754	0.558077	0.573254	0.28328600000000004	AUT	neutron	pi+	0.0	0.008703	0.070207	0.0026089999999999998
3.377611	0.362425	0.565342	0.622534	0.259891	AUT	neutron	pi+	0.0	0.011134999999999999	0.070207	0.002618
4.325349	0.461124	0.568491	0.323851	0.252512	AUT	neutron	pi+	0.0	0.011008	0.070207	0.002758
4.862545	0.5174300000000001	0.569074	0.323833	0.25437600000000005	AUT	neutron	pi+	0.0	0.058775	0.070207	0.003003
4.344316	0.46266199999999996	0.5690729999999999	0.373881	0.272964	AUT	neutron	pi+	0.0	0.011915	0.070207	0.00281
4.343916	0.462462	0.569261	0.423875	0.277994	AUT	neutron	pi+	0.0	0.013475999999999998	0.070207	0.0028510000000000002
4.3421199999999995	0.46186400000000005	0.569759	0.47377600000000003	0.278498	AUT	neutron	pi+	0.0	0.015137000000000001	0.070207	0.0028899999999999998
4.3365849999999995	0.460679	0.570498	0.523397	0.26763000000000003	AUT	neutron	pi+	0.0	0.017161000000000003	0.070207	0.002931
