Q2	x	y	z	pT	obs	target	hadron	value	stat	systrel	systabs
1.143975	0.08573	0.650076	0.323369	0.136724	AUT	proton	pi+	0.0	0.008858	0.070207	0.008317
1.27352	0.10637	0.580538	0.32390399999999997	0.13004200000000002	AUT	proton	pi+	0.0	0.009807	0.070207	0.008190000000000001
1.396404	0.123242	0.549179	0.32406999999999997	0.128417	AUT	proton	pi+	0.0	0.010076	0.070207	0.008086
1.519883	0.140145	0.525655	0.32424899999999995	0.127833	AUT	proton	pi+	0.0	0.009848	0.070207	0.007983
1.619917	0.159081	0.493753	0.324457	0.126622	AUT	proton	pi+	0.0	0.009859	0.070207	0.007871
1.7056509999999998	0.186113	0.444866	0.324825	0.125745	AUT	proton	pi+	0.0	0.009565	0.070207	0.007723000000000001
1.8217439999999998	0.229156	0.386764	0.32689	0.124143	AUT	proton	pi+	0.0	0.011223	0.070207	0.007518
1.099816	0.071494	0.747737	0.32303899999999997	0.31174	AUT	proton	pi+	0.0	0.009212999999999999	0.070207	0.008408
1.1905569999999999	0.084008	0.686944	0.323737	0.304622	AUT	proton	pi+	0.0	0.009132	0.070207	0.008328
1.270541	0.093876	0.6559050000000001	0.323905	0.30202199999999996	AUT	proton	pi+	0.0	0.00927	0.070207	0.008267
1.3500290000000001	0.10360799999999999	0.631422	0.32400300000000004	0.300414	AUT	proton	pi+	0.0	0.008768000000000001	0.070207	0.008206999999999999
1.431088	0.11360999999999999	0.610401	0.324086	0.298902	AUT	proton	pi+	0.0	0.008527	0.070207	0.008144
1.502751	0.123699	0.58868	0.324164	0.296684	AUT	proton	pi+	0.0	0.008295	0.070207	0.008081999999999999
1.560936	0.134144	0.563895	0.324293	0.294705	AUT	proton	pi+	0.0	0.007807	0.070207	0.008018
1.610096	0.145759	0.535371	0.32452800000000004	0.29226199999999997	AUT	proton	pi+	0.0	0.007415000000000001	0.070207	0.007948
1.6564130000000001	0.16078599999999998	0.49946599999999997	0.324651	0.28979499999999997	AUT	proton	pi+	0.0	0.006669	0.070207	0.007859999999999999
1.713615	0.185029	0.44954399999999994	0.325073	0.285752	AUT	proton	pi+	0.0	0.006123	0.070207	0.0077280000000000005
1.814344	0.22751500000000002	0.388108	0.327176	0.282591	AUT	proton	pi+	0.0	0.008143000000000001	0.070207	0.007525
1.114131	0.069608	0.778077	0.323418	0.49395900000000004	AUT	proton	pi+	0.0	0.0066359999999999995	0.070207	0.008421
1.236521	0.083761	0.715638	0.323997	0.491399	AUT	proton	pi+	0.0	0.006187	0.070207	0.008329999999999999
1.349705	0.095631	0.684022	0.32405900000000004	0.49126099999999995	AUT	proton	pi+	0.0	0.005968	0.070207	0.008256
1.4513719999999999	0.10719200000000001	0.6561859999999999	0.324112	0.490721	AUT	proton	pi+	0.0	0.005758	0.070207	0.008183
1.540534	0.120331	0.620674	0.324268	0.489721	AUT	proton	pi+	0.0	0.0054009999999999996	0.070207	0.008102
1.605497	0.13741	0.5668	0.324362	0.488354	AUT	proton	pi+	0.0	0.005347	0.070207	0.007997
1.662734	0.165272	0.489304	0.324594	0.489857	AUT	proton	pi+	0.0	0.005883	0.070207	0.007836
1.778561	0.216646	0.400258	0.32627399999999995	0.492256	AUT	proton	pi+	0.0	0.013506	0.070207	0.007575
1.222756	0.080462	0.741992	0.32506999999999997	0.672715	AUT	proton	pi+	0.0	0.006411	0.070207	0.00835
1.4967489999999999	0.117612	0.62128	0.32561799999999996	0.672103	AUT	proton	pi+	0.0	0.0063939999999999995	0.070207	0.008117000000000001
1.663475	0.17615799999999998	0.465021	0.326521	0.669164	AUT	proton	pi+	0.0	0.00938	0.070207	0.007779
1.4176520000000001	0.107171	0.668671	0.328875	0.85006	AUT	proton	pi+	0.0	0.016472	0.070207	0.00818
1.17098	0.092586	0.617066	0.373305	0.134501	AUT	proton	pi+	0.0	0.007869	0.070207	0.008255
1.335373	0.118022	0.548705	0.373927	0.128381	AUT	proton	pi+	0.0	0.00915	0.070207	0.008095
1.484613	0.138619	0.519179	0.37398200000000004	0.127381	AUT	proton	pi+	0.0	0.009637999999999999	0.070207	0.007967
1.600535	0.160269	0.484372	0.374204	0.126278	AUT	proton	pi+	0.0	0.009984	0.070207	0.007838
1.693079	0.192296	0.42781899999999995	0.374315	0.12582100000000002	AUT	proton	pi+	0.0	0.010144	0.070207	0.007664
1.802532	0.245081	0.358205	0.374794	0.123972	AUT	proton	pi+	0.0	0.013938999999999998	0.070207	0.007425
1.120064	0.078095	0.697276	0.37241199999999997	0.30840700000000004	AUT	proton	pi+	0.0	0.008662999999999999	0.070207	0.008348000000000001
1.241593	0.094159	0.639255	0.373648	0.302529	AUT	proton	pi+	0.0	0.009469	0.070207	0.008245
1.343707	0.106646	0.610584	0.373848	0.299804	AUT	proton	pi+	0.0	0.010042	0.070207	0.008166
1.4418600000000001	0.1187	0.588663	0.37395900000000004	0.29825300000000005	AUT	proton	pi+	0.0	0.009525	0.070207	0.00809
1.528022	0.13133599999999998	0.563868	0.37414899999999995	0.296121	AUT	proton	pi+	0.0	0.008747	0.070207	0.00801
1.593942	0.145559	0.530859	0.374262	0.29292199999999996	AUT	proton	pi+	0.0	0.007894	0.070207	0.007923000000000001
1.638408	0.163408	0.48628299999999997	0.374393	0.28996700000000003	AUT	proton	pi+	0.0	0.007116	0.070207	0.007819
1.681525	0.191662	0.42620399999999997	0.374724	0.285472	AUT	proton	pi+	0.0	0.00636	0.070207	0.007667
1.775439	0.242684	0.356277	0.375397	0.285012	AUT	proton	pi+	0.0	0.009359000000000001	0.070207	0.007435
1.1275629999999999	0.076158	0.719486	0.371927	0.49287299999999995	AUT	proton	pi+	0.0	0.007409999999999999	0.070207	0.008361
1.2846090000000001	0.093681	0.6648649999999999	0.373339	0.491354	AUT	proton	pi+	0.0	0.00683	0.070207	0.008248
1.431646	0.10971099999999999	0.632525	0.373605	0.490935	AUT	proton	pi+	0.0	0.006232	0.070207	0.008145999999999999
1.561758	0.12731199999999998	0.594951	0.37414400000000003	0.489785	AUT	proton	pi+	0.0	0.005853	0.070207	0.008034
1.632564	0.15170899999999998	0.5230199999999999	0.374367	0.48856700000000003	AUT	proton	pi+	0.0	0.005852	0.070207	0.007886
1.699279	0.20631799999999997	0.405111	0.37466	0.49089799999999995	AUT	proton	pi+	0.0	0.0072900000000000005	0.070207	0.0076
1.239552	0.08768	0.689906	0.373068	0.6785180000000001	AUT	proton	pi+	0.0	0.006169	0.070207	0.008286
1.5334809999999999	0.129518	0.578523	0.374662	0.6795100000000001	AUT	proton	pi+	0.0	0.005913	0.070207	0.008020999999999999
1.671621	0.192414	0.42644099999999996	0.37485	0.6762229999999999	AUT	proton	pi+	0.0	0.010163	0.070207	0.007668
1.427653	0.117228	0.614105	0.376394	0.8659549999999999	AUT	proton	pi+	0.0	0.011603	0.070207	0.008097
1.197015	0.10069600000000001	0.579846	0.42285600000000007	0.131376	AUT	proton	pi+	0.0	0.0077269999999999995	0.070207	0.008187999999999999
1.4048379999999998	0.130825	0.5207470000000001	0.42377200000000004	0.127322	AUT	proton	pi+	0.0	0.008820999999999999	0.070207	0.007996
1.575876	0.158397	0.482783	0.42403100000000005	0.126604	AUT	proton	pi+	0.0	0.009333	0.070207	0.007828
1.700881	0.200882	0.412596	0.424109	0.126657	AUT	proton	pi+	0.0	0.010261	0.070207	0.0076
1.825459	0.262673	0.337426	0.42402	0.125995	AUT	proton	pi+	0.0	0.021983000000000003	0.070207	0.007331999999999999
1.1384020000000001	0.086783	0.637621	0.421468	0.305167	AUT	proton	pi+	0.0	0.008641	0.070207	0.008278
1.2939120000000002	0.10641700000000001	0.589431	0.42321400000000003	0.299506	AUT	proton	pi+	0.0	0.00995	0.070207	0.008151
1.432496	0.123204	0.5635140000000001	0.42353599999999997	0.297676	AUT	proton	pi+	0.0	0.009873999999999999	0.070207	0.008043999999999999
1.552373	0.139981	0.537589	0.42402399999999996	0.295396	AUT	proton	pi+	0.0	0.008721	0.070207	0.007937
1.621213	0.159729	0.49240600000000007	0.42429399999999995	0.291877	AUT	proton	pi+	0.0	0.007662	0.070207	0.007819
1.6664009999999998	0.191066	0.423986	0.424372	0.288003	AUT	proton	pi+	0.0	0.006595	0.070207	0.007648
1.756588	0.243998	0.35036999999999996	0.424491	0.287559	AUT	proton	pi+	0.0	0.009651999999999999	0.070207	0.0074069999999999995
1.176415	0.089259	0.640998	0.421329	0.48978999999999995	AUT	proton	pi+	0.0	0.009081	0.070207	0.008262
1.408717	0.115371	0.5921029999999999	0.42314300000000005	0.489479	AUT	proton	pi+	0.0	0.007903	0.070207	0.008093000000000001
1.601442	0.141527	0.549425	0.42401099999999997	0.488543	AUT	proton	pi+	0.0	0.006823999999999999	0.070207	0.007927
1.6735060000000002	0.19509400000000002	0.42405299999999996	0.42432	0.487508	AUT	proton	pi+	0.0	0.006365	0.070207	0.007634
1.317049	0.10577	0.608935	0.422462	0.682755	AUT	proton	pi+	0.0	0.006251	0.070207	0.008154
1.635297	0.171622	0.47154799999999997	0.42434499999999997	0.683559	AUT	proton	pi+	0.0	0.0065379999999999995	0.070207	0.007756999999999999
1.439114	0.126859	0.565507	0.42486899999999994	0.882286	AUT	proton	pi+	0.0	0.010081999999999999	0.070207	0.008020000000000001
1.2384629999999999	0.114049	0.5292600000000001	0.47270100000000004	0.12837	AUT	proton	pi+	0.0	0.007819	0.070207	0.008088
1.526138	0.153923	0.48127	0.473667	0.12734600000000001	AUT	proton	pi+	0.0	0.008672	0.070207	0.007836
1.716323	0.211421	0.398398	0.47396099999999997	0.127687	AUT	proton	pi+	0.0	0.010391	0.070207	0.007533
1.1832850000000001	0.101523	0.5667409999999999	0.47177399999999997	0.29972600000000005	AUT	proton	pi+	0.0	0.01023	0.070207	0.008169
1.4047379999999998	0.129089	0.527556	0.473058	0.295732	AUT	proton	pi+	0.0	0.010039	0.070207	0.007991
1.5795540000000001	0.153514	0.49906999999999996	0.47378100000000006	0.294061	AUT	proton	pi+	0.0	0.008386	0.070207	0.007837
1.657025	0.18727	0.43043100000000006	0.474307	0.29014	AUT	proton	pi+	0.0	0.006959	0.070207	0.007648
1.755263	0.243083	0.351529	0.474404	0.289907	AUT	proton	pi+	0.0	0.010314	0.070207	0.007390000000000001
1.254494	0.108076	0.565138	0.47171	0.488509	AUT	proton	pi+	0.0	0.011073000000000001	0.070207	0.008126000000000001
1.594206	0.153029	0.507204	0.473682	0.48742700000000005	AUT	proton	pi+	0.0	0.0077280000000000005	0.070207	0.00784
1.699352	0.21647399999999997	0.384443	0.474578	0.48345200000000005	AUT	proton	pi+	0.0	0.009712	0.070207	0.007508
1.4210040000000002	0.134158	0.522795	0.472725	0.686508	AUT	proton	pi+	0.0	0.006462999999999999	0.070207	0.007959
1.759491	0.217241	0.393806	0.473513	0.680754	AUT	proton	pi+	0.0	0.017169	0.070207	0.007501000000000001
1.4406729999999999	0.13447	0.528108	0.473655	0.8949389999999999	AUT	proton	pi+	0.0	0.010048	0.070207	0.007956999999999999
1.296551	0.130235	0.485231	0.5227310000000001	0.127512	AUT	proton	pi+	0.0	0.007943	0.070207	0.007967
1.6699380000000001	0.196786	0.41659700000000005	0.5237609999999999	0.12858499999999998	AUT	proton	pi+	0.0	0.009544	0.070207	0.0075829999999999995
1.8950740000000001	0.286173	0.32094	0.52361	0.12867	AUT	proton	pi+	0.0	0.050638999999999997	0.070207	0.0072
1.243021	0.11904400000000001	0.508175	0.522109	0.295682	AUT	proton	pi+	0.0	0.011311	0.070207	0.00804
1.548373	0.160657	0.467703	0.52342	0.293295	AUT	proton	pi+	0.0	0.008331	0.070207	0.007776000000000001
1.7048169999999998	0.217164	0.384831	0.52436	0.29138800000000004	AUT	proton	pi+	0.0	0.0073219999999999995	0.070207	0.007483
1.358653	0.13189800000000002	0.502442	0.522249	0.48740100000000003	AUT	proton	pi+	0.0	0.011188	0.070207	0.007956
1.6955639999999998	0.20236300000000002	0.41164799999999996	0.524259	0.482058	AUT	proton	pi+	0.0	0.009370999999999999	0.070207	0.007554000000000001
1.447797	0.147241	0.484095	0.522764	0.752015	AUT	proton	pi+	0.0	0.006295	0.070207	0.007862000000000001
1.4037110000000002	0.15373299999999998	0.445755	0.572758	0.128147	AUT	proton	pi+	0.0	0.00828	0.070207	0.007801000000000001
1.7583970000000002	0.2319	0.369894	0.5738880000000001	0.13008	AUT	proton	pi+	0.0	0.018227	0.070207	0.007389
1.3140100000000001	0.13913499999999998	0.460092	0.5722970000000001	0.293238	AUT	proton	pi+	0.0	0.010135	0.070207	0.007891
1.6821419999999998	0.209323	0.39407800000000004	0.5737369999999999	0.29231799999999997	AUT	proton	pi+	0.0	0.0076359999999999996	0.070207	0.007495999999999999
1.390507	0.148126	0.45772399999999996	0.5724319999999999	0.5487850000000001	AUT	proton	pi+	0.0	0.010654	0.070207	0.007835
1.768041	0.217917	0.39505999999999997	0.573555	0.514321	AUT	proton	pi+	0.0	0.013366999999999999	0.070207	0.00745
1.294765	0.147117	0.42821899999999996	0.622233	0.22394899999999998	AUT	proton	pi+	0.0	0.00852	0.070207	0.007818
1.695241	0.21175	0.390262	0.622816	0.227055	AUT	proton	pi+	0.0	0.008525	0.070207	0.0074540000000000006
1.451869	0.165218	0.42903199999999997	0.6211899999999999	0.547275	AUT	proton	pi+	0.0	0.012138	0.070207	0.007711
1.413929	0.169489	0.40517800000000004	0.6712090000000001	0.269972	AUT	proton	pi+	0.0	0.008486	0.070207	0.0076560000000000005
1.854805	0.23424099999999998	0.384092	0.669722	0.22991599999999998	AUT	proton	pi+	0.0	0.022119999999999997	0.070207	0.007314
2.205704	0.176246	0.608517	0.323743	0.132231	AUT	proton	pi+	0.0	0.011029	0.070207	0.0077659999999999995
2.3707130000000003	0.208771	0.550599	0.32407600000000003	0.127979	AUT	proton	pi+	0.0	0.010094	0.070207	0.0076
2.419577	0.235593	0.498062	0.324169	0.12708699999999998	AUT	proton	pi+	0.0	0.009231	0.070207	0.007481999999999999
2.470367	0.267106	0.448578	0.324368	0.126356	AUT	proton	pi+	0.0	0.008371	0.070207	0.007359
2.59712	0.31600700000000004	0.39921	0.325963	0.12520799999999999	AUT	proton	pi+	0.0	0.00731	0.070207	0.007193000000000001
2.860951	0.380218	0.364576	0.32664699999999997	0.12414700000000001	AUT	proton	pi+	0.0	0.027029	0.070207	0.006998999999999999
2.16328	0.153185	0.687359	0.323339	0.31051599999999996	AUT	proton	pi+	0.0	0.007234	0.070207	0.007894
2.277503	0.17871199999999998	0.617755	0.32393	0.299927	AUT	proton	pi+	0.0	0.007023000000000001	0.070207	0.007751000000000001
2.3705	0.19703900000000002	0.5830569999999999	0.324069	0.29596500000000003	AUT	proton	pi+	0.0	0.0067989999999999995	0.070207	0.0076560000000000005
2.440572	0.214434	0.551613	0.324219	0.292468	AUT	proton	pi+	0.0	0.006744	0.070207	0.007573000000000001
2.4616439999999997	0.233692	0.510632	0.324317	0.28894000000000003	AUT	proton	pi+	0.0	0.006369	0.070207	0.007489
2.480864	0.257941	0.466344	0.324403	0.28587399999999996	AUT	proton	pi+	0.0	0.006234	0.070207	0.007393
2.532724	0.292029	0.420713	0.325331	0.284612	AUT	proton	pi+	0.0	0.006246	0.070207	0.007271
2.698832	0.342789	0.381988	0.326598	0.286985	AUT	proton	pi+	0.0	0.008641	0.070207	0.007109000000000001
2.199586	0.145673	0.735925	0.323488	0.49308599999999997	AUT	proton	pi+	0.0	0.007484	0.070207	0.007937
2.351402	0.178611	0.638659	0.324331	0.486138	AUT	proton	pi+	0.0	0.006123	0.070207	0.00775
2.468786	0.21053400000000003	0.569295	0.324368	0.48534399999999994	AUT	proton	pi+	0.0	0.006106	0.070207	0.007591
2.481949	0.260829	0.46355	0.324508	0.48695	AUT	proton	pi+	0.0	0.00759	0.070207	0.007383
2.653259	0.332014	0.388011	0.32654299999999997	0.4867	AUT	proton	pi+	0.0	0.018132	0.070207	0.007142
2.348611	0.18153	0.643342	0.32551399999999997	0.671536	AUT	proton	pi+	0.0	0.008565000000000001	0.070207	0.00774
2.540655	0.280614	0.44163199999999997	0.325949	0.666779	AUT	proton	pi+	0.0	0.018563	0.070207	0.007312000000000001
2.233301	0.182911	0.593953	0.373666	0.13101500000000002	AUT	proton	pi+	0.0	0.010119	0.070207	0.007703
2.392032	0.220561	0.526209	0.373927	0.127585	AUT	proton	pi+	0.0	0.009725	0.070207	0.007518
2.444069	0.256332	0.4627	0.37400900000000004	0.126957	AUT	proton	pi+	0.0	0.009023	0.070207	0.007370000000000001
2.514574	0.30656300000000003	0.398483	0.37395	0.126031	AUT	proton	pi+	0.0	0.008008	0.070207	0.007195
2.765232	0.36540900000000004	0.366718	0.373865	0.12518800000000002	AUT	proton	pi+	0.0	0.018519	0.070207	0.007012999999999999
2.1790529999999997	0.161889	0.6546489999999999	0.37337	0.307386	AUT	proton	pi+	0.0	0.007731999999999999	0.070207	0.007817000000000001
2.320209	0.190105	0.591666	0.37395300000000004	0.298786	AUT	proton	pi+	0.0	0.007499	0.070207	0.007663
2.420384	0.212125	0.55311	0.374102	0.29443800000000003	AUT	proton	pi+	0.0	0.007339	0.070207	0.007555
2.4526209999999997	0.2356	0.50478	0.3742	0.29073499999999997	AUT	proton	pi+	0.0	0.0069819999999999995	0.070207	0.007451999999999999
2.479884	0.265834	0.452542	0.374329	0.28765599999999997	AUT	proton	pi+	0.0	0.006909	0.070207	0.007334
2.531082	0.310973	0.395146	0.374397	0.287875	AUT	proton	pi+	0.0	0.006997	0.070207	0.00718
2.764177	0.365061	0.36693000000000003	0.37432600000000005	0.290744	AUT	proton	pi+	0.0	0.016123	0.070207	0.007014
2.217276	0.158431	0.681427	0.373033	0.49226899999999996	AUT	proton	pi+	0.0	0.006183	0.070207	0.007836
2.4211169999999997	0.19703099999999998	0.596392	0.374273	0.48634399999999994	AUT	proton	pi+	0.0	0.006529999999999999	0.070207	0.007626999999999999
2.484902	0.2472	0.490439	0.374341	0.486047	AUT	proton	pi+	0.0	0.006445	0.070207	0.0074069999999999995
2.573448	0.323386	0.38659699999999997	0.374348	0.485957	AUT	proton	pi+	0.0	0.010979000000000001	0.070207	0.007141
2.351512	0.188158	0.618416	0.37426	0.678459	AUT	proton	pi+	0.0	0.007198	0.070207	0.007679000000000001
2.531879	0.285098	0.432591	0.374724	0.673296	AUT	proton	pi+	0.0	0.017346	0.070207	0.007267
2.402139	0.200419	0.596083	0.376716	0.867133	AUT	proton	pi+	0.0	0.023131	0.070207	0.00762
2.2695689999999997	0.191773	0.57615	0.423543	0.13031600000000002	AUT	proton	pi+	0.0	0.009351	0.070207	0.007633
2.413779	0.23954699999999998	0.48949499999999996	0.42387700000000006	0.12773800000000002	AUT	proton	pi+	0.0	0.009208	0.070207	0.007412
2.500726	0.29780700000000004	0.408573	0.423813	0.12718800000000002	AUT	proton	pi+	0.0	0.008403	0.070207	0.007199
2.7628049999999997	0.36474	0.36707399999999996	0.423634	0.12695399999999998	AUT	proton	pi+	0.0	0.021577000000000002	0.070207	0.006989
2.1951959999999997	0.17146199999999998	0.622168	0.422609	0.303537	AUT	proton	pi+	0.0	0.008440999999999999	0.070207	0.007741
2.37023	0.203382	0.565066	0.423872	0.297165	AUT	proton	pi+	0.0	0.007988	0.070207	0.007572
2.440388	0.2315	0.511356	0.424116	0.293045	AUT	proton	pi+	0.0	0.0075379999999999996	0.070207	0.007445
2.474226	0.26784	0.448417	0.4242	0.289748	AUT	proton	pi+	0.0	0.007417	0.070207	0.0073019999999999995
2.574059	0.324194	0.38566999999999996	0.424221	0.291038	AUT	proton	pi+	0.0	0.00821	0.070207	0.0071129999999999995
2.2478860000000003	0.17492	0.625151	0.422638	0.488904	AUT	proton	pi+	0.0	0.0070030000000000005	0.070207	0.0077209999999999996
2.474348	0.225225	0.53494	0.42433000000000004	0.484889	AUT	proton	pi+	0.0	0.008719	0.070207	0.0074719999999999995
2.543099	0.30218	0.410728	0.424493	0.48290500000000003	AUT	proton	pi+	0.0	0.007958	0.070207	0.0071849999999999995
2.385986	0.215827	0.5517479999999999	0.42357	0.682309	AUT	proton	pi+	0.0	0.006337	0.070207	0.007527
2.783223	0.340075	0.39668600000000004	0.422804	0.65352	AUT	proton	pi+	0.0	0.052814	0.070207	0.007062000000000001
2.403835	0.20792600000000003	0.570155	0.425249	0.884165	AUT	proton	pi+	0.0	0.018678999999999998	0.070207	0.007559000000000001
2.28379	0.208796	0.5331560000000001	0.472753	0.12955	AUT	proton	pi+	0.0	0.009455	0.070207	0.007529000000000001
2.4622900000000003	0.27716799999999997	0.432953	0.473814	0.128085	AUT	proton	pi+	0.0	0.008772	0.070207	0.007247
2.671332	0.347622	0.37254	0.47357899999999997	0.128057	AUT	proton	pi+	0.0	0.016584	0.070207	0.007016
2.224034	0.191419	0.5648810000000001	0.471913	0.299167	AUT	proton	pi+	0.0	0.0088	0.070207	0.007613
2.417204	0.23366399999999998	0.502037	0.47369799999999995	0.293971	AUT	proton	pi+	0.0	0.007984	0.070207	0.0074129999999999995
2.478015	0.28122600000000003	0.428357	0.47414700000000004	0.29168	AUT	proton	pi+	0.0	0.007929	0.070207	0.0072310000000000004
2.630472	0.340444	0.374687	0.47413599999999995	0.294403	AUT	proton	pi+	0.0	0.012721	0.070207	0.007037999999999999
2.304477	0.201228	0.5580149999999999	0.47233400000000003	0.48641999999999996	AUT	proton	pi+	0.0	0.008860999999999999	0.070207	0.0075650000000000005
2.5268770000000003	0.285447	0.43399799999999994	0.474451	0.481724	AUT	proton	pi+	0.0	0.008641	0.070207	0.007219
2.391419	0.225996	0.52237	0.47306400000000004	0.734829	AUT	proton	pi+	0.0	0.006575	0.070207	0.007456
2.3273770000000003	0.23581	0.482333	0.522849	0.128886	AUT	proton	pi+	0.0	0.00915	0.070207	0.007386
2.554569	0.317206	0.391383	0.523637	0.12898099999999998	AUT	proton	pi+	0.0	0.011972	0.070207	0.007086
2.260424	0.21626900000000002	0.508562	0.522213	0.296146	AUT	proton	pi+	0.0	0.008661	0.070207	0.00747
2.4714549999999997	0.280145	0.429559	0.5240199999999999	0.29384699999999997	AUT	proton	pi+	0.0	0.008115	0.070207	0.007209999999999999
2.66292	0.346523	0.37256	0.523945	0.297032	AUT	proton	pi+	0.0	0.016332	0.070207	0.006993000000000001
2.356424	0.239044	0.48381	0.522946	0.485365	AUT	proton	pi+	0.0	0.010304	0.070207	0.0073739999999999995
2.64546	0.330624	0.388096	0.523088	0.47169300000000003	AUT	proton	pi+	0.0	0.016947999999999998	0.070207	0.0070420000000000005
2.378862	0.23483400000000001	0.49592299999999995	0.522526	0.732941	AUT	proton	pi+	0.0	0.008652	0.070207	0.007392
2.238624	0.23082199999999997	0.471437	0.5719029999999999	0.23174299999999998	AUT	proton	pi+	0.0	0.008616	0.070207	0.007379000000000001
2.4750259999999997	0.289885	0.41490900000000003	0.5735060000000001	0.232133	AUT	proton	pi+	0.0	0.008054	0.070207	0.007148000000000001
2.701927	0.349234	0.37502800000000003	0.572459	0.230089	AUT	proton	pi+	0.0	0.01645	0.070207	0.006954999999999999
2.382276	0.255325	0.456247	0.57205	0.543845	AUT	proton	pi+	0.0	0.009597	0.070207	0.007281
2.321167	0.264189	0.42767200000000005	0.6218819999999999	0.231787	AUT	proton	pi+	0.0	0.008177	0.070207	0.007215000000000001
2.721676	0.334042	0.39497899999999997	0.620614	0.218495	AUT	proton	pi+	0.0	0.019267	0.070207	0.0069700000000000005
2.366365	0.260369	0.441655	0.620219	0.5141789999999999	AUT	proton	pi+	0.0	0.016834000000000002	0.070207	0.0072299999999999994
2.323912	0.268849	0.419296	0.6678890000000001	0.257241	AUT	proton	pi+	0.0	0.011812999999999999	0.070207	0.007166
3.28855	0.253825	0.628833	0.323968	0.127682	AUT	proton	pi+	0.0	0.013178	0.070207	0.0074
3.466032	0.29742399999999997	0.5654779999999999	0.324038	0.12701199999999999	AUT	proton	pi+	0.0	0.012371	0.070207	0.007245000000000001
3.430429	0.345059	0.482717	0.324073	0.126644	AUT	proton	pi+	0.0	0.010445	0.070207	0.007098
3.527627	0.40615999999999997	0.421257	0.324013	0.12440799999999999	AUT	proton	pi+	0.0	0.011771	0.070207	0.00692
3.20202	0.23992399999999997	0.647879	0.323922	0.300451	AUT	proton	pi+	0.0	0.010006000000000001	0.070207	0.007455
3.412009	0.273638	0.60433	0.324113	0.293603	AUT	proton	pi+	0.0	0.009676	0.070207	0.007326000000000001
3.4792980000000004	0.30283699999999997	0.5571149999999999	0.324234	0.290057	AUT	proton	pi+	0.0	0.009493999999999999	0.070207	0.007227
3.462886	0.340669	0.49318	0.324251	0.28732199999999997	AUT	proton	pi+	0.0	0.009315	0.070207	0.007109999999999999
3.508732	0.398889	0.42703100000000005	0.324367	0.286792	AUT	proton	pi+	0.0	0.010328	0.070207	0.006940999999999999
3.264801	0.24375100000000002	0.652196	0.32425	0.48660200000000003	AUT	proton	pi+	0.0	0.008731000000000001	0.070207	0.007441
3.496264	0.310471	0.5487479999999999	0.324371	0.484838	AUT	proton	pi+	0.0	0.008648999999999999	0.070207	0.007203
3.50296	0.394396	0.431424	0.32436	0.48565200000000003	AUT	proton	pi+	0.0	0.016364	0.070207	0.006954000000000001
3.407973	0.290543	0.581873	0.325669	0.691049	AUT	proton	pi+	0.0	0.013151	0.070207	0.007275
3.330357	0.260414	0.621092	0.37390500000000004	0.12800699999999998	AUT	proton	pi+	0.0	0.011894	0.070207	0.007345999999999999
3.4506589999999995	0.316709	0.529542	0.37390500000000004	0.127339	AUT	proton	pi+	0.0	0.011559999999999999	0.070207	0.0071530000000000005
3.4873279999999998	0.388846	0.435879	0.373723	0.126412	AUT	proton	pi+	0.0	0.011179999999999999	0.070207	0.006938
3.239518	0.24647600000000003	0.638031	0.37388299999999997	0.29871	AUT	proton	pi+	0.0	0.010879	0.070207	0.007398999999999999
3.459368	0.28551	0.587542	0.374078	0.293714	AUT	proton	pi+	0.0	0.010509000000000001	0.070207	0.007254000000000001
3.46326	0.326311	0.515163	0.374162	0.290005	AUT	proton	pi+	0.0	0.009993	0.070207	0.007123
3.4922989999999996	0.39098	0.43410299999999996	0.374227	0.28910399999999997	AUT	proton	pi+	0.0	0.011351	0.070207	0.006931999999999999
3.310203	0.253096	0.636721	0.374089	0.487232	AUT	proton	pi+	0.0	0.010331	0.070207	0.0073739999999999995
3.498335	0.345024	0.497917	0.374496	0.48302	AUT	proton	pi+	0.0	0.00954	0.070207	0.007067
3.402297	0.28802	0.585033	0.374844	0.71019	AUT	proton	pi+	0.0	0.010595	0.070207	0.007253
3.3653449999999996	0.270382	0.605513	0.42358900000000005	0.128415	AUT	proton	pi+	0.0	0.010989	0.070207	0.0072829999999999995
3.442639	0.351315	0.478016	0.42370699999999994	0.127501	AUT	proton	pi+	0.0	0.010784	0.070207	0.0070209999999999995
3.656761	0.430536	0.411522	0.42348100000000005	0.126723	AUT	proton	pi+	0.0	0.027632	0.070207	0.006789
3.2828269999999997	0.254189	0.627021	0.42344	0.297639	AUT	proton	pi+	0.0	0.011441	0.070207	0.007343000000000001
3.4711300000000005	0.302385	0.557365	0.423993	0.29331799999999997	AUT	proton	pi+	0.0	0.010681999999999999	0.070207	0.007170999999999999
3.449529	0.366554	0.45794300000000004	0.42410299999999995	0.29134099999999996	AUT	proton	pi+	0.0	0.011286	0.070207	0.006976
3.664679	0.434016	0.409076	0.42413999999999996	0.292687	AUT	proton	pi+	0.0	0.033332	0.070207	0.006778
3.3541870000000005	0.265691	0.614581	0.423633	0.486796	AUT	proton	pi+	0.0	0.013049000000000002	0.070207	0.007301
3.4900349999999998	0.360105	0.474001	0.42448800000000003	0.48229099999999997	AUT	proton	pi+	0.0	0.013859999999999999	0.070207	0.006993999999999999
3.409415	0.28967	0.580276	0.42421099999999995	0.725494	AUT	proton	pi+	0.0	0.009561	0.070207	0.00722
3.376246	0.305978	0.539833	0.47217600000000004	0.128339	AUT	proton	pi+	0.0	0.010694	0.070207	0.007139
3.5123339999999996	0.399334	0.42683699999999997	0.47350299999999995	0.128261	AUT	proton	pi+	0.0	0.01726	0.070207	0.006853
3.3368870000000004	0.283937	0.571624	0.471308	0.29599699999999995	AUT	proton	pi+	0.0	0.010781	0.070207	0.0072109999999999995
3.4617080000000002	0.366578	0.460585	0.47403100000000004	0.293741	AUT	proton	pi+	0.0	0.011391	0.070207	0.0069489999999999994
3.8019	0.451391	0.40804	0.47398599999999996	0.29680500000000004	AUT	proton	pi+	0.0	0.070483	0.070207	0.006698999999999999
3.3895980000000003	0.31458	0.530832	0.472645	0.485558	AUT	proton	pi+	0.0	0.013647	0.070207	0.007112
3.652372	0.429383	0.412127	0.473551	0.468876	AUT	proton	pi+	0.0	0.043205	0.070207	0.006765
3.41143	0.302679	0.552219	0.47234799999999993	0.730363	AUT	proton	pi+	0.0	0.012154	0.070207	0.00715
3.3059519999999996	0.310697	0.517215	0.521546	0.23148600000000003	AUT	proton	pi+	0.0	0.010711	0.070207	0.007095000000000001
3.4829480000000004	0.38650500000000004	0.438104	0.523727	0.23372300000000001	AUT	proton	pi+	0.0	0.011479999999999999	0.070207	0.006862
3.3915910000000005	0.333472	0.497792	0.522077	0.546374	AUT	proton	pi+	0.0	0.014237	0.070207	0.007023000000000001
3.299657	0.340079	0.471724	0.571856	0.297747	AUT	proton	pi+	0.0	0.01185	0.070207	0.006973
3.568997	0.40774699999999997	0.42431199999999997	0.572126	0.26163000000000003	AUT	proton	pi+	0.0	0.019165	0.070207	0.006768000000000001
3.3215589999999997	0.359575	0.448532	0.6193029999999999	0.277354	AUT	proton	pi+	0.0	0.016219	0.070207	0.006881999999999999
4.2770410000000005	0.324294	0.639621	0.324049	0.126058	AUT	proton	pi+	0.0	0.020881	0.070207	0.007154000000000001
4.508431	0.368299	0.593638	0.324083	0.126449	AUT	proton	pi+	0.0	0.019243	0.070207	0.007023000000000001
4.516629	0.43592700000000006	0.504324	0.323898	0.127201	AUT	proton	pi+	0.0	0.014638	0.070207	0.006828
4.899151	0.521145	0.45541800000000005	0.32358400000000004	0.131301	AUT	proton	pi+	0.0	0.148789	0.070207	0.006576
4.2442400000000005	0.318458	0.6461720000000001	0.324237	0.29089299999999996	AUT	proton	pi+	0.0	0.017842	0.070207	0.0071719999999999996
4.474494	0.35446500000000003	0.6118239999999999	0.32424000000000003	0.289612	AUT	proton	pi+	0.0	0.015319	0.070207	0.007063
4.498607	0.393396	0.554714	0.3243	0.288074	AUT	proton	pi+	0.0	0.013738	0.070207	0.006951000000000001
4.533783000000001	0.456445	0.482264	0.324173	0.290271	AUT	proton	pi+	0.0	0.014327000000000001	0.070207	0.006768000000000001
4.374288	0.34472800000000003	0.617078	0.32448699999999997	0.48322299999999996	AUT	proton	pi+	0.0	0.015996	0.070207	0.007092
4.508789	0.43861400000000006	0.500166	0.32443	0.483278	AUT	proton	pi+	0.0	0.016142	0.070207	0.0068189999999999995
4.423079	0.36665	0.590889	0.324884	0.702601	AUT	proton	pi+	0.0	0.018262	0.070207	0.007026999999999999
4.321426	0.33105	0.633317	0.373849	0.12692	AUT	proton	pi+	0.0	0.018871000000000002	0.070207	0.007102
4.522715	0.39253299999999997	0.5599930000000001	0.373866	0.127635	AUT	proton	pi+	0.0	0.017166	0.070207	0.00692
4.515746	0.467664	0.46829	0.3736	0.127545	AUT	proton	pi+	0.0	0.023729	0.070207	0.006703
4.274104	0.322737	0.642221	0.374184	0.292517	AUT	proton	pi+	0.0	0.018888	0.070207	0.007128
4.49788	0.36578299999999997	0.5963229999999999	0.374153	0.290746	AUT	proton	pi+	0.0	0.015708	0.070207	0.006998000000000001
4.502514	0.42676099999999995	0.512931	0.374183	0.29083600000000004	AUT	proton	pi+	0.0	0.013818	0.070207	0.006821
4.674981	0.49581499999999995	0.45680200000000004	0.373998	0.295466	AUT	proton	pi+	0.0	0.039063	0.070207	0.006618000000000001
4.38891	0.349011	0.6122380000000001	0.37456500000000004	0.48236599999999996	AUT	proton	pi+	0.0	0.020729	0.070207	0.0070480000000000004
4.516729	0.447186	0.49090200000000006	0.374525	0.48243500000000006	AUT	proton	pi+	0.0	0.01913	0.070207	0.006761
4.418439	0.366131	0.590847	0.37473	0.717773	AUT	proton	pi+	0.0	0.015698	0.070207	0.006997
4.366205	0.340889	0.621989	0.42352	0.12768800000000002	AUT	proton	pi+	0.0	0.017584	0.070207	0.007045
4.5268559999999995	0.423883	0.5205489999999999	0.423741	0.12878299999999998	AUT	proton	pi+	0.0	0.017412999999999998	0.070207	0.0067989999999999995
4.310237	0.329072	0.635389	0.423642	0.293806	AUT	proton	pi+	0.0	0.019169	0.070207	0.0070810000000000005
4.507154	0.38364000000000004	0.5704060000000001	0.42404899999999995	0.291986	AUT	proton	pi+	0.0	0.0153	0.070207	0.006917
4.539082	0.45575	0.4836	0.42400200000000005	0.294723	AUT	proton	pi+	0.0	0.019002	0.070207	0.006706999999999999
4.404214	0.35878899999999997	0.5993069999999999	0.424256	0.4839	AUT	proton	pi+	0.0	0.020378999999999998	0.070207	0.006991
4.544022	0.465496	0.473517	0.42433000000000004	0.48147	AUT	proton	pi+	0.0	0.027718	0.070207	0.006678
4.411256	0.363775	0.593223	0.424433	0.7263609999999999	AUT	proton	pi+	0.0	0.016493999999999998	0.070207	0.006975
4.302651	0.348391	0.599202	0.469437	0.22702600000000003	AUT	proton	pi+	0.0	0.017190999999999998	0.070207	0.006997
4.510047	0.40571599999999997	0.53964	0.473554	0.230081	AUT	proton	pi+	0.0	0.0146	0.070207	0.006825
4.545989	0.470629	0.468375	0.47372600000000004	0.23827199999999998	AUT	proton	pi+	0.0	0.020909999999999998	0.070207	0.006634
4.400375	0.383286	0.560789	0.472	0.5542729999999999	AUT	proton	pi+	0.0	0.016279	0.070207	0.0068909999999999996
4.660626000000001	0.48845500000000003	0.462322	0.473067	0.474038	AUT	proton	pi+	0.0	0.053585	0.070207	0.00658
4.393466	0.412078	0.519343	0.5211720000000001	0.23546399999999998	AUT	proton	pi+	0.0	0.013703	0.070207	0.006776999999999999
4.70672	0.499249	0.45672700000000005	0.5232640000000001	0.248033	AUT	proton	pi+	0.0	0.050229	0.070207	0.006515000000000001
4.397558999999999	0.409387	0.52291	0.5210819999999999	0.533054	AUT	proton	pi+	0.0	0.021516	0.070207	0.006784999999999999
4.374764	0.43366000000000005	0.48994799999999994	0.569325	0.307582	AUT	proton	pi+	0.0	0.016825	0.070207	0.006682
5.335603	0.413858	0.6258279999999999	0.323848	0.12682100000000002	AUT	proton	pi+	0.0	0.021998	0.070207	0.006887000000000001
5.537116999999999	0.492692	0.545986	0.323856	0.126673	AUT	proton	pi+	0.0	0.025309	0.070207	0.006657
5.304018	0.402443	0.639239	0.324104	0.290591	AUT	proton	pi+	0.0	0.016985	0.070207	0.00692
5.511143	0.46953100000000003	0.570138	0.324372	0.28722800000000004	AUT	proton	pi+	0.0	0.016419	0.070207	0.006725
5.610519	0.538694	0.5046	0.324447	0.289096	AUT	proton	pi+	0.0	0.041434	0.070207	0.006520000000000001
5.410693	0.436576	0.604676	0.32452800000000004	0.5301170000000001	AUT	proton	pi+	0.0	0.013975	0.070207	0.0068189999999999995
5.659644	0.5452899999999999	0.5028130000000001	0.32465700000000003	0.489598	AUT	proton	pi+	0.0	0.074051	0.070207	0.0065
5.374251999999999	0.426752	0.612301	0.373752	0.127575	AUT	proton	pi+	0.0	0.021216	0.070207	0.006816
5.566388	0.513025	0.5263	0.373638	0.128144	AUT	proton	pi+	0.0	0.038376	0.070207	0.006562
5.33849	0.41053999999999996	0.631087	0.374136	0.292225	AUT	proton	pi+	0.0	0.017818	0.070207	0.006862999999999999
5.53072	0.49044099999999996	0.548091	0.374235	0.28996	AUT	proton	pi+	0.0	0.019459	0.070207	0.006628
5.420199	0.43931400000000004	0.602604	0.374579	0.541918	AUT	proton	pi+	0.0	0.016082	0.070207	0.006776999999999999
5.948639	0.571887	0.5039140000000001	0.374392	0.468966	AUT	proton	pi+	0.0	0.520674	0.070207	0.006382
5.284274	0.40283	0.6362359999999999	0.423515	0.22905	AUT	proton	pi+	0.0	0.019438999999999998	0.070207	0.006856999999999999
5.493513	0.46101099999999995	0.5781569999999999	0.42392700000000005	0.225023	AUT	proton	pi+	0.0	0.018453	0.070207	0.006686
5.573358	0.523816	0.515804	0.423849	0.231477	AUT	proton	pi+	0.0	0.0298	0.070207	0.006497
5.420115	0.439978	0.601625	0.424289	0.543204	AUT	proton	pi+	0.0	0.019614	0.070207	0.006744
5.374184	0.443254	0.588982	0.470627	0.228066	AUT	proton	pi+	0.0	0.018246000000000002	0.070207	0.00671
5.568702	0.520308	0.518937	0.47374099999999997	0.236556	AUT	proton	pi+	0.0	0.031051	0.070207	0.006476999999999999
5.420226	0.457875	0.5767140000000001	0.47140600000000005	0.534555	AUT	proton	pi+	0.0	0.026048	0.070207	0.006664
5.403472	0.488121	0.537684	0.519922	0.306394	AUT	proton	pi+	0.0	0.021487	0.070207	0.0065439999999999995
6.345228	0.492597	0.625116	0.323853	0.224219	AUT	proton	pi+	0.0	0.017292	0.070207	0.006654
6.788539999999999	0.568469	0.578669	0.323961	0.217718	AUT	proton	pi+	0.0	0.019280000000000002	0.070207	0.006426
6.570711	0.52089	0.6133850000000001	0.324772	0.523922	AUT	proton	pi+	0.0	0.020842	0.070207	0.006566
6.394191	0.504556	0.615468	0.373835	0.227577	AUT	proton	pi+	0.0	0.018019	0.070207	0.0065829999999999994
6.882289999999999	0.582046	0.572711	0.373817	0.223325	AUT	proton	pi+	0.0	0.027957999999999997	0.070207	0.0063479999999999995
6.561230999999999	0.520025	0.613526	0.37448200000000004	0.5275310000000001	AUT	proton	pi+	0.0	0.029615	0.070207	0.006533
6.491231	0.5237189999999999	0.6026520000000001	0.423617	0.230091	AUT	proton	pi+	0.0	0.018022999999999997	0.070207	0.006490999999999999
7.436980999999999	0.6161409999999999	0.584666	0.42368599999999995	0.22419099999999997	AUT	proton	pi+	0.0	0.085033	0.070207	0.00621
6.543122	0.51948	0.612486	0.42394799999999994	0.527948	AUT	proton	pi+	0.0	0.038229	0.070207	0.006503
6.498819999999999	0.536868	0.5877640000000001	0.471042	0.304824	AUT	proton	pi+	0.0	0.021258000000000003	0.070207	0.006421
1.174282	0.12162	0.590375	0.32410100000000003	0.13359000000000001	AUT	proton	pi+	0.0	0.010034	0.070207	0.011445
1.444036	0.16852999999999999	0.519616	0.32564699999999996	0.130026	AUT	proton	pi+	0.0	0.007758	0.070207	0.011056999999999999
1.754331	0.223275	0.47775200000000007	0.32758400000000004	0.128149	AUT	proton	pi+	0.0	0.008893999999999999	0.070207	0.010667
1.144317	0.09892100000000001	0.705221	0.32374	0.30764600000000003	AUT	proton	pi+	0.0	0.006693999999999999	0.070207	0.011643
1.276453	0.125567	0.616534	0.324081	0.300152	AUT	proton	pi+	0.0	0.005633	0.070207	0.011413
1.417598	0.15087899999999999	0.569523	0.324725	0.29677800000000004	AUT	proton	pi+	0.0	0.005059	0.070207	0.011198
1.607726	0.184566	0.528525	0.325446	0.291713	AUT	proton	pi+	0.0	0.004606	0.070207	0.010933
1.793043	0.232318	0.468819	0.328044	0.285412	AUT	proton	pi+	0.0	0.007079	0.070207	0.010609
1.189743	0.10005599999999999	0.725748	0.324563	0.48602700000000004	AUT	proton	pi+	0.0	0.006294	0.070207	0.011633
1.386996	0.137302	0.613992	0.32491	0.48461099999999996	AUT	proton	pi+	0.0	0.005994	0.070207	0.011311
1.637685	0.192076	0.5211210000000001	0.326619	0.484378	AUT	proton	pi+	0.0	0.008642	0.070207	0.010882
1.3657270000000001	0.13977799999999999	0.619735	0.327932	0.659133	AUT	proton	pi+	0.0	0.010985	0.070207	0.011292
1.195064	0.13093	0.559074	0.37392800000000004	0.131113	AUT	proton	pi+	0.0	0.010098000000000001	0.070207	0.011331
1.464548	0.184452	0.48177200000000003	0.37485599999999997	0.127421	AUT	proton	pi+	0.0	0.007862000000000001	0.070207	0.010898
1.7288	0.24353000000000002	0.43134300000000003	0.37562199999999996	0.126068	AUT	proton	pi+	0.0	0.009056	0.070207	0.010508
1.158308	0.105652	0.66937	0.373739	0.30611700000000003	AUT	proton	pi+	0.0	0.006518	0.070207	0.011554
1.3188	0.138656	0.577159	0.374092	0.297134	AUT	proton	pi+	0.0	0.005714	0.070207	0.011266
1.476583	0.171736	0.521489	0.374603	0.292229	AUT	proton	pi+	0.0	0.0051259999999999995	0.070207	0.010993000000000001
1.6802580000000003	0.22484	0.45585299999999995	0.375231	0.28631100000000004	AUT	proton	pi+	0.0	0.005026	0.070207	0.010623
1.204707	0.10386500000000001	0.708867	0.374203	0.492171	AUT	proton	pi+	0.0	0.005674	0.070207	0.01157
1.419866	0.148618	0.582087	0.374343	0.489575	AUT	proton	pi+	0.0	0.005372	0.070207	0.011179999999999999
1.6323530000000002	0.212311	0.4701	0.37535599999999997	0.489393	AUT	proton	pi+	0.0	0.008884999999999999	0.070207	0.010706
1.371916	0.14313900000000002	0.6092920000000001	0.376199	0.676163	AUT	proton	pi+	0.0	0.008722	0.070207	0.011231999999999999
1.211382	0.137762	0.539168	0.423864	0.12979000000000002	AUT	proton	pi+	0.0	0.010171	0.070207	0.011247
1.511896	0.202423	0.45420900000000003	0.424202	0.126224	AUT	proton	pi+	0.0	0.007659999999999999	0.070207	0.010740000000000001
1.809604	0.269187	0.40746	0.42396000000000006	0.126336	AUT	proton	pi+	0.0	0.01697	0.070207	0.010332
1.17434	0.11286700000000001	0.636101	0.42380100000000004	0.304917	AUT	proton	pi+	0.0	0.006872	0.070207	0.011466
1.366671	0.15331	0.541281	0.424174	0.29475300000000004	AUT	proton	pi+	0.0	0.0059229999999999994	0.070207	0.011114
1.5495450000000002	0.198787	0.473811	0.42434399999999994	0.288992	AUT	proton	pi+	0.0	0.005445	0.070207	0.010763
1.756725	0.25642800000000004	0.41556899999999997	0.42426899999999995	0.2877	AUT	proton	pi+	0.0	0.010121	0.070207	0.010402
1.219159	0.10928299999999999	0.68267	0.42375	0.494332	AUT	proton	pi+	0.0	0.005268	0.070207	0.011498
1.47066	0.166499	0.540636	0.424216	0.491122	AUT	proton	pi+	0.0	0.005183	0.070207	0.011007
1.689859	0.23896199999999998	0.429763	0.424121	0.489647	AUT	proton	pi+	0.0	0.012745999999999999	0.070207	0.010504000000000001
1.353647	0.139023	0.613805	0.425166	0.694443	AUT	proton	pi+	0.0	0.0073230000000000005	0.070207	0.011238
1.808182	0.24664699999999998	0.44447600000000004	0.42405699999999996	0.658121	AUT	proton	pi+	0.0	0.052254999999999996	0.070207	0.010454000000000001
1.246721	0.148039	0.517588	0.47396099999999997	0.128794	AUT	proton	pi+	0.0	0.009658	0.070207	0.011136
1.59703	0.221572	0.43873100000000004	0.473999	0.126924	AUT	proton	pi+	0.0	0.009067	0.070207	0.010586
1.1908219999999998	0.12001500000000001	0.606681	0.473789	0.30336399999999997	AUT	proton	pi+	0.0	0.007490999999999999	0.070207	0.011381
1.4154120000000001	0.16879	0.509682	0.474221	0.293553	AUT	proton	pi+	0.0	0.006094	0.070207	0.010962000000000001
1.650309	0.227921	0.440934	0.474315	0.289514	AUT	proton	pi+	0.0	0.007064	0.070207	0.010544
1.258264	0.121688	0.633865	0.473529	0.493155	AUT	proton	pi+	0.0	0.005215	0.070207	0.011365
1.568971	0.196239	0.49108900000000005	0.474203	0.48828599999999994	AUT	proton	pi+	0.0	0.00636	0.070207	0.010759000000000001
1.366963	0.14375	0.594546	0.474224	0.7108359999999999	AUT	proton	pi+	0.0	0.006719	0.070207	0.011175
1.294917	0.15959600000000002	0.49953100000000006	0.523922	0.128616	AUT	proton	pi+	0.0	0.009023	0.070207	0.011016
1.670059	0.238196	0.4258	0.523875	0.128002	AUT	proton	pi+	0.0	0.012868000000000001	0.070207	0.010449
1.2229459999999999	0.131437	0.569654	0.523667	0.300764	AUT	proton	pi+	0.0	0.007599	0.070207	0.011255
1.523102	0.198329	0.468264	0.5242140000000001	0.292377	AUT	proton	pi+	0.0	0.006222999999999999	0.070207	0.010712000000000001
1.81948	0.271516	0.406117	0.5243979999999999	0.29225300000000004	AUT	proton	pi+	0.0	0.020759	0.070207	0.010256999999999999
1.3195370000000002	0.140408	0.578531	0.523524	0.48999	AUT	proton	pi+	0.0	0.006114	0.070207	0.011176
1.67527	0.222412	0.458851	0.523864	0.480062	AUT	proton	pi+	0.0	0.013068999999999999	0.070207	0.010546
1.362093	0.145322	0.578705	0.523471	0.7263569999999999	AUT	proton	pi+	0.0	0.006783	0.070207	0.011136
1.1855040000000001	0.13278399999999999	0.544794	0.573334	0.240411	AUT	proton	pi+	0.0	0.008633	0.070207	0.011217
1.413103	0.18054	0.474866	0.57392	0.22673000000000001	AUT	proton	pi+	0.0	0.0073549999999999996	0.070207	0.010809000000000001
1.666595	0.234661	0.43148000000000003	0.573571	0.22100999999999998	AUT	proton	pi+	0.0	0.008729	0.070207	0.010435
1.314685	0.145025	0.554527	0.573036	0.5499029999999999	AUT	proton	pi+	0.0	0.006443000000000001	0.070207	0.011106999999999999
1.7239810000000002	0.21812600000000001	0.48059799999999997	0.573088	0.512103	AUT	proton	pi+	0.0	0.016477000000000002	0.070207	0.010534
1.225098	0.147803	0.505927	0.623051	0.233173	AUT	proton	pi+	0.0	0.00839	0.070207	0.01105
1.594255	0.211486	0.45812700000000006	0.622542	0.219573	AUT	proton	pi+	0.0	0.008169	0.070207	0.010546
1.3710129999999998	0.157825	0.530345	0.622043	0.5448890000000001	AUT	proton	pi+	0.0	0.009378000000000001	0.070207	0.010965
1.3121530000000001	0.161853	0.49284300000000003	0.671357	0.279731	AUT	proton	pi+	0.0	0.008088	0.070207	0.010891
1.807411	0.230721	0.47492399999999996	0.668871	0.227131	AUT	proton	pi+	0.0	0.0217	0.070207	0.010366
2.196596	0.22599499999999997	0.594014	0.323967	0.250975	AUT	proton	pi+	0.0	0.005789	0.070207	0.010645
2.42275	0.284091	0.517005	0.32523	0.21830700000000003	AUT	proton	pi+	0.0	0.006103	0.070207	0.010320000000000001
2.678441	0.339331	0.47872600000000004	0.326701	0.21563800000000002	AUT	proton	pi+	0.0	0.008375	0.070207	0.010067
2.358904	0.253585	0.579706	0.325432	0.512184	AUT	proton	pi+	0.0	0.008389	0.070207	0.010497
2.9037439999999997	0.386954	0.454455	0.32728	0.48738000000000004	AUT	proton	pi+	0.0	0.146701	0.070207	0.009867
2.2230540000000003	0.237459	0.5716600000000001	0.373931	0.24180300000000002	AUT	proton	pi+	0.0	0.006079	0.070207	0.010535
2.4622889999999997	0.304533	0.49071499999999996	0.374222	0.21548	AUT	proton	pi+	0.0	0.006702	0.070207	0.010183
2.7582240000000002	0.364176	0.458775	0.37414200000000003	0.21998099999999998	AUT	proton	pi+	0.0	0.016005000000000002	0.070207	0.009921
2.353797	0.25556799999999996	0.57473	0.374894	0.532415	AUT	proton	pi+	0.0	0.007294	0.070207	0.010445999999999999
2.253156	0.24795	0.55471	0.42389499999999997	0.236238	AUT	proton	pi+	0.0	0.006654	0.070207	0.010440999999999999
2.531222	0.320797	0.478857	0.424048	0.21886999999999998	AUT	proton	pi+	0.0	0.008346	0.070207	0.010073
2.351521	0.254897	0.57433	0.424415	0.547764	AUT	proton	pi+	0.0	0.006899	0.070207	0.010414
2.298926	0.26165900000000003	0.536933	0.47390299999999996	0.232616	AUT	proton	pi+	0.0	0.006947	0.070207	0.010334000000000001
2.599856	0.33679499999999996	0.46785699999999997	0.474012	0.224282	AUT	proton	pi+	0.0	0.012514	0.070207	0.009967
2.352637	0.256413	0.56817	0.474088	0.556657	AUT	proton	pi+	0.0	0.007311	0.070207	0.01037
2.361504	0.27805799999999997	0.5203800000000001	0.523961	0.232494	AUT	proton	pi+	0.0	0.007125	0.070207	0.010215
2.8450029999999997	0.378689	0.455	0.523704	0.23787600000000003	AUT	proton	pi+	0.0	0.0416	0.070207	0.009748
2.352329	0.257087	0.562729	0.52367	0.5578649999999999	AUT	proton	pi+	0.0	0.008848	0.070207	0.010328
2.360159	0.273781	0.527159	0.573469	0.29643	AUT	proton	pi+	0.0	0.007402	0.070207	0.010197
2.822212	0.370324	0.46160500000000004	0.5712470000000001	0.230983	AUT	proton	pi+	0.0	0.039731	0.070207	0.009743
2.366364	0.27163899999999996	0.530608	0.62188	0.305607	AUT	proton	pi+	0.0	0.009302	0.070207	0.010163
3.331351	0.367192	0.550934	0.324393	0.210812	AUT	proton	pi+	0.0	0.010348999999999999	0.070207	0.009945
3.693945	0.43271099999999996	0.517061	0.324355	0.2092	AUT	proton	pi+	0.0	0.021837	0.070207	0.009675
3.3692330000000004	0.374727	0.546744	0.32454299999999997	0.5270560000000001	AUT	proton	pi+	0.0	0.018902000000000002	0.070207	0.009913
3.322025	0.366	0.5512100000000001	0.37422	0.265739	AUT	proton	pi+	0.0	0.010425	0.070207	0.009906
3.682271	0.43112700000000004	0.517323	0.374173	0.263045	AUT	proton	pi+	0.0	0.020644	0.070207	0.009636
3.3856029999999997	0.377445	0.545238	0.42412299999999997	0.271389	AUT	proton	pi+	0.0	0.010869	0.070207	0.009818
3.897219	0.46205799999999997	0.510767	0.42419399999999996	0.261413	AUT	proton	pi+	0.0	0.087586	0.070207	0.009465000000000001
3.387655	0.376777	0.546583	0.474062	0.299315	AUT	proton	pi+	0.0	0.01169	0.070207	0.009784000000000001
3.3879120000000005	0.37569	0.548095	0.523842	0.299055	AUT	proton	pi+	0.0	0.013642	0.070207	0.009748
3.382328	0.372282	0.551912	0.573213	0.288511	AUT	proton	pi+	0.0	0.016446000000000002	0.070207	0.009719
3.36076	0.365004	0.5584720000000001	0.6205229999999999	0.26519499999999996	AUT	proton	pi+	0.0	0.022779	0.070207	0.009705
4.320867	0.461978	0.566879	0.324221	0.263362	AUT	proton	pi+	0.0	0.015871	0.070207	0.009548000000000001
4.317346	0.46194700000000005	0.566467	0.374172	0.270894	AUT	proton	pi+	0.0	0.019347	0.070207	0.009501
4.315057	0.461689	0.5664819999999999	0.42405299999999996	0.275746	AUT	proton	pi+	0.0	0.023326	0.070207	0.00946
4.310397	0.460951	0.566786	0.47395600000000004	0.279298	AUT	proton	pi+	0.0	0.028252	0.070207	0.009422
4.30408	0.45941000000000004	0.5678489999999999	0.52351	0.27005300000000004	AUT	proton	pi+	0.0	0.032609	0.070207	0.009385
