Q2	x	y	z	pT	obs	target	hadron	value	stat	systrel	systabs
1.155111	0.089861	0.624084	0.32203200000000004	0.164096	AUT	neutron	pi+	0.0	0.00294	0.070207	0.001121
1.310437	0.106806	0.594612	0.322757	0.153358	AUT	neutron	pi+	0.0	0.002375	0.070207	0.001147
1.414182	0.11891900000000001	0.576234	0.323044	0.147178	AUT	neutron	pi+	0.0	0.002231	0.070207	0.001166
1.492434	0.129139	0.559974	0.32314899999999996	0.142347	AUT	neutron	pi+	0.0	0.002228	0.070207	0.001184
1.548085	0.138215	0.542701	0.323387	0.137486	AUT	neutron	pi+	0.0	0.002292	0.070207	0.0012
1.593373	0.146976	0.525284	0.323491	0.132691	AUT	neutron	pi+	0.0	0.002359	0.070207	0.001216
1.6292209999999998	0.155998	0.50605	0.32360700000000003	0.128243	AUT	neutron	pi+	0.0	0.002433	0.070207	0.001232
1.663835	0.16542	0.48735900000000004	0.32374899999999995	0.12384300000000001	AUT	neutron	pi+	0.0	0.002623	0.070207	0.0012490000000000001
1.69419	0.17558800000000002	0.467537	0.32393	0.11935499999999999	AUT	neutron	pi+	0.0	0.002762	0.070207	0.001268
1.7219509999999998	0.18746300000000002	0.44513400000000003	0.323952	0.11485699999999999	AUT	neutron	pi+	0.0	0.002924	0.070207	0.0012900000000000001
1.750434	0.202469	0.41902	0.324121	0.11108599999999999	AUT	neutron	pi+	0.0	0.003094	0.070207	0.001318
1.795057	0.223944	0.388671	0.325475	0.11125499999999999	AUT	neutron	pi+	0.0	0.0029850000000000002	0.070207	0.001358
1.876011	0.25487	0.357099	0.330127	0.119307	AUT	neutron	pi+	0.0	0.004221	0.070207	0.001415
1.0684420000000001	0.065341	0.793523	0.321492	0.338154	AUT	neutron	pi+	0.0	0.0022170000000000002	0.070207	0.001084
1.1128639999999999	0.072821	0.7405470000000001	0.322376	0.32379	AUT	neutron	pi+	0.0	0.002071	0.070207	0.0010949999999999998
1.142297	0.07750900000000001	0.714054	0.322693	0.318918	AUT	neutron	pi+	0.0	0.002097	0.070207	0.001102
1.1657620000000002	0.081389	0.693964	0.322862	0.31549299999999997	AUT	neutron	pi+	0.0	0.0020469999999999998	0.070207	0.001108
1.191273	0.084858	0.680117	0.323048	0.313092	AUT	neutron	pi+	0.0	0.002085	0.070207	0.001113
1.225012	0.088156	0.673211	0.32313800000000004	0.311475	AUT	neutron	pi+	0.0	0.002081	0.070207	0.001118
1.256851	0.091351	0.666547	0.32325	0.30980100000000005	AUT	neutron	pi+	0.0	0.002152	0.070207	0.001123
1.287501	0.094402	0.660729	0.323272	0.308231	AUT	neutron	pi+	0.0	0.002189	0.070207	0.001127
1.3185120000000001	0.097499	0.655154	0.323297	0.306897	AUT	neutron	pi+	0.0	0.002136	0.070207	0.001132
1.350314	0.10069700000000001	0.6496460000000001	0.323428	0.305707	AUT	neutron	pi+	0.0	0.002171	0.070207	0.001137
1.3820860000000001	0.10394500000000001	0.6441520000000001	0.323492	0.304293	AUT	neutron	pi+	0.0	0.002182	0.070207	0.001142
1.414268	0.10724500000000001	0.638871	0.32350500000000004	0.303154	AUT	neutron	pi+	0.0	0.00223	0.070207	0.0011480000000000001
1.44476	0.110545	0.633166	0.323592	0.30182	AUT	neutron	pi+	0.0	0.002292	0.070207	0.001153
1.475468	0.113845	0.627871	0.323602	0.300771	AUT	neutron	pi+	0.0	0.002345	0.070207	0.001158
1.508268	0.117245	0.623219	0.323677	0.299858	AUT	neutron	pi+	0.0	0.002355	0.070207	0.001164
1.540137	0.120745	0.617946	0.323751	0.299104	AUT	neutron	pi+	0.0	0.0024289999999999997	0.070207	0.00117
1.57209	0.124287	0.6127859999999999	0.32375	0.297894	AUT	neutron	pi+	0.0	0.0024879999999999998	0.070207	0.001176
1.598228	0.127935	0.605223	0.323901	0.29696300000000003	AUT	neutron	pi+	0.0	0.002585	0.070207	0.001183
1.6184120000000002	0.131774	0.595019	0.323943	0.295771	AUT	neutron	pi+	0.0	0.002679	0.070207	0.001189
1.635473	0.13605799999999998	0.582363	0.32398899999999997	0.29429099999999997	AUT	neutron	pi+	0.0	0.0027890000000000002	0.070207	0.0011970000000000001
1.653874	0.14080399999999998	0.56907	0.324065	0.292475	AUT	neutron	pi+	0.0	0.003069	0.070207	0.0012050000000000001
1.66993	0.14603	0.554042	0.32411799999999996	0.290971	AUT	neutron	pi+	0.0	0.003423	0.070207	0.001215
1.683489	0.152099	0.5362779999999999	0.324223	0.289401	AUT	neutron	pi+	0.0	0.004035	0.070207	0.0012259999999999999
1.695355	0.159398	0.515351	0.32424200000000003	0.288765	AUT	neutron	pi+	0.0	0.0051259999999999995	0.070207	0.001239
1.70861	0.168651	0.490938	0.324229	0.28920100000000004	AUT	neutron	pi+	0.0	0.007236	0.070207	0.001256
1.7218200000000001	0.180765	0.46163999999999994	0.32421	0.290765	AUT	neutron	pi+	0.0	0.009762	0.070207	0.0012779999999999998
1.74344	0.196984	0.42904799999999993	0.32414299999999996	0.291796	AUT	neutron	pi+	0.0	0.008657999999999999	0.070207	0.001308
1.789133	0.22219	0.39063400000000004	0.325554	0.29191999999999996	AUT	neutron	pi+	0.0	0.007384	0.070207	0.001354
1.878566	0.25700100000000003	0.354602	0.331167	0.291462	AUT	neutron	pi+	0.0	0.013479	0.070207	0.001419
1.050016	0.061275	0.8308549999999999	0.32253699999999996	0.501174	AUT	neutron	pi+	0.0	0.002089	0.070207	0.001078
1.092581	0.06693099999999999	0.790978	0.323283	0.497069	AUT	neutron	pi+	0.0	0.002147	0.070207	0.0010869999999999999
1.1241889999999999	0.071095	0.76613	0.323549	0.493853	AUT	neutron	pi+	0.0	0.002153	0.070207	0.001093
1.153983	0.074765	0.7478	0.323789	0.491494	AUT	neutron	pi+	0.0	0.00223	0.070207	0.001098
1.1835799999999999	0.07825499999999999	0.732762	0.323901	0.49017200000000005	AUT	neutron	pi+	0.0	0.002239	0.070207	0.001103
1.212221	0.081755	0.7183649999999999	0.32406799999999997	0.48926099999999995	AUT	neutron	pi+	0.0	0.002275	0.070207	0.001109
1.2459209999999998	0.08533500000000001	0.707339	0.324044	0.48878	AUT	neutron	pi+	0.0	0.0022660000000000002	0.070207	0.001114
1.285866	0.089036	0.6996760000000001	0.324087	0.488438	AUT	neutron	pi+	0.0	0.00236	0.070207	0.001119
1.324425	0.092838	0.69115	0.324164	0.487804	AUT	neutron	pi+	0.0	0.002386	0.070207	0.001125
1.364819	0.096828	0.682874	0.324156	0.487566	AUT	neutron	pi+	0.0	0.002436	0.070207	0.001131
1.405812	0.100923	0.6748430000000001	0.324183	0.487257	AUT	neutron	pi+	0.0	0.0025570000000000002	0.070207	0.0011380000000000001
1.4476440000000002	0.105226	0.666515	0.324181	0.487159	AUT	neutron	pi+	0.0	0.002568	0.070207	0.001145
1.489414	0.10991300000000001	0.656506	0.324223	0.486997	AUT	neutron	pi+	0.0	0.0025960000000000002	0.070207	0.001152
1.5326629999999999	0.114962	0.645903	0.324268	0.486813	AUT	neutron	pi+	0.0	0.002665	0.070207	0.001161
1.580573	0.120554	0.635208	0.324208	0.48682200000000003	AUT	neutron	pi+	0.0	0.0026260000000000003	0.070207	0.00117
1.622059	0.126776	0.6199279999999999	0.324232	0.48697700000000005	AUT	neutron	pi+	0.0	0.002696	0.070207	0.001181
1.636863	0.133936	0.59222	0.324211	0.48790600000000006	AUT	neutron	pi+	0.0	0.002691	0.070207	0.001193
1.6489630000000002	0.142973	0.558937	0.324085	0.489285	AUT	neutron	pi+	0.0	0.0026609999999999997	0.070207	0.001209
1.666225	0.154657	0.5222180000000001	0.323975	0.490375	AUT	neutron	pi+	0.0	0.002652	0.070207	0.00123
1.6925709999999998	0.170372	0.48167	0.323977	0.490996	AUT	neutron	pi+	0.0	0.0029739999999999996	0.070207	0.001259
1.7308810000000001	0.193969	0.433008	0.324048	0.491451	AUT	neutron	pi+	0.0	0.003966	0.070207	0.001302
1.815079	0.233767	0.37753000000000003	0.327336	0.49259	AUT	neutron	pi+	0.0	0.008048999999999999	0.070207	0.001375
1.090559	0.065423	0.809315	0.325808	0.668445	AUT	neutron	pi+	0.0	0.0020800000000000003	0.070207	0.001085
1.205136	0.078545	0.743999	0.326383	0.666708	AUT	neutron	pi+	0.0	0.002089	0.070207	0.001104
1.33591	0.091999	0.703912	0.32653000000000004	0.665678	AUT	neutron	pi+	0.0	0.0021850000000000003	0.070207	0.001124
1.498669	0.108555	0.669351	0.326515	0.6649520000000001	AUT	neutron	pi+	0.0	0.00242	0.070207	0.00115
1.6617680000000001	0.130951	0.616392	0.326823	0.662523	AUT	neutron	pi+	0.0	0.003182	0.070207	0.001189
1.762513	0.17736300000000002	0.48949499999999996	0.328966	0.649085	AUT	neutron	pi+	0.0	0.011675	0.070207	0.001271
1.220024	0.099281	0.596846	0.37252399999999997	0.159152	AUT	neutron	pi+	0.0	0.002669	0.070207	0.00114
1.412463	0.12125699999999999	0.5645720000000001	0.373123	0.145814	AUT	neutron	pi+	0.0	0.002281	0.070207	0.0011769999999999999
1.5187709999999999	0.135721	0.542297	0.37332600000000005	0.138895	AUT	neutron	pi+	0.0	0.002311	0.070207	0.0012029999999999999
1.588175	0.148355	0.5187930000000001	0.373514	0.132608	AUT	neutron	pi+	0.0	0.002378	0.070207	0.0012259999999999999
1.639101	0.161107	0.49305200000000005	0.373651	0.12676800000000002	AUT	neutron	pi+	0.0	0.00247	0.070207	0.00125
1.685253	0.174931	0.4669	0.373755	0.121923	AUT	neutron	pi+	0.0	0.002634	0.070207	0.001276
1.725495	0.190979	0.43795200000000006	0.373872	0.116969	AUT	neutron	pi+	0.0	0.002793	0.070207	0.001307
1.764028	0.212765	0.40209	0.373891	0.114399	AUT	neutron	pi+	0.0	0.002872	0.070207	0.001348
1.8170819999999999	0.251784	0.35094200000000003	0.374096	0.12496700000000001	AUT	neutron	pi+	0.0	0.00277	0.070207	0.0014199999999999998
1.958653	0.302636	0.31354699999999996	0.374202	0.144636	AUT	neutron	pi+	0.0	0.049638999999999996	0.070207	0.0015119999999999999
1.081594	0.07165	0.732751	0.369906	0.33036	AUT	neutron	pi+	0.0	0.002334	0.070207	0.001097
1.13517	0.080448	0.6838	0.371985	0.31922	AUT	neutron	pi+	0.0	0.0021739999999999997	0.070207	0.001111
1.1783139999999999	0.086134	0.662778	0.37236199999999997	0.31574	AUT	neutron	pi+	0.0	0.002171	0.070207	0.00112
1.231272	0.091325	0.653195	0.372609	0.313653	AUT	neutron	pi+	0.0	0.002105	0.070207	0.0011279999999999999
1.282692	0.09640800000000001	0.644588	0.372808	0.311585	AUT	neutron	pi+	0.0	0.002112	0.070207	0.0011359999999999999
1.330263	0.10120900000000001	0.636778	0.373028	0.30959200000000003	AUT	neutron	pi+	0.0	0.0022	0.070207	0.001143
1.375504	0.105797	0.6298729999999999	0.373125	0.307657	AUT	neutron	pi+	0.0	0.002221	0.070207	0.001151
1.419506	0.110501	0.622359	0.37327	0.305859	AUT	neutron	pi+	0.0	0.002209	0.070207	0.001159
1.4636360000000002	0.11524200000000001	0.6152989999999999	0.37342800000000004	0.304127	AUT	neutron	pi+	0.0	0.002288	0.070207	0.001167
1.507357	0.11994200000000001	0.608853	0.37353800000000004	0.302685	AUT	neutron	pi+	0.0	0.0023510000000000002	0.070207	0.001175
1.551004	0.12473699999999999	0.6023970000000001	0.373616	0.301168	AUT	neutron	pi+	0.0	0.002386	0.070207	0.001184
1.585766	0.129726	0.592232	0.373734	0.299518	AUT	neutron	pi+	0.0	0.00248	0.070207	0.001193
1.613126	0.135102	0.578488	0.373824	0.297667	AUT	neutron	pi+	0.0	0.002558	0.070207	0.001202
1.6407169999999998	0.141085	0.5634399999999999	0.373879	0.295645	AUT	neutron	pi+	0.0	0.0027670000000000004	0.070207	0.001213
1.667041	0.14794100000000002	0.545975	0.37411300000000003	0.29335300000000003	AUT	neutron	pi+	0.0	0.003041	0.070207	0.0012259999999999999
1.6878259999999998	0.156217	0.5235390000000001	0.37414400000000003	0.29104	AUT	neutron	pi+	0.0	0.003667	0.070207	0.001242
1.707525	0.166595	0.496712	0.374189	0.289501	AUT	neutron	pi+	0.0	0.005263	0.070207	0.001261
1.7240950000000002	0.180532	0.462938	0.37414400000000003	0.289992	AUT	neutron	pi+	0.0	0.009106999999999999	0.070207	0.001287
1.748493	0.201463	0.420969	0.37413	0.291645	AUT	neutron	pi+	0.0	0.009249	0.070207	0.001327
1.7900220000000002	0.23722800000000002	0.366603	0.374271	0.291238	AUT	neutron	pi+	0.0	0.006581999999999999	0.070207	0.001393
1.8678279999999998	0.280078	0.323281	0.375477	0.289161	AUT	neutron	pi+	0.0	0.013799	0.070207	0.001472
1.068968	0.067873	0.764042	0.367948	0.499721	AUT	neutron	pi+	0.0	0.0021190000000000002	0.070207	0.001091
1.124493	0.07535700000000001	0.723058	0.371372	0.494886	AUT	neutron	pi+	0.0	0.0022670000000000004	0.070207	0.001103
1.169351	0.080795	0.701254	0.372148	0.491881	AUT	neutron	pi+	0.0	0.002278	0.070207	0.001111
1.218841	0.085941	0.687103	0.372591	0.490494	AUT	neutron	pi+	0.0	0.002362	0.070207	0.001119
1.277366	0.09113500000000001	0.679055	0.372841	0.48973599999999995	AUT	neutron	pi+	0.0	0.002449	0.070207	0.001127
1.33564	0.09637799999999999	0.6714	0.37319	0.489069	AUT	neutron	pi+	0.0	0.002611	0.070207	0.0011359999999999999
1.393828	0.101771	0.663528	0.373384	0.488572	AUT	neutron	pi+	0.0	0.002696	0.070207	0.001144
1.454167	0.107607	0.6547149999999999	0.373609	0.48814399999999997	AUT	neutron	pi+	0.0	0.002797	0.070207	0.0011539999999999999
1.516114	0.113946	0.644633	0.373814	0.48757399999999995	AUT	neutron	pi+	0.0	0.002924	0.070207	0.001165
1.579857	0.120796	0.6336609999999999	0.37399899999999997	0.48725	AUT	neutron	pi+	0.0	0.003129	0.070207	0.0011769999999999999
1.63212	0.128372	0.61607	0.374227	0.48673299999999997	AUT	neutron	pi+	0.0	0.0033770000000000002	0.070207	0.001191
1.651531	0.137707	0.581271	0.374292	0.486796	AUT	neutron	pi+	0.0	0.00399	0.070207	0.001207
1.666968	0.150831	0.535862	0.374188	0.488691	AUT	neutron	pi+	0.0	0.0041990000000000005	0.070207	0.001231
1.6949759999999998	0.170776	0.481537	0.37395900000000004	0.490483	AUT	neutron	pi+	0.0	0.00375	0.070207	0.001269
1.743381	0.204406	0.414631	0.373855	0.492453	AUT	neutron	pi+	0.0	0.004334	0.070207	0.001332
1.8186360000000001	0.256897	0.34418899999999997	0.374141	0.493958	AUT	neutron	pi+	0.0	0.010897	0.070207	0.001429
1.11059	0.071984	0.749273	0.370224	0.673774	AUT	neutron	pi+	0.0	0.002102	0.070207	0.001098
1.238991	0.08615700000000001	0.697023	0.373175	0.674686	AUT	neutron	pi+	0.0	0.002159	0.070207	0.00112
1.3763530000000002	0.099425	0.670927	0.374062	0.675724	AUT	neutron	pi+	0.0	0.0022129999999999997	0.070207	0.001141
1.5234459999999999	0.11510899999999999	0.641588	0.374689	0.676503	AUT	neutron	pi+	0.0	0.002228	0.070207	0.001167
1.6398709999999999	0.135902	0.585954	0.375127	0.676401	AUT	neutron	pi+	0.0	0.002538	0.070207	0.001204
1.72157	0.17821800000000002	0.47285900000000003	0.375766	0.6699109999999999	AUT	neutron	pi+	0.0	0.005767	0.070207	0.001282
1.8313490000000001	0.24672199999999997	0.360611	0.376623	0.649381	AUT	neutron	pi+	0.0	0.071894	0.070207	0.001411
1.449561	0.10545999999999998	0.681921	0.376992	0.853649	AUT	neutron	pi+	0.0	0.004522	0.070207	0.001151
1.280102	0.10823499999999998	0.574808	0.42271800000000004	0.153755	AUT	neutron	pi+	0.0	0.002515	0.070207	0.001159
1.495896	0.13494	0.537384	0.423206	0.138478	AUT	neutron	pi+	0.0	0.002302	0.070207	0.001207
1.60025	0.153557	0.5051979999999999	0.42356000000000005	0.130369	AUT	neutron	pi+	0.0	0.002405	0.070207	0.001243
1.6687939999999999	0.171762	0.470991	0.423708	0.12456700000000001	AUT	neutron	pi+	0.0	0.002568	0.070207	0.0012779999999999998
1.7271439999999998	0.192877	0.434238	0.423836	0.119577	AUT	neutron	pi+	0.0	0.002703	0.070207	0.0013189999999999999
1.780248	0.22502600000000003	0.384262	0.42380200000000007	0.119679	AUT	neutron	pi+	0.0	0.002728	0.070207	0.001381
1.842075	0.269286	0.331897	0.423403	0.136212	AUT	neutron	pi+	0.0	0.005973	0.070207	0.001463
1.091318	0.081328	0.6512979999999999	0.42019300000000004	0.317368	AUT	neutron	pi+	0.0	0.002143	0.070207	0.001115
1.1921760000000001	0.092946	0.621508	0.421878	0.312601	AUT	neutron	pi+	0.0	0.002171	0.070207	0.001134
1.2778450000000001	0.101859	0.607847	0.422245	0.310087	AUT	neutron	pi+	0.0	0.0021550000000000002	0.070207	0.0011480000000000001
1.355556	0.110133	0.5963430000000001	0.42247799999999996	0.30750900000000003	AUT	neutron	pi+	0.0	0.002212	0.070207	0.001163
1.429288	0.11791800000000001	0.587249	0.42268199999999995	0.305061	AUT	neutron	pi+	0.0	0.002287	0.070207	0.001176
1.499278	0.125506	0.578754	0.42286999999999997	0.302589	AUT	neutron	pi+	0.0	0.002355	0.070207	0.00119
1.5661370000000001	0.13317400000000001	0.569769	0.423075	0.30044699999999996	AUT	neutron	pi+	0.0	0.002431	0.070207	0.001204
1.621077	0.141083	0.556721	0.423696	0.298274	AUT	neutron	pi+	0.0	0.00263	0.070207	0.001219
1.6612330000000002	0.14988900000000002	0.537047	0.42398199999999997	0.295707	AUT	neutron	pi+	0.0	0.0028829999999999997	0.070207	0.001236
1.692809	0.160874	0.509961	0.42403900000000005	0.29220999999999997	AUT	neutron	pi+	0.0	0.0035759999999999998	0.070207	0.001257
1.7202400000000002	0.175939	0.47403500000000004	0.42415699999999995	0.290269	AUT	neutron	pi+	0.0	0.005914	0.070207	0.001287
1.747116	0.19963699999999998	0.424696	0.424166	0.291643	AUT	neutron	pi+	0.0	0.009153	0.070207	0.001332
1.801325	0.246356	0.356122	0.424238	0.290057	AUT	neutron	pi+	0.0	0.004711	0.070207	0.0014199999999999998
1.9335790000000002	0.297327	0.315075	0.424278	0.285312	AUT	neutron	pi+	0.0	0.027735000000000003	0.070207	0.001515
1.0820670000000001	0.078794	0.666352	0.41947299999999993	0.49434799999999995	AUT	neutron	pi+	0.0	0.0022170000000000002	0.070207	0.001111
1.18058	0.089791	0.637059	0.42193500000000006	0.488938	AUT	neutron	pi+	0.0	0.00251	0.070207	0.001129
1.281151	0.099034	0.626783	0.42226099999999994	0.48787600000000003	AUT	neutron	pi+	0.0	0.002791	0.070207	0.001144
1.380995	0.10850499999999999	0.616663	0.422495	0.486915	AUT	neutron	pi+	0.0	0.003047	0.070207	0.00116
1.486284	0.11878499999999999	0.606245	0.422675	0.486613	AUT	neutron	pi+	0.0	0.003378	0.070207	0.001178
1.59162	0.129856	0.593895	0.422901	0.486116	AUT	neutron	pi+	0.0	0.0038439999999999998	0.070207	0.001199
1.6607450000000001	0.14231400000000002	0.565684	0.424113	0.48596999999999996	AUT	neutron	pi+	0.0	0.005124	0.070207	0.001222
1.687316	0.160751	0.50934	0.424245	0.488141	AUT	neutron	pi+	0.0	0.006751000000000001	0.070207	0.001257
1.73548	0.19562100000000002	0.431721	0.424179	0.489583	AUT	neutron	pi+	0.0	0.005417	0.070207	0.001324
1.812527	0.253187	0.348371	0.42399899999999996	0.48917200000000005	AUT	neutron	pi+	0.0	0.011833	0.070207	0.001433
1.147693	0.085565	0.651641	0.42089799999999994	0.6817840000000001	AUT	neutron	pi+	0.0	0.00236	0.070207	0.0011220000000000002
1.382498	0.10960999999999999	0.611611	0.422651	0.684091	AUT	neutron	pi+	0.0	0.0023769999999999998	0.070207	0.0011619999999999998
1.5943100000000001	0.135363	0.571684	0.423604	0.685242	AUT	neutron	pi+	0.0	0.0024690000000000003	0.070207	0.001209
1.7055669999999998	0.180306	0.46327299999999993	0.42442799999999997	0.684742	AUT	neutron	pi+	0.0	0.003841	0.070207	0.001294
1.8264939999999998	0.245364	0.361288	0.423408	0.6638890000000001	AUT	neutron	pi+	0.0	0.036361000000000004	0.070207	0.001419
1.4757790000000002	0.123143	0.5964520000000001	0.42540600000000006	0.867712	AUT	neutron	pi+	0.0	0.004298	0.070207	0.001186
1.340602	0.119679	0.545043	0.472444	0.14486400000000002	AUT	neutron	pi+	0.0	0.002336	0.070207	0.001184
1.579607	0.152731	0.501596	0.47329799999999994	0.13069	AUT	neutron	pi+	0.0	0.0024	0.070207	0.001247
1.684955	0.178886	0.45691800000000005	0.473754	0.124322	AUT	neutron	pi+	0.0	0.002555	0.070207	0.001299
1.763426	0.213364	0.401646	0.473797	0.121144	AUT	neutron	pi+	0.0	0.002705	0.070207	0.001367
1.831993	0.261959	0.339629	0.473426	0.134847	AUT	neutron	pi+	0.0	0.005362	0.070207	0.00146
1.134266	0.092653	0.5939909999999999	0.470125	0.312231	AUT	neutron	pi+	0.0	0.002216	0.070207	0.001137
1.291066	0.110452	0.566492	0.471975	0.308272	AUT	neutron	pi+	0.0	0.0022600000000000003	0.070207	0.001167
1.413502	0.124553	0.549916	0.472488	0.303978	AUT	neutron	pi+	0.0	0.0023350000000000003	0.070207	0.001193
1.5270059999999999	0.137542	0.537918	0.472763	0.300129	AUT	neutron	pi+	0.0	0.002523	0.070207	0.001218
1.6324290000000001	0.150424	0.5258609999999999	0.47325600000000007	0.29713	AUT	neutron	pi+	0.0	0.002784	0.070207	0.001243
1.697073	0.165377	0.497475	0.47404700000000005	0.293315	AUT	neutron	pi+	0.0	0.003505	0.070207	0.001273
1.7344979999999999	0.18776700000000002	0.44829300000000005	0.474163	0.291019	AUT	neutron	pi+	0.0	0.006894	0.070207	0.001317
1.783191	0.23261300000000001	0.373528	0.47421	0.29026399999999997	AUT	neutron	pi+	0.0	0.004212	0.070207	0.0014039999999999999
1.8744419999999997	0.28446	0.319325	0.474209	0.28836	AUT	neutron	pi+	0.0	0.012776000000000001	0.070207	0.001503
1.133997	0.091816	0.599198	0.470033	0.489109	AUT	neutron	pi+	0.0	0.002484	0.070207	0.001135
1.329365	0.11236600000000001	0.5734229999999999	0.472116	0.485732	AUT	neutron	pi+	0.0	0.003478	0.070207	0.00117
1.505361	0.13178	0.553639	0.47262200000000004	0.486087	AUT	neutron	pi+	0.0	0.005096	0.070207	0.001207
1.65893	0.152989	0.525975	0.47358500000000003	0.48705	AUT	neutron	pi+	0.0	0.007547	0.070207	0.001248
1.7279240000000002	0.18883	0.445821	0.474282	0.48925799999999997	AUT	neutron	pi+	0.0	0.007037999999999999	0.070207	0.0013189999999999999
1.8100669999999999	0.249744	0.35279699999999997	0.47396099999999997	0.486608	AUT	neutron	pi+	0.0	0.012595	0.070207	0.001436
1.250631	0.104724	0.581001	0.47129799999999994	0.6877909999999999	AUT	neutron	pi+	0.0	0.002983	0.070207	0.001157
1.606183	0.151086	0.517675	0.473469	0.688967	AUT	neutron	pi+	0.0	0.0029809999999999997	0.070207	0.0012439999999999999
1.7588279999999998	0.20930900000000002	0.409963	0.47372700000000006	0.6839810000000001	AUT	neutron	pi+	0.0	0.007763	0.070207	0.001358
1.4920719999999998	0.136129	0.542288	0.47431599999999996	0.8836940000000001	AUT	neutron	pi+	0.0	0.004424	0.070207	0.001214
1.422615	0.13684200000000002	0.506143	0.5221600000000001	0.134187	AUT	neutron	pi+	0.0	0.00235	0.070207	0.001221
1.675945	0.179054	0.454452	0.523598	0.12566300000000002	AUT	neutron	pi+	0.0	0.00255	0.070207	0.001307
1.787896	0.229116	0.381142	0.523782	0.126815	AUT	neutron	pi+	0.0	0.00288	0.070207	0.0014060000000000001
1.2502229999999999	0.11269000000000001	0.538837	0.5201680000000001	0.30780100000000005	AUT	neutron	pi+	0.0	0.0022649999999999997	0.070207	0.001175
1.4693399999999999	0.13966800000000001	0.509897	0.52242	0.299633	AUT	neutron	pi+	0.0	0.002584	0.070207	0.001227
1.643123	0.161902	0.491918	0.523003	0.295004	AUT	neutron	pi+	0.0	0.003228	0.070207	0.001273
1.7350430000000001	0.189777	0.444093	0.5241210000000001	0.291664	AUT	neutron	pi+	0.0	0.005775	0.070207	0.0013289999999999999
1.8014849999999998	0.244635	0.35932800000000004	0.5242140000000001	0.29026	AUT	neutron	pi+	0.0	0.0036799999999999997	0.070207	0.001437
1.275786	0.114846	0.5399229999999999	0.520256	0.48611400000000005	AUT	neutron	pi+	0.0	0.0038619999999999995	0.070207	0.001179
1.590157	0.154309	0.500035	0.5228109999999999	0.488306	AUT	neutron	pi+	0.0	0.010819	0.070207	0.001257
1.759521	0.211209	0.409355	0.5240520000000001	0.488066	AUT	neutron	pi+	0.0	0.006581	0.070207	0.00137
1.454842	0.138987	0.512054	0.521987	0.6884020000000001	AUT	neutron	pi+	0.0	0.004117	0.070207	0.001225
1.764464	0.206409	0.41621899999999995	0.523655	0.680824	AUT	neutron	pi+	0.0	0.009601	0.070207	0.001362
1.503684	0.145026	0.508432	0.5225609999999999	0.895284	AUT	neutron	pi+	0.0	0.005138	0.070207	0.0012369999999999998
1.5277479999999999	0.159959	0.46517299999999995	0.572228	0.128354	AUT	neutron	pi+	0.0	0.002486	0.070207	0.001275
1.7740349999999998	0.221565	0.391536	0.573729	0.127272	AUT	neutron	pi+	0.0	0.002986	0.070207	0.001403
1.3970870000000002	0.138848	0.48889799999999994	0.5707979999999999	0.300216	AUT	neutron	pi+	0.0	0.0026420000000000003	0.070207	0.001231
1.6828720000000001	0.181564	0.450089	0.573244	0.292455	AUT	neutron	pi+	0.0	0.004588	0.070207	0.0013210000000000001
1.7952139999999999	0.238868	0.366867	0.5737180000000001	0.290296	AUT	neutron	pi+	0.0	0.003628	0.070207	0.001438
1.485976	0.15116500000000002	0.47911400000000004	0.571427	0.48903599999999997	AUT	neutron	pi+	0.0	0.010798	0.070207	0.001256
1.7723650000000002	0.216435	0.39967600000000003	0.573595	0.48657	AUT	neutron	pi+	0.0	0.009625	0.070207	0.001393
1.552706	0.162149	0.46913	0.5715399999999999	0.74145	AUT	neutron	pi+	0.0	0.0037090000000000005	0.070207	0.0012779999999999998
1.646671	0.193367	0.41756000000000004	0.622499	0.127249	AUT	neutron	pi+	0.0	0.002597	0.070207	0.001353
1.887891	0.27474899999999997	0.333018	0.618839	0.142887	AUT	neutron	pi+	0.0	0.027764999999999998	0.070207	0.001526
1.571619	0.17419600000000002	0.439579	0.62167	0.293439	AUT	neutron	pi+	0.0	0.003914	0.070207	0.001314
1.8014299999999999	0.23639200000000002	0.37043200000000004	0.622637	0.287934	AUT	neutron	pi+	0.0	0.004745	0.070207	0.001448
1.602292	0.17948499999999998	0.435962	0.621317	0.543183	AUT	neutron	pi+	0.0	0.008827	0.070207	0.001324
1.908348	0.249592	0.370564	0.617162	0.456374	AUT	neutron	pi+	0.0	0.047164	0.070207	0.001475
1.635845	0.194829	0.408599	0.671142	0.21651700000000002	AUT	neutron	pi+	0.0	0.0029690000000000003	0.070207	0.00137
1.887673	0.246902	0.370576	0.666944	0.19404200000000002	AUT	neutron	pi+	0.0	0.010066	0.070207	0.001486
1.608506	0.18476800000000002	0.422821	0.667466	0.507015	AUT	neutron	pi+	0.0	0.019366	0.070207	0.001348
2.1446520000000002	0.15828299999999998	0.65803	0.322823	0.150131	AUT	neutron	pi+	0.0	0.003259	0.070207	0.00124
2.226328	0.178464	0.604564	0.323303	0.137284	AUT	neutron	pi+	0.0	0.0032090000000000005	0.070207	0.001277
2.274994	0.190804	0.577719	0.32348699999999997	0.132138	AUT	neutron	pi+	0.0	0.0033439999999999998	0.070207	0.0013
2.318821	0.201016	0.5589029999999999	0.32356	0.128328	AUT	neutron	pi+	0.0	0.0034460000000000003	0.070207	0.0013189999999999999
2.359775	0.210444	0.54328	0.323668	0.124929	AUT	neutron	pi+	0.0	0.0035340000000000002	0.070207	0.0013369999999999999
2.400065	0.219511	0.529729	0.32377100000000003	0.12210499999999999	AUT	neutron	pi+	0.0	0.003655	0.070207	0.001353
2.43267	0.228487	0.515836	0.323775	0.119652	AUT	neutron	pi+	0.0	0.0037670000000000004	0.070207	0.00137
2.456115	0.23757399999999998	0.50089	0.323797	0.11748299999999999	AUT	neutron	pi+	0.0	0.003908	0.070207	0.0013859999999999999
2.469319	0.247171	0.48404200000000003	0.32395100000000004	0.115932	AUT	neutron	pi+	0.0	0.0039369999999999995	0.070207	0.001403
2.480712	0.257822	0.466193	0.323967	0.11481300000000001	AUT	neutron	pi+	0.0	0.003979	0.070207	0.001422
2.4900450000000003	0.269924	0.446983	0.324024	0.11495699999999999	AUT	neutron	pi+	0.0	0.003952000000000001	0.070207	0.001443
2.50863	0.284287	0.42758199999999996	0.324427	0.11668800000000001	AUT	neutron	pi+	0.0	0.0038439999999999998	0.070207	0.001468
2.56038	0.303214	0.40919099999999997	0.325246	0.121001	AUT	neutron	pi+	0.0	0.003831	0.070207	0.001501
2.682801	0.33711199999999997	0.38595300000000005	0.32568400000000003	0.131021	AUT	neutron	pi+	0.0	0.004529999999999999	0.070207	0.00156
2.887403	0.384156	0.364159	0.325508	0.144378	AUT	neutron	pi+	0.0	0.033166	0.070207	0.001648
2.0779900000000002	0.140789	0.715657	0.32318600000000003	0.30891399999999997	AUT	neutron	pi+	0.0	0.003058	0.070207	0.001208
2.1410869999999997	0.153016	0.678005	0.323579	0.303913	AUT	neutron	pi+	0.0	0.003141	0.070207	0.00123
2.187073	0.161707	0.655299	0.323787	0.298998	AUT	neutron	pi+	0.0	0.0033159999999999995	0.070207	0.0012460000000000001
2.227286	0.169429	0.6369100000000001	0.323932	0.29515399999999997	AUT	neutron	pi+	0.0	0.003573	0.070207	0.001261
2.266997	0.176761	0.62137	0.32402600000000004	0.292451	AUT	neutron	pi+	0.0	0.003824	0.070207	0.001275
2.305415	0.183946	0.607208	0.324137	0.290487	AUT	neutron	pi+	0.0	0.004287	0.070207	0.001288
2.3447080000000002	0.191234	0.594024	0.324208	0.289509	AUT	neutron	pi+	0.0	0.004756	0.070207	0.001302
2.383339	0.198677	0.581186	0.324206	0.288904	AUT	neutron	pi+	0.0	0.0055969999999999995	0.070207	0.001315
2.418873	0.20636	0.5678989999999999	0.32419000000000003	0.288698	AUT	neutron	pi+	0.0	0.006358	0.070207	0.00133
2.4546799999999998	0.21444699999999997	0.5545720000000001	0.32418600000000003	0.288503	AUT	neutron	pi+	0.0	0.007522	0.070207	0.0013449999999999998
2.484289	0.223081	0.539558	0.324182	0.28883200000000003	AUT	neutron	pi+	0.0	0.008773999999999999	0.070207	0.0013599999999999999
2.496845	0.23269499999999999	0.5199	0.32421500000000003	0.28889499999999996	AUT	neutron	pi+	0.0	0.010801999999999999	0.070207	0.0013779999999999999
2.493842	0.243635	0.49599099999999996	0.324203	0.289904	AUT	neutron	pi+	0.0	0.012457	0.070207	0.001397
2.485544	0.256348	0.469837	0.324151	0.290475	AUT	neutron	pi+	0.0	0.01175	0.070207	0.001419
2.483922	0.27166399999999996	0.443093	0.324308	0.290579	AUT	neutron	pi+	0.0	0.009802	0.070207	0.001446
2.505327	0.29037199999999996	0.41811499999999996	0.325183	0.29049400000000003	AUT	neutron	pi+	0.0	0.009319	0.070207	0.0014789999999999998
2.5868900000000004	0.316696	0.395927	0.32631	0.289644	AUT	neutron	pi+	0.0	0.009233	0.070207	0.001525
2.7525560000000002	0.357385	0.37338699999999997	0.326835	0.287213	AUT	neutron	pi+	0.0	0.013068000000000001	0.070207	0.0015970000000000001
2.098001	0.143332	0.710086	0.324391	0.482853	AUT	neutron	pi+	0.0	0.004479	0.070207	0.001213
2.196949	0.16159500000000002	0.6589659999999999	0.324297	0.485646	AUT	neutron	pi+	0.0	0.006086	0.070207	0.0012460000000000001
2.27267	0.177361	0.621024	0.324094	0.487407	AUT	neutron	pi+	0.0	0.005686	0.070207	0.001276
2.340729	0.19295299999999999	0.5878979999999999	0.32398499999999997	0.488375	AUT	neutron	pi+	0.0	0.005217	0.070207	0.0013050000000000002
2.4048950000000002	0.209002	0.557631	0.32395100000000004	0.489353	AUT	neutron	pi+	0.0	0.004850999999999999	0.070207	0.001334
2.456179	0.22632600000000003	0.525985	0.323887	0.490021	AUT	neutron	pi+	0.0	0.004784	0.070207	0.001366
2.46502	0.24646300000000002	0.48487299999999994	0.323851	0.49091599999999996	AUT	neutron	pi+	0.0	0.0051270000000000005	0.070207	0.001402
2.4665779999999997	0.272402	0.439086	0.324047	0.491728	AUT	neutron	pi+	0.0	0.006515000000000001	0.070207	0.0014470000000000002
2.561833	0.312306	0.397978	0.325741	0.49274300000000004	AUT	neutron	pi+	0.0	0.010092	0.070207	0.001516
2.789342	0.365613	0.369746	0.326288	0.49169300000000005	AUT	neutron	pi+	0.0	0.037451	0.070207	0.0016129999999999999
2.18967	0.160878	0.662759	0.325586	0.67114	AUT	neutron	pi+	0.0	0.0037090000000000005	0.070207	0.001245
2.4146490000000003	0.206479	0.567972	0.32600500000000004	0.667485	AUT	neutron	pi+	0.0	0.007102	0.070207	0.00133
2.574638	0.27313699999999996	0.461596	0.327316	0.656402	AUT	neutron	pi+	0.0	0.019232	0.070207	0.0014470000000000002
2.168103	0.165576	0.6362869999999999	0.37301	0.14641600000000002	AUT	neutron	pi+	0.0	0.003261	0.070207	0.0012619999999999999
2.2599240000000003	0.18898299999999998	0.5795819999999999	0.373421	0.132745	AUT	neutron	pi+	0.0	0.0033060000000000003	0.070207	0.001307
2.3189130000000002	0.203797	0.551359	0.373558	0.127967	AUT	neutron	pi+	0.0	0.003467	0.070207	0.001335
2.375085	0.216548	0.531428	0.37364899999999995	0.12459	AUT	neutron	pi+	0.0	0.00355	0.070207	0.0013599999999999999
2.420672	0.22878	0.5126689999999999	0.373765	0.121796	AUT	neutron	pi+	0.0	0.003672	0.070207	0.001382
2.454171	0.241166	0.493079	0.373793	0.119751	AUT	neutron	pi+	0.0	0.003782	0.070207	0.001405
2.474279	0.254484	0.47111899999999995	0.373801	0.118752	AUT	neutron	pi+	0.0	0.003836	0.070207	0.001429
2.489076	0.270056	0.446658	0.373793	0.119052	AUT	neutron	pi+	0.0	0.00379	0.070207	0.001457
2.499431	0.289473	0.418483	0.373691	0.122708	AUT	neutron	pi+	0.0	0.003768	0.070207	0.001492
2.546202	0.31713800000000003	0.389185	0.373442	0.13106700000000002	AUT	neutron	pi+	0.0	0.004108	0.070207	0.001541
2.736683	0.357608	0.370917	0.373269	0.142203	AUT	neutron	pi+	0.0	0.010954	0.070207	0.001616
2.095539	0.144689	0.7025359999999999	0.373031	0.31049699999999997	AUT	neutron	pi+	0.0	0.003082	0.070207	0.0012230000000000001
2.168348	0.159473	0.658882	0.37344299999999997	0.305724	AUT	neutron	pi+	0.0	0.003192	0.070207	0.001251
2.22126	0.17008399999999999	0.632787	0.373665	0.300681	AUT	neutron	pi+	0.0	0.0033280000000000002	0.070207	0.001271
2.2731	0.179674	0.61297	0.373819	0.296741	AUT	neutron	pi+	0.0	0.0035859999999999998	0.070207	0.0012900000000000001
2.3213	0.18875	0.595851	0.37397800000000003	0.293749	AUT	neutron	pi+	0.0	0.004009	0.070207	0.001307
2.371279	0.197918	0.580488	0.374056	0.29181799999999997	AUT	neutron	pi+	0.0	0.00446	0.070207	0.001325
2.419895	0.207605	0.564751	0.37411	0.290796	AUT	neutron	pi+	0.0	0.005231	0.070207	0.001343
2.467186	0.217875	0.548654	0.374136	0.289941	AUT	neutron	pi+	0.0	0.006224	0.070207	0.001363
2.496179	0.229161	0.527803	0.374147	0.289593	AUT	neutron	pi+	0.0	0.00788	0.070207	0.001384
2.498714	0.24210399999999999	0.5001479999999999	0.374199	0.289813	AUT	neutron	pi+	0.0	0.010581	0.070207	0.001407
2.4860700000000002	0.25787	0.467238	0.374158	0.290401	AUT	neutron	pi+	0.0	0.010823000000000001	0.070207	0.001436
2.474577	0.277581	0.432108	0.374194	0.290366	AUT	neutron	pi+	0.0	0.008259	0.070207	0.001471
2.471044	0.30174	0.396983	0.374248	0.288943	AUT	neutron	pi+	0.0	0.006881	0.070207	0.001513
2.598893	0.336308	0.374558	0.374342	0.28686799999999996	AUT	neutron	pi+	0.0	0.007137	0.070207	0.001576
2.847854	0.379467	0.363613	0.37435100000000004	0.28578600000000004	AUT	neutron	pi+	0.0	0.023103	0.070207	0.0016589999999999999
2.1039830000000004	0.144652	0.705665	0.37417399999999995	0.48429300000000003	AUT	neutron	pi+	0.0	0.003871	0.070207	0.0012230000000000001
2.21319	0.164178	0.653454	0.37448000000000004	0.48281999999999997	AUT	neutron	pi+	0.0	0.006973	0.070207	0.00126
2.300818	0.182168	0.612197	0.374435	0.484829	AUT	neutron	pi+	0.0	0.01034	0.070207	0.001295
2.382542	0.201236	0.5738810000000001	0.374297	0.486519	AUT	neutron	pi+	0.0	0.009893	0.070207	0.0013310000000000002
2.456157	0.222377	0.5354359999999999	0.37422	0.487393	AUT	neutron	pi+	0.0	0.008088	0.070207	0.001371
2.475309	0.247629	0.484818	0.37412199999999995	0.488234	AUT	neutron	pi+	0.0	0.0071010000000000005	0.070207	0.001417
2.466976	0.282844	0.42335900000000004	0.37406100000000003	0.489224	AUT	neutron	pi+	0.0	0.007942	0.070207	0.00148
2.5879950000000003	0.333594	0.376275	0.37404499999999996	0.48879700000000004	AUT	neutron	pi+	0.0	0.015421	0.070207	0.0015710000000000001
2.1907650000000003	0.162141	0.658266	0.37437	0.682617	AUT	neutron	pi+	0.0	0.0033049999999999998	0.070207	0.001256
2.3950259999999997	0.208846	0.557126	0.374415	0.682584	AUT	neutron	pi+	0.0	0.004475	0.070207	0.0013449999999999998
2.492391	0.26814899999999997	0.4533	0.374601	0.676608	AUT	neutron	pi+	0.0	0.009966	0.070207	0.0014529999999999999
2.7407340000000002	0.33875	0.392214	0.37327899999999997	0.6547569999999999	AUT	neutron	pi+	0.0	0.07571699999999999	0.070207	0.0015810000000000002
2.398621	0.197622	0.601775	0.378483	0.857186	AUT	neutron	pi+	0.0	0.014941	0.070207	0.0013210000000000001
2.1931830000000003	0.175019	0.609032	0.422633	0.140098	AUT	neutron	pi+	0.0	0.003218	0.070207	0.001288
2.300973	0.201651	0.553089	0.42351700000000003	0.129058	AUT	neutron	pi+	0.0	0.003399	0.070207	0.001341
2.375096	0.219669	0.523947	0.42364700000000005	0.125164	AUT	neutron	pi+	0.0	0.0035659999999999997	0.070207	0.001376
2.4330529999999997	0.23633200000000001	0.49889799999999995	0.423753	0.12273699999999999	AUT	neutron	pi+	0.0	0.003664	0.070207	0.001407
2.470777	0.254119	0.471206	0.423804	0.121734	AUT	neutron	pi+	0.0	0.0037159999999999997	0.070207	0.001441
2.497537	0.27572800000000003	0.439075	0.423724	0.12273599999999998	AUT	neutron	pi+	0.0	0.003779	0.070207	0.00148
2.5343459999999998	0.30732	0.399966	0.42353199999999996	0.130136	AUT	neutron	pi+	0.0	0.003959000000000001	0.070207	0.001538
2.71463	0.352408	0.37340999999999996	0.423229	0.143626	AUT	neutron	pi+	0.0	0.011475	0.070207	0.001623
2.123628	0.154945	0.664935	0.41980200000000006	0.309245	AUT	neutron	pi+	0.0	0.003156	0.070207	0.0012490000000000001
2.2152979999999998	0.17241199999999998	0.622654	0.422918	0.303678	AUT	neutron	pi+	0.0	0.0033179999999999998	0.070207	0.001284
2.2863569999999998	0.185223	0.598112	0.423548	0.298511	AUT	neutron	pi+	0.0	0.00358	0.070207	0.001309
2.352327	0.196986	0.578597	0.42388100000000006	0.29515	AUT	neutron	pi+	0.0	0.0040409999999999995	0.070207	0.001332
2.415205	0.208831	0.560373	0.423957	0.293248	AUT	neutron	pi+	0.0	0.004718	0.070207	0.001356
2.473512	0.221669	0.540693	0.42409399999999997	0.29184	AUT	neutron	pi+	0.0	0.005638000000000001	0.070207	0.0013800000000000002
2.499751	0.236377	0.512508	0.42413900000000004	0.290489	AUT	neutron	pi+	0.0	0.0075060000000000005	0.070207	0.001408
2.489144	0.254312	0.47443199999999996	0.42418	0.290385	AUT	neutron	pi+	0.0	0.009292	0.070207	0.001441
2.4718869999999997	0.27734000000000003	0.432121	0.42419700000000005	0.28976399999999997	AUT	neutron	pi+	0.0	0.006652	0.070207	0.001483
2.475841	0.306685	0.391403	0.424256	0.287749	AUT	neutron	pi+	0.0	0.005311	0.070207	0.001536
2.665954	0.348485	0.370847	0.42413999999999996	0.287952	AUT	neutron	pi+	0.0	0.007497	0.070207	0.001615
2.143305	0.15596400000000002	0.666906	0.420203	0.484709	AUT	neutron	pi+	0.0	0.0041270000000000005	0.070207	0.001251
2.28491	0.17991400000000002	0.61569	0.423749	0.484325	AUT	neutron	pi+	0.0	0.008118	0.070207	0.001299
2.389883	0.20226	0.572832	0.424289	0.48606800000000006	AUT	neutron	pi+	0.0	0.012818000000000001	0.070207	0.001343
2.469525	0.22711599999999998	0.5272899999999999	0.42427200000000004	0.48734399999999994	AUT	neutron	pi+	0.0	0.011698	0.070207	0.00139
2.47662	0.26022	0.46204799999999996	0.42421000000000003	0.488271	AUT	neutron	pi+	0.0	0.008718	0.070207	0.001452
2.544135	0.317173	0.389884	0.424176	0.48671499999999995	AUT	neutron	pi+	0.0	0.01115	0.070207	0.0015550000000000002
2.237806	0.174777	0.623969	0.42248199999999997	0.6860430000000001	AUT	neutron	pi+	0.0	0.004521	0.070207	0.001288
2.4370979999999998	0.232159	0.511383	0.424158	0.687469	AUT	neutron	pi+	0.0	0.004809000000000001	0.070207	0.001399
2.563411	0.296466	0.419904	0.42356800000000006	0.675465	AUT	neutron	pi+	0.0	0.016587	0.070207	0.001517
2.395912	0.206373	0.573522	0.425414	0.878152	AUT	neutron	pi+	0.0	0.008459999999999999	0.070207	0.0013460000000000002
2.204013	0.19001800000000002	0.563483	0.471829	0.131116	AUT	neutron	pi+	0.0	0.0033799999999999998	0.070207	0.001326
2.34898	0.220218	0.517019	0.47321	0.126168	AUT	neutron	pi+	0.0	0.003564	0.070207	0.0013859999999999999
2.440848	0.24327600000000002	0.486329	0.47370500000000004	0.12421099999999999	AUT	neutron	pi+	0.0	0.0036950000000000004	0.070207	0.001431
2.4945060000000003	0.26959099999999997	0.44866999999999996	0.47370200000000007	0.124075	AUT	neutron	pi+	0.0	0.0037799999999999995	0.070207	0.0014810000000000001
2.5791020000000002	0.315218	0.397539	0.473497	0.134078	AUT	neutron	pi+	0.0	0.004204	0.070207	0.0015660000000000001
2.149321	0.175458	0.594314	0.46997700000000003	0.303327	AUT	neutron	pi+	0.0	0.003331	0.070207	0.001297
2.2878580000000004	0.197715	0.56075	0.472329	0.296077	AUT	neutron	pi+	0.0	0.004007999999999999	0.070207	0.001342
2.4003970000000003	0.21540700000000002	0.539983	0.472945	0.293686	AUT	neutron	pi+	0.0	0.004966	0.070207	0.0013779999999999999
2.482967	0.23363699999999998	0.51507	0.473743	0.29179099999999997	AUT	neutron	pi+	0.0	0.006208	0.070207	0.001413
2.485584	0.255508	0.471681	0.474131	0.290188	AUT	neutron	pi+	0.0	0.007243	0.070207	0.0014550000000000001
2.4666770000000002	0.28471599999999997	0.420203	0.47418699999999997	0.28930300000000003	AUT	neutron	pi+	0.0	0.0049689999999999995	0.070207	0.001509
2.551599	0.326706	0.378718	0.474145	0.290105	AUT	neutron	pi+	0.0	0.005151	0.070207	0.001588
2.837271	0.377821	0.36384299999999997	0.474053	0.29392399999999996	AUT	neutron	pi+	0.0	0.024299	0.070207	0.0016920000000000001
2.200673	0.18162899999999998	0.588413	0.47048100000000004	0.48522200000000004	AUT	neutron	pi+	0.0	0.009017	0.070207	0.001309
2.407997	0.217619	0.536654	0.47314700000000004	0.487717	AUT	neutron	pi+	0.0	0.015609999999999999	0.070207	0.001382
2.477815	0.256214	0.469843	0.47426999999999997	0.488759	AUT	neutron	pi+	0.0	0.010056	0.070207	0.001456
2.5508580000000003	0.315905	0.392417	0.47403199999999995	0.48432299999999995	AUT	neutron	pi+	0.0	0.011743	0.070207	0.001567
2.317574	0.20540300000000003	0.550647	0.47244200000000003	0.686193	AUT	neutron	pi+	0.0	0.006205	0.070207	0.001356
2.541116	0.277309	0.44591499999999995	0.47385200000000005	0.678586	AUT	neutron	pi+	0.0	0.011326000000000001	0.070207	0.001495
2.392727	0.215731	0.5429510000000001	0.47312299999999996	0.8939809999999999	AUT	neutron	pi+	0.0	0.008246999999999999	0.070207	0.001375
2.2161419999999996	0.209853	0.513083	0.5218010000000001	0.12737300000000001	AUT	neutron	pi+	0.0	0.003508	0.070207	0.001374
2.4234720000000003	0.24902399999999997	0.471858	0.523188	0.12536	AUT	neutron	pi+	0.0	0.003706	0.070207	0.001454
2.537529	0.295062	0.418048	0.523628	0.12976300000000002	AUT	neutron	pi+	0.0	0.0038950000000000005	0.070207	0.001542
2.763038	0.359779	0.37222	0.523205	0.151614	AUT	neutron	pi+	0.0	0.029613999999999998	0.070207	0.0016719999999999999
2.178395	0.19805899999999999	0.533824	0.520668	0.295414	AUT	neutron	pi+	0.0	0.004190999999999999	0.070207	0.001351
2.3706549999999997	0.231568	0.496275	0.522666	0.291387	AUT	neutron	pi+	0.0	0.006490999999999999	0.070207	0.001419
2.467689	0.26276700000000003	0.45557200000000003	0.523885	0.29042399999999996	AUT	neutron	pi+	0.0	0.005607	0.070207	0.0014810000000000001
2.479217	0.303188	0.396834	0.524069	0.29172	AUT	neutron	pi+	0.0	0.004327	0.070207	0.001558
2.690684	0.352575	0.369896	0.523892	0.296333	AUT	neutron	pi+	0.0	0.010226	0.070207	0.001657
2.252062	0.211598	0.51762	0.521622	0.488867	AUT	neutron	pi+	0.0	0.01839	0.070207	0.0013779999999999999
2.470605	0.270992	0.443612	0.523861	0.488333	AUT	neutron	pi+	0.0	0.009526	0.070207	0.0014960000000000002
2.653448	0.33256399999999997	0.386922	0.522708	0.474703	AUT	neutron	pi+	0.0	0.020013999999999997	0.070207	0.001616
2.336318	0.22652199999999997	0.502872	0.5224310000000001	0.734599	AUT	neutron	pi+	0.0	0.005741	0.070207	0.001407
2.6811380000000002	0.29599899999999996	0.43938999999999995	0.52272	0.680031	AUT	neutron	pi+	0.0	0.027625999999999998	0.070207	0.001546
2.259413	0.234391	0.468521	0.5719	0.126946	AUT	neutron	pi+	0.0	0.003639	0.070207	0.0014349999999999999
2.548316	0.298507	0.41539899999999996	0.573345	0.1319	AUT	neutron	pi+	0.0	0.004472	0.070207	0.001565
2.226983	0.226755	0.47726199999999996	0.5714640000000001	0.291281	AUT	neutron	pi+	0.0	0.006111	0.070207	0.0014199999999999998
2.438526	0.278962	0.42434499999999997	0.573522	0.291798	AUT	neutron	pi+	0.0	0.004332	0.070207	0.001527
2.6096169999999996	0.331401	0.381868	0.572562	0.292631	AUT	neutron	pi+	0.0	0.006667	0.070207	0.001632
2.319034	0.246241	0.45905799999999997	0.572343	0.48910299999999995	AUT	neutron	pi+	0.0	0.011262999999999999	0.070207	0.001459
2.658236	0.315311	0.40883800000000003	0.572055	0.475538	AUT	neutron	pi+	0.0	0.017218	0.070207	0.0016
2.364313	0.242482	0.47438500000000006	0.571059	0.710124	AUT	neutron	pi+	0.0	0.011916	0.070207	0.001451
2.200733	0.241346	0.442799	0.621379	0.21882	AUT	neutron	pi+	0.0	0.004116	0.070207	0.001464
2.479293	0.291906	0.411699	0.622253	0.228725	AUT	neutron	pi+	0.0	0.004007999999999999	0.070207	0.0015710000000000001
2.771718	0.339834	0.39532	0.620025	0.233735	AUT	neutron	pi+	0.0	0.01208	0.070207	0.001673
2.355515	0.258755	0.44235	0.619971	0.52257	AUT	neutron	pi+	0.0	0.011811	0.070207	0.0014990000000000001
2.323095	0.268602	0.41948500000000005	0.667833	0.24831599999999998	AUT	neutron	pi+	0.0	0.004424	0.070207	0.001537
3.172743	0.24981399999999998	0.6158819999999999	0.323456	0.129383	AUT	neutron	pi+	0.0	0.005422	0.070207	0.001411
3.288417	0.271532	0.586792	0.323673	0.12461099999999999	AUT	neutron	pi+	0.0	0.005705	0.070207	0.00145
3.3564	0.286557	0.5675319999999999	0.323761	0.120966	AUT	neutron	pi+	0.0	0.005936	0.070207	0.0014759999999999999
3.359036	0.301143	0.540486	0.323832	0.117585	AUT	neutron	pi+	0.0	0.006152	0.070207	0.001501
3.357254	0.316943	0.51327	0.323816	0.115523	AUT	neutron	pi+	0.0	0.006258	0.070207	0.0015279999999999998
3.384197	0.334183	0.490687	0.323825	0.116086	AUT	neutron	pi+	0.0	0.006187	0.070207	0.001558
3.4365309999999996	0.353248	0.47138199999999997	0.323802	0.119191	AUT	neutron	pi+	0.0	0.006093	0.070207	0.001592
3.4874059999999996	0.375827	0.44968	0.323658	0.12501099999999998	AUT	neutron	pi+	0.0	0.006097999999999999	0.070207	0.001634
3.5529839999999995	0.40777399999999997	0.42229700000000003	0.323305	0.134832	AUT	neutron	pi+	0.0	0.00778	0.070207	0.001698
3.7898110000000003	0.447169	0.410606	0.323176	0.14328	AUT	neutron	pi+	0.0	0.030468000000000002	0.070207	0.001786
3.173759	0.243675	0.631458	0.324192	0.287981	AUT	neutron	pi+	0.0	0.0075379999999999996	0.070207	0.0014
3.3142449999999997	0.26460500000000003	0.60687	0.324223	0.287973	AUT	neutron	pi+	0.0	0.010962000000000001	0.070207	0.001438
3.4196230000000005	0.28024499999999997	0.591214	0.324248	0.288478	AUT	neutron	pi+	0.0	0.013033000000000001	0.070207	0.001465
3.411336	0.295883	0.5587409999999999	0.32416	0.288984	AUT	neutron	pi+	0.0	0.017995	0.070207	0.001492
3.3658589999999995	0.31508600000000003	0.517712	0.324129	0.289692	AUT	neutron	pi+	0.0	0.019646	0.070207	0.001525
3.3850089999999997	0.336861	0.48695600000000006	0.32413000000000003	0.28986300000000004	AUT	neutron	pi+	0.0	0.015497	0.070207	0.0015630000000000002
3.4353300000000004	0.36027	0.462081	0.324247	0.289211	AUT	neutron	pi+	0.0	0.013241999999999999	0.070207	0.001605
3.4662029999999997	0.38672	0.434411	0.324375	0.287587	AUT	neutron	pi+	0.0	0.011934	0.070207	0.001655
3.612597	0.42403900000000005	0.41282299999999994	0.324443	0.285541	AUT	neutron	pi+	0.0	0.013041999999999998	0.070207	0.0017329999999999997
3.2557400000000003	0.25731	0.613905	0.324169	0.48603599999999997	AUT	neutron	pi+	0.0	0.012279	0.070207	0.001424
3.3913290000000003	0.29375100000000004	0.560018	0.32412199999999997	0.48692299999999994	AUT	neutron	pi+	0.0	0.010974	0.070207	0.0014880000000000002
3.377351	0.333742	0.49087200000000003	0.323942	0.48784399999999994	AUT	neutron	pi+	0.0	0.012686	0.070207	0.001557
3.467454	0.385302	0.436726	0.323975	0.488284	AUT	neutron	pi+	0.0	0.017667	0.070207	0.0016530000000000002
3.703987	0.43668199999999996	0.41095699999999996	0.324152	0.487048	AUT	neutron	pi+	0.0	0.059752	0.070207	0.0017620000000000001
3.327857	0.284197	0.571283	0.324852	0.675896	AUT	neutron	pi+	0.0	0.010995	0.070207	0.00147
3.4957949999999998	0.369881	0.45920900000000003	0.32500500000000004	0.663775	AUT	neutron	pi+	0.0	0.045442	0.070207	0.0016239999999999998
3.1952	0.255306	0.607065	0.373479	0.128591	AUT	neutron	pi+	0.0	0.0054670000000000005	0.070207	0.0014349999999999999
3.32531	0.281408	0.572626	0.373621	0.124393	AUT	neutron	pi+	0.0	0.005684000000000001	0.070207	0.001482
3.350314	0.30154000000000003	0.538466	0.373735	0.120898	AUT	neutron	pi+	0.0	0.005899000000000001	0.070207	0.001518
3.365165	0.323119	0.50471	0.373789	0.11931900000000001	AUT	neutron	pi+	0.0	0.006067	0.070207	0.001557
3.428011	0.347866	0.477559	0.373643	0.12135699999999999	AUT	neutron	pi+	0.0	0.006035	0.070207	0.001602
3.500607	0.379792	0.446854	0.373438	0.128913	AUT	neutron	pi+	0.0	0.006247	0.070207	0.001663
3.6298019999999998	0.42180500000000004	0.417047	0.373155	0.141653	AUT	neutron	pi+	0.0	0.013334	0.070207	0.0017530000000000002
3.187918	0.24673699999999998	0.626471	0.37398400000000004	0.291887	AUT	neutron	pi+	0.0	0.0066159999999999995	0.070207	0.001419
3.348932	0.270278	0.6003729999999999	0.374129	0.290076	AUT	neutron	pi+	0.0	0.009219	0.070207	0.001463
3.427365	0.28876599999999997	0.575221	0.374123	0.289852	AUT	neutron	pi+	0.0	0.012277	0.070207	0.0014960000000000002
3.3751260000000003	0.310359	0.527153	0.37414000000000003	0.290003	AUT	neutron	pi+	0.0	0.017365000000000002	0.070207	0.001534
3.3827559999999997	0.33675	0.48687299999999994	0.374156	0.289601	AUT	neutron	pi+	0.0	0.012247	0.070207	0.0015810000000000002
3.442043	0.366187	0.455592	0.374256	0.287725	AUT	neutron	pi+	0.0	0.0092	0.070207	0.001637
3.486675	0.400171	0.422325	0.374198	0.286564	AUT	neutron	pi+	0.0	0.009344	0.070207	0.0017050000000000001
3.7131819999999998	0.438258	0.410492	0.37415	0.286933	AUT	neutron	pi+	0.0	0.018527000000000002	0.070207	0.0017920000000000002
3.276265	0.260207	0.611028	0.374335	0.485538	AUT	neutron	pi+	0.0	0.022357	0.070207	0.001444
3.3833949999999997	0.303284	0.541583	0.37424	0.486334	AUT	neutron	pi+	0.0	0.015718	0.070207	0.001521
3.4232620000000002	0.35617600000000005	0.466528	0.374194	0.486637	AUT	neutron	pi+	0.0	0.016175	0.070207	0.0016170000000000002
3.567045	0.41450600000000004	0.417156	0.374158	0.48579399999999995	AUT	neutron	pi+	0.0	0.032529	0.070207	0.001737
3.32744	0.29175999999999996	0.557898	0.374161	0.686117	AUT	neutron	pi+	0.0	0.008144	0.070207	0.0014990000000000001
3.526273	0.378341	0.45223199999999997	0.373661	0.6719109999999999	AUT	neutron	pi+	0.0	0.037797000000000004	0.070207	0.001661
3.222034	0.262203	0.5962890000000001	0.42328999999999994	0.12806099999999998	AUT	neutron	pi+	0.0	0.005497	0.070207	0.00146
3.337768	0.294107	0.55015	0.42366000000000004	0.124759	AUT	neutron	pi+	0.0	0.005794	0.070207	0.001519
3.366404	0.322392	0.5061640000000001	0.423651	0.12229000000000001	AUT	neutron	pi+	0.0	0.006039	0.070207	0.0015710000000000001
3.4607669999999997	0.35725100000000004	0.469664	0.423598	0.124648	AUT	neutron	pi+	0.0	0.006111	0.070207	0.001637
3.581036	0.40581300000000003	0.428016	0.42335200000000006	0.13901	AUT	neutron	pi+	0.0	0.009491	0.070207	0.001739
3.2044610000000002	0.250987	0.619169	0.423518	0.295092	AUT	neutron	pi+	0.0	0.006293	0.070207	0.001439
3.3851730000000004	0.278321	0.5894	0.423828	0.291745	AUT	neutron	pi+	0.0	0.008707	0.070207	0.001491
3.389929	0.302944	0.542566	0.42410200000000003	0.290476	AUT	neutron	pi+	0.0	0.013396000000000002	0.070207	0.001536
3.376907	0.333862	0.49034700000000003	0.424202	0.289287	AUT	neutron	pi+	0.0	0.010123	0.070207	0.001593
3.4439940000000004	0.368708	0.45282700000000004	0.424171	0.288287	AUT	neutron	pi+	0.0	0.007598000000000001	0.070207	0.0016600000000000002
3.5582949999999998	0.41375100000000004	0.416892	0.424121	0.290056	AUT	neutron	pi+	0.0	0.009281000000000001	0.070207	0.001757
3.936143	0.46751800000000004	0.40786999999999995	0.42403199999999996	0.294211	AUT	neutron	pi+	0.0	0.128667	0.070207	0.0018960000000000001
3.2993010000000003	0.264575	0.60542	0.423996	0.486044	AUT	neutron	pi+	0.0	0.026177999999999996	0.070207	0.001465
3.379332	0.318201	0.516041	0.424275	0.487274	AUT	neutron	pi+	0.0	0.01715	0.070207	0.0015630000000000002
3.506816	0.390086	0.43684399999999995	0.424175	0.485505	AUT	neutron	pi+	0.0	0.018427000000000002	0.070207	0.0017050000000000001
3.3560980000000002	0.304958	0.540756	0.424167	0.683225	AUT	neutron	pi+	0.0	0.009776	0.070207	0.001536
3.6813029999999998	0.402133	0.44366300000000003	0.423263	0.654821	AUT	neutron	pi+	0.0	0.094835	0.070207	0.001731
3.367297	0.290425	0.566606	0.42481800000000003	0.881972	AUT	neutron	pi+	0.0	0.022928	0.070207	0.001511
3.203221	0.27570100000000003	0.564133	0.47246800000000005	0.127171	AUT	neutron	pi+	0.0	0.005639	0.070207	0.001497
3.356939	0.319178	0.510049	0.473516	0.124304	AUT	neutron	pi+	0.0	0.00601	0.070207	0.00158
3.49592	0.371249	0.45726700000000003	0.473542	0.129552	AUT	neutron	pi+	0.0	0.0062759999999999995	0.070207	0.001684
3.7217809999999996	0.43433999999999995	0.41520799999999997	0.47306499999999996	0.15078699999999998	AUT	neutron	pi+	0.0	0.042522000000000004	0.070207	0.00183
3.175706	0.264868	0.581807	0.472116	0.29246500000000003	AUT	neutron	pi+	0.0	0.007575	0.070207	0.001477
3.3414980000000005	0.304124	0.532832	0.47335200000000005	0.29038600000000003	AUT	neutron	pi+	0.0	0.011929	0.070207	0.001552
3.395314	0.34373000000000004	0.47901099999999996	0.474099	0.289563	AUT	neutron	pi+	0.0	0.007586	0.070207	0.001628
3.474785	0.39014899999999997	0.432004	0.47402299999999997	0.292547	AUT	neutron	pi+	0.0	0.007490999999999999	0.070207	0.0017239999999999998
3.703779	0.43671800000000005	0.410901	0.473987	0.297198	AUT	neutron	pi+	0.0	0.021496	0.070207	0.001837
3.255806	0.284537	0.556789	0.472844	0.487834	AUT	neutron	pi+	0.0	0.025983	0.070207	0.0015140000000000002
3.4420129999999998	0.365284	0.45842200000000005	0.474149	0.486441	AUT	neutron	pi+	0.0	0.014796	0.070207	0.0016710000000000002
3.725636	0.43594799999999995	0.414076	0.47325900000000004	0.469875	AUT	neutron	pi+	0.0	0.060479	0.070207	0.001834
3.3401870000000002	0.309765	0.528284	0.473329	0.726537	AUT	neutron	pi+	0.0	0.010145999999999999	0.070207	0.00156
3.8605410000000004	0.422626	0.44256899999999993	0.46934	0.6282449999999999	AUT	neutron	pi+	0.0	0.404609	0.070207	0.0018
3.248072	0.301288	0.523663	0.521732	0.127045	AUT	neutron	pi+	0.0	0.005867	0.070207	0.0015609999999999999
3.503807	0.370967	0.45928199999999997	0.523482	0.13126600000000002	AUT	neutron	pi+	0.0	0.006751000000000001	0.070207	0.001704
3.22221	0.294162	0.531929	0.521243	0.289982	AUT	neutron	pi+	0.0	0.010128	0.070207	0.001547
3.401336	0.348686	0.473261	0.523954	0.29178000000000004	AUT	neutron	pi+	0.0	0.006861	0.070207	0.001657
3.5408839999999997	0.406457	0.42255299999999996	0.523824	0.298208	AUT	neutron	pi+	0.0	0.009334	0.070207	0.0017850000000000001
3.3007199999999997	0.317389	0.506774	0.5226390000000001	0.48878299999999997	AUT	neutron	pi+	0.0	0.017613999999999998	0.070207	0.001592
3.5561870000000004	0.395389	0.436224	0.523034	0.476714	AUT	neutron	pi+	0.0	0.022152	0.070207	0.001759
3.34275	0.317893	0.512479	0.522103	0.71281	AUT	neutron	pi+	0.0	0.018425	0.070207	0.001593
3.220409	0.317371	0.492329	0.570258	0.21863600000000002	AUT	neutron	pi+	0.0	0.006606999999999999	0.070207	0.00161
3.437721	0.366473	0.454866	0.573075	0.236215	AUT	neutron	pi+	0.0	0.006478	0.070207	0.001716
3.619208	0.413621	0.424088	0.5720069999999999	0.252868	AUT	neutron	pi+	0.0	0.013578999999999999	0.070207	0.00183
3.371793	0.343725	0.477209	0.570922	0.529787	AUT	neutron	pi+	0.0	0.014111000000000002	0.070207	0.0016649999999999998
3.305154	0.35432800000000003	0.452586	0.6193609999999999	0.280991	AUT	neutron	pi+	0.0	0.006539	0.070207	0.0017109999999999998
3.765725	0.41439	0.440341	0.617654	0.239725	AUT	neutron	pi+	0.0	0.026104000000000002	0.070207	0.0018620000000000002
4.202249	0.31348899999999996	0.6497569999999999	0.323436	0.12775	AUT	neutron	pi+	0.0	0.007522	0.070207	0.001525
4.448046	0.341931	0.630262	0.32362399999999997	0.124874	AUT	neutron	pi+	0.0	0.007892	0.070207	0.001576
4.605573000000001	0.367451	0.6074609999999999	0.32372199999999995	0.12192	AUT	neutron	pi+	0.0	0.008173	0.070207	0.001623
4.561337	0.401495	0.550994	0.323777	0.11893499999999999	AUT	neutron	pi+	0.0	0.008497	0.070207	0.0016899999999999999
4.419892	0.45419	0.47245299999999996	0.323363	0.131227	AUT	neutron	pi+	0.0	0.010306000000000001	0.070207	0.001807
4.172218	0.307852	0.656816	0.324306	0.28649600000000003	AUT	neutron	pi+	0.0	0.011222	0.070207	0.001516
4.397245	0.333454	0.6389050000000001	0.324223	0.286603	AUT	neutron	pi+	0.0	0.016977000000000003	0.070207	0.0015609999999999999
4.604458	0.35772	0.623764	0.324231	0.287441	AUT	neutron	pi+	0.0	0.024592	0.070207	0.0016059999999999998
4.578921	0.393148	0.5650689999999999	0.324102	0.289046	AUT	neutron	pi+	0.0	0.024543000000000002	0.070207	0.001673
4.382225	0.452996	0.46984	0.324303	0.286175	AUT	neutron	pi+	0.0	0.01329	0.070207	0.001805
4.67256	0.508074	0.44551	0.324231	0.28512600000000005	AUT	neutron	pi+	0.0	0.11405	0.070207	0.001957
4.321541000000001	0.325114	0.644572	0.324273	0.48520399999999997	AUT	neutron	pi+	0.0	0.023236	0.070207	0.001546
4.546394	0.394407	0.5620890000000001	0.324177	0.48560699999999996	AUT	neutron	pi+	0.0	0.017335	0.070207	0.0016760000000000002
4.37667	0.474638	0.446874	0.324183	0.48557700000000004	AUT	neutron	pi+	0.0	0.076672	0.070207	0.001859
4.443162999999999	0.361264	0.602479	0.32474000000000003	0.698112	AUT	neutron	pi+	0.0	0.014303999999999999	0.070207	0.001611
4.254378	0.320239	0.6440859999999999	0.373429	0.127247	AUT	neutron	pi+	0.0	0.0076879999999999995	0.070207	0.0015550000000000002
4.5566510000000005	0.358183	0.61661	0.37351599999999996	0.125309	AUT	neutron	pi+	0.0	0.00796	0.070207	0.001626
4.55938	0.40305	0.54919	0.373681	0.12272899999999999	AUT	neutron	pi+	0.0	0.008389	0.070207	0.0017170000000000002
4.4158349999999995	0.461871	0.46378199999999997	0.373291	0.13633499999999998	AUT	neutron	pi+	0.0	0.01641	0.070207	0.0018559999999999998
4.196692	0.311046	0.653945	0.373974	0.290022	AUT	neutron	pi+	0.0	0.009547	0.070207	0.001539
4.47687	0.341492	0.63518	0.37408800000000003	0.287987	AUT	neutron	pi+	0.0	0.013316999999999999	0.070207	0.0015949999999999998
4.617351	0.376033	0.595651	0.37414000000000003	0.288454	AUT	neutron	pi+	0.0	0.021580000000000002	0.070207	0.001662
4.407669	0.43876000000000004	0.488489	0.374197	0.287773	AUT	neutron	pi+	0.0	0.01066	0.070207	0.0017980000000000001
4.512361	0.494795	0.441762	0.374159	0.288215	AUT	neutron	pi+	0.0	0.049007	0.070207	0.00195
4.366766999999999	0.330278	0.641316	0.374305	0.485153	AUT	neutron	pi+	0.0	0.039417	0.070207	0.001574
4.502515	0.416637	0.5286310000000001	0.374301	0.48526400000000003	AUT	neutron	pi+	0.0	0.020132	0.070207	0.001748
4.44327	0.358721	0.606056	0.37454	0.721949	AUT	neutron	pi+	0.0	0.011937999999999999	0.070207	0.001627
4.331511	0.32952800000000004	0.6374569999999999	0.423124	0.127046	AUT	neutron	pi+	0.0	0.00783	0.070207	0.0015890000000000001
4.5827160000000005	0.38645100000000004	0.5760109999999999	0.42359300000000005	0.12551099999999998	AUT	neutron	pi+	0.0	0.008241	0.070207	0.001703
4.440535	0.453003	0.475867	0.42339899999999997	0.134917	AUT	neutron	pi+	0.0	0.015921	0.070207	0.00186
4.239381	0.316662	0.648992	0.423365	0.293714	AUT	neutron	pi+	0.0	0.008886	0.070207	0.001565
4.57185	0.356001	0.622532	0.42383000000000004	0.289501	AUT	neutron	pi+	0.0	0.013109	0.070207	0.001641
4.4850959999999995	0.41598	0.524716	0.424129	0.28934699999999997	AUT	neutron	pi+	0.0	0.010721	0.070207	0.001768
4.388915	0.479811	0.44318199999999996	0.42400200000000005	0.29289299999999996	AUT	neutron	pi+	0.0	0.027568000000000002	0.070207	0.001935
4.41155	0.338094	0.633556	0.423903	0.48598	AUT	neutron	pi+	0.0	0.048241	0.070207	0.0016059999999999998
4.4619290000000005	0.430626	0.505257	0.424227	0.484907	AUT	neutron	pi+	0.0	0.026186	0.070207	0.0018039999999999998
4.447353	0.356962	0.608996	0.4242	0.733171	AUT	neutron	pi+	0.0	0.013947999999999999	0.070207	0.0016420000000000002
4.458312	0.37352199999999997	0.581106	0.47053999999999996	0.127186	AUT	neutron	pi+	0.0	0.008211	0.070207	0.0016940000000000002
4.44027	0.457158	0.471288	0.47332799999999997	0.138174	AUT	neutron	pi+	0.0	0.022586000000000002	0.070207	0.001898
4.425641000000001	0.358513	0.599757	0.469135	0.290207	AUT	neutron	pi+	0.0	0.012331	0.070207	0.001662
4.414551	0.444381	0.48324700000000004	0.47397399999999995	0.29397399999999996	AUT	neutron	pi+	0.0	0.011329	0.070207	0.001864
4.438009	0.37798200000000004	0.573408	0.470764	0.54169	AUT	neutron	pi+	0.0	0.023013	0.070207	0.001704
4.41066	0.471559	0.453324	0.473167	0.47962299999999997	AUT	neutron	pi+	0.0	0.066473	0.070207	0.001939
4.376066000000001	0.42026	0.507271	0.5209090000000001	0.23160999999999998	AUT	neutron	pi+	0.0	0.008931999999999999	0.070207	0.0018260000000000001
4.4919	0.49135200000000007	0.44284799999999996	0.522832	0.266389	AUT	neutron	pi+	0.0	0.06122999999999999	0.070207	0.002037
4.399033	0.416894	0.5137729999999999	0.520184	0.528509	AUT	neutron	pi+	0.0	0.027781999999999998	0.070207	0.0018170000000000003
4.253046	0.433238	0.47669300000000003	0.570817	0.29347	AUT	neutron	pi+	0.0	0.012961000000000002	0.070207	0.001889
5.230385	0.390315	0.649562	0.323629	0.12491600000000001	AUT	neutron	pi+	0.0	0.010125	0.070207	0.0016699999999999998
5.433187	0.423871	0.621119	0.323714	0.12131199999999999	AUT	neutron	pi+	0.0	0.010647	0.070207	0.001741
5.492097	0.454487	0.58568	0.323784	0.118957	AUT	neutron	pi+	0.0	0.011243000000000001	0.070207	0.001813
5.581852	0.505188	0.536139	0.323546	0.123857	AUT	neutron	pi+	0.0	0.011648	0.070207	0.001952
5.232221	0.388346	0.653069	0.32436	0.286558	AUT	neutron	pi+	0.0	0.025551	0.070207	0.001666
5.456422	0.42513599999999996	0.621996	0.324201	0.28834299999999996	AUT	neutron	pi+	0.0	0.039587	0.070207	0.001744
5.494117	0.464392	0.573626	0.324209	0.288586	AUT	neutron	pi+	0.0	0.025416	0.070207	0.001838
5.59411	0.520426	0.521255	0.324304	0.28612	AUT	neutron	pi+	0.0	0.020636	0.070207	0.002001
5.357432	0.411559	0.631887	0.32432	0.48479300000000003	AUT	neutron	pi+	0.0	0.029837	0.070207	0.001715
5.542695	0.49237299999999995	0.546901	0.324276	0.484839	AUT	neutron	pi+	0.0	0.038262	0.070207	0.0019149999999999998
5.416274	0.433561	0.6088640000000001	0.324588	0.701106	AUT	neutron	pi+	0.0	0.024086	0.070207	0.0017649999999999999
5.273237	0.397806	0.642724	0.37344499999999997	0.125943	AUT	neutron	pi+	0.0	0.010279	0.070207	0.001709
5.473427	0.44120699999999996	0.6013890000000001	0.37367	0.12308499999999999	AUT	neutron	pi+	0.0	0.010832	0.070207	0.001809
5.570746	0.497479	0.543562	0.3735	0.124668	AUT	neutron	pi+	0.0	0.012578	0.070207	0.0019649999999999997
5.261801999999999	0.39270700000000003	0.649564	0.374081	0.287428	AUT	neutron	pi+	0.0	0.018705	0.070207	0.001698
5.478897	0.436754	0.608208	0.374179	0.288696	AUT	neutron	pi+	0.0	0.027510000000000003	0.070207	0.0017980000000000001
5.543594000000001	0.498266	0.540165	0.374173	0.28777600000000003	AUT	neutron	pi+	0.0	0.014338	0.070207	0.001968
5.8601790000000005	0.564662	0.5027689999999999	0.374082	0.28891700000000003	AUT	neutron	pi+	0.0	0.11133699999999999	0.070207	0.002207
5.379281	0.419658	0.622897	0.374272	0.48525100000000004	AUT	neutron	pi+	0.0	0.038161	0.070207	0.0017579999999999998
5.566	0.505866	0.53399	0.374292	0.48479300000000003	AUT	neutron	pi+	0.0	0.053443	0.070207	0.0019920000000000003
5.414441	0.431896	0.610841	0.37445500000000004	0.714603	AUT	neutron	pi+	0.0	0.022896	0.070207	0.0017879999999999999
5.326035	0.408172	0.632972	0.42319300000000004	0.127045	AUT	neutron	pi+	0.0	0.010388	0.070207	0.001755
5.535979	0.477812	0.5630390000000001	0.423504	0.12521300000000002	AUT	neutron	pi+	0.0	0.011483	0.070207	0.0019379999999999998
5.91873	0.5695319999999999	0.503452	0.42328599999999994	0.140621	AUT	neutron	pi+	0.0	0.336789	0.070207	0.002274
5.3027370000000005	0.399569	0.643544	0.42356099999999997	0.289471	AUT	neutron	pi+	0.0	0.016388999999999997	0.070207	0.0017350000000000002
5.49055	0.45703299999999997	0.582978	0.424048	0.288748	AUT	neutron	pi+	0.0	0.017153	0.070207	0.001877
5.601424	0.522534	0.519763	0.42408	0.291223	AUT	neutron	pi+	0.0	0.020869	0.070207	0.002084
5.402707	0.43200200000000005	0.6090979999999999	0.424019	0.486408	AUT	neutron	pi+	0.0	0.037876	0.070207	0.001813
5.627181	0.52932	0.515274	0.42413100000000004	0.482259	AUT	neutron	pi+	0.0	0.087599	0.070207	0.002109
5.411101	0.43056300000000003	0.6120939999999999	0.42409600000000003	0.717532	AUT	neutron	pi+	0.0	0.029835000000000004	0.070207	0.0018100000000000002
5.417497	0.455733	0.578543	0.47097700000000003	0.126696	AUT	neutron	pi+	0.0	0.011281	0.070207	0.001902
5.79956	0.557605	0.5038739999999999	0.47316800000000003	0.140822	AUT	neutron	pi+	0.0	0.136055	0.070207	0.0022670000000000004
5.375093	0.44453000000000004	0.587534	0.47070100000000004	0.289515	AUT	neutron	pi+	0.0	0.015412	0.070207	0.0018690000000000002
5.603082	0.523384	0.519047	0.473869	0.295302	AUT	neutron	pi+	0.0	0.023718	0.070207	0.002125
5.4167879999999995	0.45649300000000004	0.57786	0.471179	0.5460109999999999	AUT	neutron	pi+	0.0	0.029356999999999998	0.070207	0.0019039999999999999
5.39213	0.482975	0.5419470000000001	0.519821	0.286466	AUT	neutron	pi+	0.0	0.012695	0.070207	0.002016
5.757154	0.552149	0.5051439999999999	0.522231	0.266397	AUT	neutron	pi+	0.0	0.06292	0.070207	0.002291
6.366719	0.482383	0.640151	0.323736	0.1218	AUT	neutron	pi+	0.0	0.011552	0.070207	0.001889
6.860450999999999	0.559561	0.594353	0.323631	0.121401	AUT	neutron	pi+	0.0	0.012991999999999998	0.070207	0.002144
6.401592	0.487483	0.637202	0.324285	0.288369	AUT	neutron	pi+	0.0	0.037959	0.070207	0.0019039999999999999
6.873427	0.5684	0.586029	0.324265	0.286986	AUT	neutron	pi+	0.0	0.023247	0.070207	0.002179
6.589038	0.5181899999999999	0.618352	0.324247	0.528044	AUT	neutron	pi+	0.0	0.022693	0.070207	0.002
7.839759	0.6352909999999999	0.597826	0.32406999999999997	0.48092299999999993	AUT	neutron	pi+	0.0	0.810601	0.070207	0.0024920000000000003
6.446948	0.496278	0.630524	0.37355700000000003	0.124351	AUT	neutron	pi+	0.0	0.011778	0.070207	0.0019649999999999997
7.003191999999999	0.576987	0.588022	0.37348899999999996	0.123602	AUT	neutron	pi+	0.0	0.020753999999999998	0.070207	0.0022649999999999997
6.4459	0.496562	0.630312	0.374107	0.287972	AUT	neutron	pi+	0.0	0.024758000000000002	0.070207	0.001967
6.95527	0.5794100000000001	0.581481	0.374109	0.287722	AUT	neutron	pi+	0.0	0.024343	0.070207	0.0022760000000000002
6.586171	0.516942	0.6195930000000001	0.37426	0.53815	AUT	neutron	pi+	0.0	0.029783999999999998	0.070207	0.0020350000000000004
6.351735	0.48035900000000004	0.641284	0.42339799999999994	0.21162199999999998	AUT	neutron	pi+	0.0	0.01351	0.070207	0.0019489999999999998
6.745028	0.5504359999999999	0.5941420000000001	0.423734	0.214121	AUT	neutron	pi+	0.0	0.013905	0.070207	0.002198
7.42442	0.610352	0.589221	0.423745	0.218462	AUT	neutron	pi+	0.0	0.040063	0.070207	0.002486
6.581903	0.516487	0.6196470000000001	0.42394	0.5382939999999999	AUT	neutron	pi+	0.0	0.038762	0.070207	0.002071
6.449004	0.5250239999999999	0.596255	0.46957	0.27524	AUT	neutron	pi+	0.0	0.014372999999999999	0.070207	0.002135
7.161933	0.597758	0.580236	0.471893	0.26958200000000004	AUT	neutron	pi+	0.0	0.031343	0.070207	0.0024739999999999996
6.398854	0.556675	0.557184	0.516555	0.27774699999999997	AUT	neutron	pi+	0.0	0.027232	0.070207	0.0023120000000000003
1.126053	0.10608499999999998	0.646119	0.322937	0.152197	AUT	neutron	pi+	0.0	0.00227	0.070207	0.0017329999999999997
1.205336	0.12655999999999998	0.577137	0.32348699999999997	0.136711	AUT	neutron	pi+	0.0	0.002259	0.070207	0.0017829999999999999
1.2780280000000002	0.141193	0.548291	0.324235	0.128723	AUT	neutron	pi+	0.0	0.0024059999999999997	0.070207	0.0018219999999999998
1.3758569999999999	0.155579	0.535586	0.325029	0.123775	AUT	neutron	pi+	0.0	0.0026	0.070207	0.001861
1.4994319999999999	0.17185899999999998	0.528412	0.325218	0.12008699999999999	AUT	neutron	pi+	0.0	0.002734	0.070207	0.001906
1.635926	0.191965	0.516255	0.32547600000000004	0.115478	AUT	neutron	pi+	0.0	0.002984	0.070207	0.001963
1.7802360000000002	0.225938	0.47845600000000005	0.326887	0.110528	AUT	neutron	pi+	0.0	0.0032090000000000005	0.070207	0.002058
1.9306169999999998	0.277465	0.42154899999999995	0.337566	0.119237	AUT	neutron	pi+	0.0	0.015466999999999998	0.070207	0.002203
1.065832	0.086785	0.745041	0.323176	0.31009000000000003	AUT	neutron	pi+	0.0	0.002196	0.070207	0.0016879999999999998
1.1266770000000002	0.09874400000000001	0.691276	0.32374	0.300631	AUT	neutron	pi+	0.0	0.002348	0.070207	0.001715
1.174558	0.108232	0.657375	0.323998	0.295012	AUT	neutron	pi+	0.0	0.002588	0.070207	0.001738
1.2211020000000001	0.117219	0.630981	0.324125	0.292124	AUT	neutron	pi+	0.0	0.002997	0.070207	0.00176
1.265987	0.12629200000000002	0.607175	0.32415	0.291312	AUT	neutron	pi+	0.0	0.0035039999999999997	0.070207	0.001782
1.312162	0.135907	0.5847899999999999	0.324256	0.29079	AUT	neutron	pi+	0.0	0.004081	0.070207	0.001808
1.370652	0.146589	0.566317	0.324858	0.290601	AUT	neutron	pi+	0.0	0.0047090000000000005	0.070207	0.001836
1.454289	0.159674	0.551642	0.32519499999999996	0.290697	AUT	neutron	pi+	0.0	0.00556	0.070207	0.001872
1.566574	0.17686400000000002	0.536552	0.325371	0.29131599999999996	AUT	neutron	pi+	0.0	0.00698	0.070207	0.0019210000000000002
1.6976369999999998	0.202548	0.508211	0.325827	0.29220999999999997	AUT	neutron	pi+	0.0	0.007731	0.070207	0.001993
1.8331439999999999	0.242356	0.459083	0.328714	0.292429	AUT	neutron	pi+	0.0	0.011456000000000001	0.070207	0.002104
1.083468	0.08913	0.73824	0.324693	0.481803	AUT	neutron	pi+	0.0	0.0022429999999999998	0.070207	0.001693
1.174404	0.107322	0.663419	0.324581	0.483288	AUT	neutron	pi+	0.0	0.002239	0.070207	0.001736
1.248536	0.12363699999999998	0.612028	0.324625	0.48269300000000004	AUT	neutron	pi+	0.0	0.002404	0.070207	0.0017760000000000002
1.330971	0.141274	0.570896	0.32500500000000004	0.48191000000000006	AUT	neutron	pi+	0.0	0.002744	0.070207	0.0018219999999999998
1.4686620000000001	0.163678	0.543672	0.325575	0.483691	AUT	neutron	pi+	0.0	0.003259	0.070207	0.001883
1.671832	0.199267	0.509329	0.326083	0.486728	AUT	neutron	pi+	0.0	0.004497999999999999	0.070207	0.001983
1.852237	0.24894499999999997	0.45137	0.329804	0.489254	AUT	neutron	pi+	0.0	0.018692	0.070207	0.0021219999999999998
1.3819549999999998	0.132899	0.65087	0.330942	0.638495	AUT	neutron	pi+	0.0	0.009659000000000001	0.070207	0.0018
1.145561	0.113238	0.616213	0.373096	0.14752	AUT	neutron	pi+	0.0	0.002262	0.070207	0.001759
1.2405190000000001	0.13752999999999999	0.5466810000000001	0.373631	0.130751	AUT	neutron	pi+	0.0	0.002367	0.070207	0.001823
1.319381	0.155526	0.5139630000000001	0.373866	0.12261099999999998	AUT	neutron	pi+	0.0	0.002576	0.070207	0.001873
1.417686	0.17314200000000002	0.49592700000000006	0.37454	0.11839300000000001	AUT	neutron	pi+	0.0	0.0027429999999999998	0.070207	0.001924
1.547504	0.19355	0.48435200000000006	0.374768	0.115952	AUT	neutron	pi+	0.0	0.002855	0.070207	0.001982
1.6755779999999998	0.22474899999999998	0.45223199999999997	0.375129	0.114294	AUT	neutron	pi+	0.0	0.002874	0.070207	0.002071
1.826438	0.268827	0.411875	0.375228	0.12298599999999998	AUT	neutron	pi+	0.0	0.005336	0.070207	0.002193
1.082152	0.090615	0.725115	0.373245	0.312146	AUT	neutron	pi+	0.0	0.002147	0.070207	0.001704
1.154556	0.10548199999999999	0.6632239999999999	0.373758	0.301779	AUT	neutron	pi+	0.0	0.002341	0.070207	0.001739
1.213641	0.117129	0.627703	0.373979	0.296112	AUT	neutron	pi+	0.0	0.002624	0.070207	0.0017690000000000002
1.273217	0.128724	0.599178	0.374077	0.29335700000000003	AUT	neutron	pi+	0.0	0.003177	0.070207	0.0017989999999999998
1.331119	0.14109100000000002	0.5715319999999999	0.37413	0.291698	AUT	neutron	pi+	0.0	0.003856	0.070207	0.0018329999999999998
1.388199	0.155107	0.54223	0.374192	0.291118	AUT	neutron	pi+	0.0	0.00476	0.070207	0.001872
1.461832	0.171653	0.515895	0.374697	0.290926	AUT	neutron	pi+	0.0	0.005902	0.070207	0.0019199999999999998
1.569616	0.19341	0.491825	0.374954	0.291665	AUT	neutron	pi+	0.0	0.007328	0.070207	0.001982
1.7046599999999998	0.234661	0.44154	0.37551999999999996	0.29222600000000004	AUT	neutron	pi+	0.0	0.006745	0.070207	0.002098
1.9165580000000002	0.29293	0.396273	0.375337	0.290517	AUT	neutron	pi+	0.0	0.040116000000000006	0.070207	0.0022600000000000003
1.090277	0.090357	0.733016	0.374361	0.487518	AUT	neutron	pi+	0.0	0.002466	0.070207	0.001703
1.189378	0.110383	0.653393	0.374303	0.48942700000000006	AUT	neutron	pi+	0.0	0.00268	0.070207	0.0017519999999999999
1.269406	0.13008599999999998	0.5917180000000001	0.374105	0.491393	AUT	neutron	pi+	0.0	0.0024739999999999996	0.070207	0.0018030000000000001
1.351696	0.152684	0.5367930000000001	0.374155	0.491667	AUT	neutron	pi+	0.0	0.0025859999999999998	0.070207	0.001865
1.477069	0.18040599999999998	0.49626099999999995	0.374857	0.49245600000000006	AUT	neutron	pi+	0.0	0.003073	0.070207	0.001945
1.678612	0.22948400000000002	0.445358	0.375186	0.49436499999999994	AUT	neutron	pi+	0.0	0.00539	0.070207	0.002082
1.246306	0.117443	0.653778	0.376944	0.6614220000000001	AUT	neutron	pi+	0.0	0.003443	0.070207	0.0017699999999999999
1.660954	0.197009	0.51636	0.37794099999999997	0.6515380000000001	AUT	neutron	pi+	0.0	0.018399000000000002	0.070207	0.00199
1.167079	0.120996	0.5879300000000001	0.42328699999999997	0.142286	AUT	neutron	pi+	0.0	0.0022660000000000002	0.070207	0.001786
1.2826389999999999	0.14996900000000002	0.518458	0.42373999999999995	0.12571500000000002	AUT	neutron	pi+	0.0	0.0024760000000000003	0.070207	0.0018670000000000002
1.379177	0.17278	0.48369799999999996	0.42389499999999997	0.11968699999999999	AUT	neutron	pi+	0.0	0.002637	0.070207	0.001934
1.508293	0.197297	0.46314099999999997	0.423992	0.118328	AUT	neutron	pi+	0.0	0.002725	0.070207	0.002006
1.693023	0.23907199999999998	0.43015600000000004	0.42381	0.121196	AUT	neutron	pi+	0.0	0.002833	0.070207	0.002125
1.0989790000000002	0.094986	0.703281	0.423333	0.31300100000000003	AUT	neutron	pi+	0.0	0.002156	0.070207	0.00172
1.185659	0.11335799999999999	0.633876	0.42382200000000003	0.301775	AUT	neutron	pi+	0.0	0.002352	0.070207	0.001766
1.262964	0.128215	0.5968100000000001	0.42400600000000005	0.296502	AUT	neutron	pi+	0.0	0.002816	0.070207	0.0018059999999999999
1.33879	0.14388800000000002	0.563755	0.42406400000000005	0.29367600000000005	AUT	neutron	pi+	0.0	0.0034850000000000003	0.070207	0.00185
1.407923	0.161642	0.52782	0.42411800000000005	0.291883	AUT	neutron	pi+	0.0	0.00463	0.070207	0.0019010000000000001
1.4753610000000001	0.182367	0.490257	0.42420399999999997	0.291669	AUT	neutron	pi+	0.0	0.005938000000000001	0.070207	0.001962
1.58623	0.21273000000000003	0.452323	0.424192	0.292169	AUT	neutron	pi+	0.0	0.006729000000000001	0.070207	0.00205
1.766545	0.25961799999999996	0.41264700000000004	0.424195	0.291194	AUT	neutron	pi+	0.0	0.009288	0.070207	0.002184
1.101985	0.09284400000000001	0.721539	0.42409300000000005	0.49008199999999996	AUT	neutron	pi+	0.0	0.0026030000000000003	0.070207	0.001714
1.218215	0.116328	0.635335	0.424232	0.488947	AUT	neutron	pi+	0.0	0.003602	0.070207	0.0017739999999999998
1.313987	0.14139300000000002	0.563919	0.42408500000000005	0.491699	AUT	neutron	pi+	0.0	0.0032979999999999997	0.070207	0.001843
1.404902	0.17182999999999998	0.49612399999999995	0.42403100000000005	0.49333599999999994	AUT	neutron	pi+	0.0	0.003042	0.070207	0.0019309999999999998
1.602953	0.22088000000000002	0.44167	0.42388100000000006	0.49233599999999994	AUT	neutron	pi+	0.0	0.004456	0.070207	0.002071
1.957948	0.302867	0.391491	0.42326400000000003	0.47997799999999996	AUT	neutron	pi+	0.0	0.205145	0.070207	0.002306
1.182701	0.109179	0.6645439999999999	0.42531599999999997	0.675503	AUT	neutron	pi+	0.0	0.002376	0.070207	0.001756
1.5180639999999999	0.179537	0.518472	0.42539799999999994	0.668763	AUT	neutron	pi+	0.0	0.005772	0.070207	0.00195
1.189632	0.129052	0.5624359999999999	0.47345600000000004	0.137598	AUT	neutron	pi+	0.0	0.002278	0.070207	0.0018149999999999998
1.331877	0.163921	0.49265299999999995	0.47380500000000003	0.122904	AUT	neutron	pi+	0.0	0.002576	0.070207	0.001917
1.4874120000000002	0.19483599999999998	0.46259799999999995	0.473879	0.12101500000000001	AUT	neutron	pi+	0.0	0.00266	0.070207	0.002009
1.697968	0.239934	0.42976899999999996	0.47378000000000003	0.12416500000000001	AUT	neutron	pi+	0.0	0.0033619999999999995	0.070207	0.0021420000000000002
1.1200450000000002	0.100971	0.674866	0.47298199999999996	0.312323	AUT	neutron	pi+	0.0	0.002175	0.070207	0.0017399999999999998
1.22641	0.12318	0.603489	0.473867	0.300809	AUT	neutron	pi+	0.0	0.002489	0.070207	0.0017989999999999998
1.326817	0.142898	0.562743	0.474053	0.296106	AUT	neutron	pi+	0.0	0.003106	0.070207	0.001855
1.4174799999999999	0.165174	0.520231	0.47408999999999996	0.293416	AUT	neutron	pi+	0.0	0.004277	0.070207	0.0019210000000000002
1.513652	0.193172	0.47514700000000004	0.474191	0.292047	AUT	neutron	pi+	0.0	0.005758	0.070207	0.0020050000000000003
1.68881	0.240885	0.425932	0.474234	0.291214	AUT	neutron	pi+	0.0	0.005685	0.070207	0.002144
1.1250879999999999	0.098037	0.6980649999999999	0.47321599999999997	0.49131899999999995	AUT	neutron	pi+	0.0	0.002605	0.070207	0.001732
1.267817	0.127088	0.605804	0.474288	0.488314	AUT	neutron	pi+	0.0	0.0045060000000000005	0.070207	0.0018100000000000002
1.385267	0.161982	0.519624	0.474129	0.491208	AUT	neutron	pi+	0.0	0.0043170000000000005	0.070207	0.001911
1.594514	0.21554099999999998	0.450625	0.47385900000000003	0.488073	AUT	neutron	pi+	0.0	0.005313	0.070207	0.002069
1.18771	0.11234200000000001	0.648887	0.474021	0.6845399999999999	AUT	neutron	pi+	0.0	0.0022949999999999997	0.070207	0.0017699999999999999
1.4974120000000002	0.177978	0.513424	0.47406800000000004	0.679876	AUT	neutron	pi+	0.0	0.004202	0.070207	0.001956
1.356794	0.132579	0.634273	0.476839	0.8632540000000001	AUT	neutron	pi+	0.0	0.008893	0.070207	0.001825
1.213319	0.137554	0.538587	0.523504	0.133466	AUT	neutron	pi+	0.0	0.0023469999999999997	0.070207	0.001847
1.406012	0.180808	0.471529	0.52386	0.122787	AUT	neutron	pi+	0.0	0.002602	0.070207	0.001978
1.658582	0.22994	0.43836	0.5238010000000001	0.125093	AUT	neutron	pi+	0.0	0.003232	0.070207	0.002127
1.145029	0.111529	0.624366	0.522287	0.307789	AUT	neutron	pi+	0.0	0.0022670000000000004	0.070207	0.001773
1.295596	0.13936199999999999	0.5636770000000001	0.523777	0.298379	AUT	neutron	pi+	0.0	0.0028120000000000003	0.070207	0.001853
1.4187370000000001	0.167691	0.513207	0.524091	0.2946	AUT	neutron	pi+	0.0	0.003924	0.070207	0.001939
1.560111	0.206767	0.458295	0.524184	0.291934	AUT	neutron	pi+	0.0	0.005038	0.070207	0.002058
1.7749599999999999	0.26224699999999995	0.41035699999999997	0.524183	0.289867	AUT	neutron	pi+	0.0	0.007743000000000001	0.070207	0.002224
1.1685780000000001	0.111573	0.637375	0.522212	0.489357	AUT	neutron	pi+	0.0	0.003215	0.070207	0.0017739999999999998
1.357767	0.151475	0.545162	0.524165	0.489595	AUT	neutron	pi+	0.0	0.005743	0.070207	0.001889
1.5896540000000001	0.207683	0.466433	0.523649	0.485187	AUT	neutron	pi+	0.0	0.006745999999999999	0.070207	0.002059
1.2541120000000001	0.130657	0.589584	0.5230560000000001	0.688919	AUT	neutron	pi+	0.0	0.002548	0.070207	0.001827
1.6494520000000001	0.196802	0.5090979999999999	0.523115	0.679916	AUT	neutron	pi+	0.0	0.007581999999999999	0.070207	0.0020280000000000003
1.362103	0.136546	0.610942	0.52446	0.8792110000000001	AUT	neutron	pi+	0.0	0.006940000000000001	0.070207	0.0018440000000000002
1.242813	0.14949	0.507858	0.5733560000000001	0.128897	AUT	neutron	pi+	0.0	0.002411	0.070207	0.0018920000000000002
1.5631059999999999	0.211885	0.44869499999999995	0.573778	0.125642	AUT	neutron	pi+	0.0	0.002735	0.070207	0.0020859999999999997
1.172427	0.12526400000000001	0.569422	0.572458	0.302981	AUT	neutron	pi+	0.0	0.00249	0.070207	0.00182
1.382598	0.164297	0.5106510000000001	0.573535	0.295437	AUT	neutron	pi+	0.0	0.003662	0.070207	0.0019399999999999999
1.609717	0.21725500000000003	0.451525	0.5735779999999999	0.289097	AUT	neutron	pi+	0.0	0.003933	0.070207	0.002104
1.217334	0.13104100000000002	0.566983	0.572505	0.48905600000000005	AUT	neutron	pi+	0.0	0.005123	0.070207	0.001837
1.564863	0.193445	0.49261800000000006	0.5732229999999999	0.48495200000000005	AUT	neutron	pi+	0.0	0.008693000000000001	0.070207	0.00203
1.341442	0.144723	0.565875	0.572308	0.734817	AUT	neutron	pi+	0.0	0.002852	0.070207	0.001877
1.875327	0.22873200000000002	0.496874	0.570494	0.656447	AUT	neutron	pi+	0.0	0.053252999999999995	0.070207	0.002146
1.300095	0.16508	0.480479	0.6230359999999999	0.12655999999999998	AUT	neutron	pi+	0.0	0.0025109999999999998	0.070207	0.001953
1.7032450000000001	0.231357	0.446913	0.622412	0.124779	AUT	neutron	pi+	0.0	0.005137	0.070207	0.00217
1.214546	0.142727	0.518616	0.622624	0.298336	AUT	neutron	pi+	0.0	0.0029739999999999996	0.070207	0.001883
1.5914030000000001	0.204599	0.472854	0.622343	0.288049	AUT	neutron	pi+	0.0	0.0045780000000000005	0.070207	0.002082
1.253606	0.14360499999999998	0.531411	0.621843	0.545721	AUT	neutron	pi+	0.0	0.006972	0.070207	0.0018859999999999999
1.716732	0.205237	0.5076579999999999	0.621386	0.51585	AUT	neutron	pi+	0.0	0.017405	0.070207	0.002089
1.2133040000000002	0.150882	0.48891999999999997	0.671765	0.225296	AUT	neutron	pi+	0.0	0.002792	0.070207	0.0019219999999999999
1.650093	0.208217	0.48025	0.670563	0.201721	AUT	neutron	pi+	0.0	0.0042060000000000005	0.070207	0.002116
1.318343	0.154554	0.517357	0.668754	0.511838	AUT	neutron	pi+	0.0	0.019009	0.070207	0.0019329999999999998
2.143265	0.23961	0.544018	0.323918	0.11444800000000001	AUT	neutron	pi+	0.0	0.004123	0.070207	0.002096
2.406209	0.297624	0.49026000000000003	0.325731	0.11483199999999999	AUT	neutron	pi+	0.0	0.003995	0.070207	0.0022530000000000002
2.6730509999999996	0.357048	0.45349300000000003	0.32771300000000003	0.127251	AUT	neutron	pi+	0.0	0.011429	0.070207	0.002414
2.16134	0.24397800000000003	0.539459	0.32419699999999996	0.291444	AUT	neutron	pi+	0.0	0.011863	0.070207	0.0021079999999999996
2.477105	0.313824	0.479338	0.326822	0.291222	AUT	neutron	pi+	0.0	0.010662	0.070207	0.0022949999999999997
2.26091	0.267185	0.517001	0.32493099999999997	0.49242299999999994	AUT	neutron	pi+	0.0	0.0067269999999999995	0.070207	0.002168
2.6480650000000003	0.353622	0.453635	0.32784	0.49344099999999996	AUT	neutron	pi+	0.0	0.042377	0.070207	0.002404
2.175151	0.248619	0.5326930000000001	0.373839	0.11698399999999999	AUT	neutron	pi+	0.0	0.003918	0.070207	0.00214
2.444675	0.316445	0.46891099999999997	0.373656	0.124143	AUT	neutron	pi+	0.0	0.004347	0.070207	0.002326
2.1917240000000002	0.252425	0.529528	0.37407199999999996	0.291285	AUT	neutron	pi+	0.0	0.011359000000000001	0.070207	0.00215
2.461722	0.324666	0.459937	0.374318	0.28988400000000003	AUT	neutron	pi+	0.0	0.010234	0.070207	0.002349
2.229767	0.26243099999999997	0.518887	0.374384	0.540022	AUT	neutron	pi+	0.0	0.005251	0.070207	0.002177
2.524187	0.33651	0.454492	0.37385300000000005	0.51542	AUT	neutron	pi+	0.0	0.021573	0.070207	0.002382
2.221077	0.25942	0.521942	0.42378999999999994	0.120525	AUT	neutron	pi+	0.0	0.003819	0.070207	0.002187
2.4973	0.32961	0.459308	0.42355	0.130367	AUT	neutron	pi+	0.0	0.007006999999999999	0.070207	0.002385
2.224385	0.261789	0.519177	0.42413500000000004	0.29073499999999997	AUT	neutron	pi+	0.0	0.008721	0.070207	0.0021920000000000004
2.507521	0.337244	0.450467	0.424229	0.288161	AUT	neutron	pi+	0.0	0.010883	0.070207	0.002407
2.272415	0.272565	0.510469	0.424072	0.544357	AUT	neutron	pi+	0.0	0.005529	0.070207	0.002221
2.738326	0.370642	0.447384	0.42340600000000006	0.48351400000000005	AUT	neutron	pi+	0.0	0.103349	0.070207	0.002507
2.154123	0.24268	0.54022	0.473966	0.20716500000000002	AUT	neutron	pi+	0.0	0.00468	0.070207	0.002156
2.390437	0.306136	0.4739	0.473963	0.214535	AUT	neutron	pi+	0.0	0.004262	0.070207	0.002339
2.698107	0.365848	0.44659399999999994	0.473876	0.234754	AUT	neutron	pi+	0.0	0.017641	0.070207	0.002518
2.27997	0.271268	0.514887	0.474005	0.551962	AUT	neutron	pi+	0.0	0.006556	0.070207	0.002235
2.1893599999999998	0.252148	0.529143	0.523893	0.21193	AUT	neutron	pi+	0.0	0.0044210000000000005	0.070207	0.0022010000000000003
2.460438	0.321973	0.46361800000000003	0.5238520000000001	0.22658699999999998	AUT	neutron	pi+	0.0	0.005443	0.070207	0.002409
2.2725169999999997	0.26665	0.521399	0.523662	0.546373	AUT	neutron	pi+	0.0	0.009289	0.070207	0.002241
2.232915	0.263264	0.517756	0.573837	0.21801900000000002	AUT	neutron	pi+	0.0	0.004224	0.070207	0.002254
2.537502	0.336283	0.457197	0.572442	0.22689099999999998	AUT	neutron	pi+	0.0	0.009458	0.070207	0.0024809999999999997
2.2629240000000004	0.25890100000000005	0.533279	0.5730810000000001	0.537384	AUT	neutron	pi+	0.0	0.0148	0.070207	0.00224
2.270676	0.26624899999999996	0.5199189999999999	0.6220720000000001	0.282967	AUT	neutron	pi+	0.0	0.004536	0.070207	0.002288
2.816612	0.36935100000000004	0.461809	0.610518	0.16477	AUT	neutron	pi+	0.0	0.114658	0.070207	0.00262
2.233127	0.26200300000000004	0.517347	0.668716	0.23739200000000002	AUT	neutron	pi+	0.0	0.007566	0.070207	0.002302
3.3787	0.366684	0.559221	0.323783	0.11478800000000002	AUT	neutron	pi+	0.0	0.006494	0.070207	0.002444
3.746779	0.438143	0.517989	0.323706	0.12598499999999999	AUT	neutron	pi+	0.0	0.016977000000000003	0.070207	0.002669
3.319428	0.357559	0.563078	0.323955	0.36241599999999996	AUT	neutron	pi+	0.0	0.009831	0.070207	0.002418
3.67944	0.42378000000000005	0.526208	0.324065	0.358786	AUT	neutron	pi+	0.0	0.017815	0.070207	0.00262
3.289418	0.35249	0.56585	0.374	0.196403	AUT	neutron	pi+	0.0	0.007861	0.070207	0.002433
3.656843	0.417128	0.531472	0.373899	0.206742	AUT	neutron	pi+	0.0	0.009212	0.070207	0.002635
3.420821	0.374877	0.5545100000000001	0.374104	0.54093	AUT	neutron	pi+	0.0	0.014387	0.070207	0.0025
3.349797	0.362038	0.561337	0.423867	0.20259000000000002	AUT	neutron	pi+	0.0	0.007429000000000001	0.070207	0.0024879999999999998
3.710811	0.43009200000000003	0.522772	0.42389899999999997	0.217792	AUT	neutron	pi+	0.0	0.013868	0.070207	0.002716
3.4136800000000003	0.373103	0.5559390000000001	0.42406800000000006	0.540977	AUT	neutron	pi+	0.0	0.017942	0.070207	0.002523
3.357303	0.363257	0.560762	0.474029	0.268417	AUT	neutron	pi+	0.0	0.0077859999999999995	0.070207	0.002519
3.7200089999999997	0.431725	0.522041	0.47375200000000006	0.276969	AUT	neutron	pi+	0.0	0.015961000000000003	0.070207	0.002757
3.409697	0.372334	0.556284	0.523767	0.29528699999999997	AUT	neutron	pi+	0.0	0.0076	0.070207	0.002579
3.868911	0.45812600000000003	0.511413	0.522937	0.253853	AUT	neutron	pi+	0.0	0.060965	0.070207	0.002909
3.407628	0.37082600000000004	0.558117	0.573284	0.283484	AUT	neutron	pi+	0.0	0.008661	0.070207	0.0026089999999999998
3.3763099999999997	0.36418	0.562347	0.6206229999999999	0.258342	AUT	neutron	pi+	0.0	0.011572	0.070207	0.002623
4.325154	0.461185	0.568389	0.32384	0.251881	AUT	neutron	pi+	0.0	0.011009999999999999	0.070207	0.002758
4.863128	0.517458	0.569112	0.323759	0.25472	AUT	neutron	pi+	0.0	0.059196000000000006	0.070207	0.003003
4.346529	0.46289399999999997	0.5690689999999999	0.373956	0.272964	AUT	neutron	pi+	0.0	0.011887	0.070207	0.002811
4.343796	0.462534	0.569156	0.42381599999999997	0.278889	AUT	neutron	pi+	0.0	0.013499	0.070207	0.0028510000000000002
4.3428949999999995	0.46196499999999996	0.569735	0.473789	0.27795	AUT	neutron	pi+	0.0	0.015086000000000002	0.070207	0.0028899999999999998
4.335386	0.460516	0.570543	0.523359	0.26811	AUT	neutron	pi+	0.0	0.017133000000000002	0.070207	0.00293
