Q2l	 Q2u	 zl	 zu	 Ptl	 Ptu	 xl	 xu
1.0	 2.0	 0.30	 0.35	 0.0	 0.2	 0.0000	 0.1787
1.0	 2.0	 0.30	 0.35	 0.0	 0.2	 0.1787	 0.2122
1.0	 2.0	 0.30	 0.35	 0.0	 0.2	 0.2122	 0.2694
1.0	 2.0	 0.30	 0.35	 0.0	 0.2	 0.2694	 0.7000
1.0	 2.0	 0.30	 0.35	 0.2	 0.4	 0.0000	 0.0962
1.0	 2.0	 0.30	 0.35	 0.2	 0.4	 0.0962	 0.1176
1.0	 2.0	 0.30	 0.35	 0.2	 0.4	 0.1176	 0.1708
1.0	 2.0	 0.30	 0.35	 0.2	 0.4	 0.1708	 0.7000
1.0	 2.0	 0.30	 0.35	 0.4	 0.6	 0.0000	 0.1113
1.0	 2.0	 0.30	 0.35	 0.4	 0.6	 0.1113	 0.7000
1.0	 2.0	 0.35	 0.40	 0.0	 0.2	 0.0000	 0.1674
1.0	 2.0	 0.35	 0.40	 0.0	 0.2	 0.1674	 0.1988
1.0	 2.0	 0.35	 0.40	 0.0	 0.2	 0.1988	 0.2405
1.0	 2.0	 0.35	 0.40	 0.0	 0.2	 0.2405	 0.7000
1.0	 2.0	 0.35	 0.40	 0.2	 0.4	 0.0000	 0.1071
1.0	 2.0	 0.35	 0.40	 0.2	 0.4	 0.1071	 0.1501
1.0	 2.0	 0.35	 0.40	 0.2	 0.4	 0.1501	 0.2015
1.0	 2.0	 0.35	 0.40	 0.2	 0.4	 0.2015	 0.7000
1.0	 2.0	 0.35	 0.40	 0.4	 0.6	 0.0000	 0.1002
1.0	 2.0	 0.35	 0.40	 0.4	 0.6	 0.1002	 0.1280
1.0	 2.0	 0.35	 0.40	 0.4	 0.6	 0.1280	 0.7000
1.0	 2.0	 0.40	 0.45	 0.0	 0.2	 0.0000	 0.1666
1.0	 2.0	 0.40	 0.45	 0.0	 0.2	 0.1666	 0.2014
1.0	 2.0	 0.40	 0.45	 0.0	 0.2	 0.2014	 0.2603
1.0	 2.0	 0.40	 0.45	 0.0	 0.2	 0.2603	 0.7000
1.0	 2.0	 0.40	 0.45	 0.2	 0.4	 0.0000	 0.1275
1.0	 2.0	 0.40	 0.45	 0.2	 0.4	 0.1275	 0.1675
1.0	 2.0	 0.40	 0.45	 0.2	 0.4	 0.1675	 0.2190
1.0	 2.0	 0.40	 0.45	 0.2	 0.4	 0.2190	 0.7000
1.0	 2.0	 0.40	 0.45	 0.4	 0.6	 0.0000	 0.1031
1.0	 2.0	 0.40	 0.45	 0.4	 0.6	 0.1031	 0.1289
1.0	 2.0	 0.40	 0.45	 0.4	 0.6	 0.1289	 0.1915
1.0	 2.0	 0.40	 0.45	 0.4	 0.6	 0.1915	 0.7000
1.0	 2.0	 0.40	 0.45	 0.6	 1.6	 0.0000	 0.7000
1.0	 2.0	 0.45	 0.50	 0.0	 0.2	 0.0000	 0.1715
1.0	 2.0	 0.45	 0.50	 0.0	 0.2	 0.1715	 0.2147
1.0	 2.0	 0.45	 0.50	 0.0	 0.2	 0.2147	 0.7000
1.0	 2.0	 0.45	 0.50	 0.2	 0.4	 0.0000	 0.1404
1.0	 2.0	 0.45	 0.50	 0.2	 0.4	 0.1404	 0.1771
1.0	 2.0	 0.45	 0.50	 0.2	 0.4	 0.1771	 0.2379
1.0	 2.0	 0.45	 0.50	 0.2	 0.4	 0.2379	 0.7000
1.0	 2.0	 0.45	 0.50	 0.4	 0.6	 0.0000	 0.1084
1.0	 2.0	 0.45	 0.50	 0.4	 0.6	 0.1084	 0.1499
1.0	 2.0	 0.45	 0.50	 0.4	 0.6	 0.1499	 0.7000
1.0	 2.0	 0.45	 0.50	 0.6	 1.6	 0.0000	 0.7000
1.0	 2.0	 0.50	 0.55	 0.0	 0.2	 0.0000	 0.1801
1.0	 2.0	 0.50	 0.55	 0.0	 0.2	 0.1801	 0.2558
1.0	 2.0	 0.50	 0.55	 0.0	 0.2	 0.2558	 0.7000
1.0	 2.0	 0.50	 0.55	 0.2	 0.4	 0.0000	 0.1469
1.0	 2.0	 0.50	 0.55	 0.2	 0.4	 0.1469	 0.1873
1.0	 2.0	 0.50	 0.55	 0.2	 0.4	 0.1873	 0.7000
1.0	 2.0	 0.50	 0.55	 0.4	 0.6	 0.0000	 0.1155
1.0	 2.0	 0.50	 0.55	 0.4	 0.6	 0.1155	 0.1889
1.0	 2.0	 0.50	 0.55	 0.4	 0.6	 0.1889	 0.7000
1.0	 2.0	 0.50	 0.55	 0.6	 0.8	 0.0000	 0.1643
1.0	 2.0	 0.50	 0.55	 0.6	 0.8	 0.1643	 0.7000
1.0	 2.0	 0.55	 0.60	 0.0	 0.2	 0.0000	 0.1940
1.0	 2.0	 0.55	 0.60	 0.0	 0.2	 0.1940	 0.7000
1.0	 2.0	 0.55	 0.60	 0.2	 0.4	 0.0000	 0.1501
1.0	 2.0	 0.55	 0.60	 0.2	 0.4	 0.1501	 0.1968
1.0	 2.0	 0.55	 0.60	 0.2	 0.4	 0.1968	 0.7000
1.0	 2.0	 0.55	 0.60	 0.4	 0.6	 0.0000	 0.1304
1.0	 2.0	 0.55	 0.60	 0.4	 0.6	 0.1304	 0.7000
1.0	 2.0	 0.55	 0.60	 0.6	 1.0	 0.0000	 0.1397
1.0	 2.0	 0.55	 0.60	 0.6	 1.0	 0.1397	 0.7000
1.0	 2.0	 0.60	 0.65	 0.0	 0.2	 0.0000	 0.2178
1.0	 2.0	 0.60	 0.65	 0.0	 0.2	 0.2178	 0.7000
1.0	 2.0	 0.60	 0.65	 0.2	 0.4	 0.0000	 0.1561
1.0	 2.0	 0.60	 0.65	 0.2	 0.4	 0.1561	 0.2314
1.0	 2.0	 0.60	 0.65	 0.2	 0.4	 0.2314	 0.7000
1.0	 2.0	 0.60	 0.65	 0.4	 0.6	 0.0000	 0.1552
1.0	 2.0	 0.60	 0.65	 0.4	 0.6	 0.1552	 0.7000
1.0	 2.0	 0.60	 0.65	 0.6	 1.0	 0.0000	 0.1528
1.0	 2.0	 0.60	 0.65	 0.6	 1.0	 0.1528	 0.7000
1.0	 2.0	 0.65	 0.70	 0.0	 0.4	 0.0000	 0.1509
1.0	 2.0	 0.65	 0.70	 0.0	 0.4	 0.1509	 0.1999
1.0	 2.0	 0.65	 0.70	 0.0	 0.4	 0.1999	 0.7000
1.0	 2.0	 0.65	 0.70	 0.4	 0.6	 0.0000	 0.2127
1.0	 2.0	 0.65	 0.70	 0.4	 0.6	 0.2127	 0.7000
1.0	 2.0	 0.65	 0.70	 0.6	 1.6	 0.0000	 0.7000
2.0	 3.0	 0.30	 0.35	 0.0	 0.2	 0.0000	 0.2730
2.0	 3.0	 0.30	 0.35	 0.0	 0.2	 0.2730	 0.3397
2.0	 3.0	 0.30	 0.35	 0.0	 0.2	 0.3397	 0.7000
2.0	 3.0	 0.30	 0.35	 0.2	 0.4	 0.0000	 0.3670
2.0	 3.0	 0.30	 0.35	 0.2	 0.4	 0.3670	 0.7000
2.0	 3.0	 0.35	 0.40	 0.0	 0.2	 0.0000	 0.2889
2.0	 3.0	 0.35	 0.40	 0.0	 0.2	 0.2889	 0.7000
2.0	 3.0	 0.35	 0.40	 0.2	 0.4	 0.0000	 0.3183
2.0	 3.0	 0.35	 0.40	 0.2	 0.4	 0.3183	 0.7000
2.0	 3.0	 0.40	 0.45	 0.0	 0.2	 0.0000	 0.3100
2.0	 3.0	 0.40	 0.45	 0.0	 0.2	 0.3100	 0.7000
2.0	 3.0	 0.40	 0.45	 0.2	 0.4	 0.0000	 0.3199
2.0	 3.0	 0.40	 0.45	 0.2	 0.4	 0.3199	 0.7000
2.0	 3.0	 0.45	 0.50	 0.0	 0.4	 0.0000	 0.2779
2.0	 3.0	 0.45	 0.50	 0.0	 0.4	 0.2779	 0.3934
2.0	 3.0	 0.45	 0.50	 0.0	 0.4	 0.3934	 0.7000
2.0	 3.0	 0.45	 0.50	 0.4	 1.6	 0.0000	 0.7000
2.0	 3.0	 0.50	 0.55	 0.0	 0.4	 0.0000	 0.2948
2.0	 3.0	 0.50	 0.55	 0.0	 0.4	 0.2948	 0.7000
2.0	 3.0	 0.50	 0.55	 0.4	 1.6	 0.0000	 0.7000
2.0	 3.0	 0.55	 0.60	 0.0	 0.4	 0.0000	 0.3184
2.0	 3.0	 0.55	 0.60	 0.0	 0.4	 0.3184	 0.7000
2.0	 3.0	 0.55	 0.60	 0.4	 1.6	 0.0000	 0.7000
2.0	 3.0	 0.60	 0.65	 0.0	 0.8	 0.0000	 0.3476
2.0	 3.0	 0.60	 0.65	 0.0	 0.8	 0.3476	 0.7000
2.0	 3.0	 0.65	 0.70	 0.0	 1.6	 0.0000	 0.7000
3.0	 4.0	 0.30	 0.35	 0.0	 0.2	 0.0000	 0.4230
3.0	 4.0	 0.30	 0.35	 0.0	 0.2	 0.4230	 0.7000
3.0	 4.0	 0.30	 0.35	 0.2	 1.6	 0.0000	 0.7000
3.0	 4.0	 0.35	 0.40	 0.0	 0.4	 0.0000	 0.3877
3.0	 4.0	 0.35	 0.40	 0.0	 0.4	 0.3877	 0.7000
3.0	 4.0	 0.40	 0.45	 0.0	 0.4	 0.0000	 0.4071
3.0	 4.0	 0.40	 0.45	 0.0	 0.4	 0.4071	 0.7000
3.0	 4.0	 0.40	 0.45	 0.4	 1.6	 0.0000	 0.7000
3.0	 4.0	 0.45	 0.50	 0.0	 0.4	 0.0000	 0.4624
3.0	 4.0	 0.45	 0.50	 0.0	 0.4	 0.4624	 0.7000
3.0	 4.0	 0.45	 0.50	 0.4	 1.6	 0.0000	 0.7000
3.0	 4.0	 0.50	 0.55	 0.0	 0.8	 0.0000	 0.4491
3.0	 4.0	 0.50	 0.55	 0.0	 0.8	 0.4491	 0.7000
3.0	 4.0	 0.55	 0.60	 0.0	 1.6	 0.0000	 0.7000
3.0	 4.0	 0.60	 0.65	 0.0	 1.6	 0.0000	 0.7000
4.0	 5.0	 0.30	 0.35	 0.0	 1.6	 0.0000	 0.7000
4.0	 5.0	 0.35	 0.40	 0.0	 1.6	 0.0000	 0.7000
4.0	 5.0	 0.40	 0.45	 0.0	 1.6	 0.0000	 0.7000
4.0	 5.0	 0.45	 0.50	 0.0	 1.6	 0.0000	 0.7000
4.0	 5.0	 0.50	 0.55	 0.0	 1.6	 0.0000	 0.7000
