Q2l	 Q2u	 zl	 zu	 Ptl	 Ptu	 xl	 xu
1.0	 2.0	 0.30	 0.35	 0.0	 0.2	 0.0000	 0.1390
1.0	 2.0	 0.30	 0.35	 0.0	 0.2	 0.1390	 0.1570
1.0	 2.0	 0.30	 0.35	 0.0	 0.2	 0.1570	 0.1748
1.0	 2.0	 0.30	 0.35	 0.0	 0.2	 0.1748	 0.1959
1.0	 2.0	 0.30	 0.35	 0.0	 0.2	 0.1959	 0.2294
1.0	 2.0	 0.30	 0.35	 0.0	 0.2	 0.2294	 0.7000
1.0	 2.0	 0.30	 0.35	 0.2	 0.4	 0.0000	 0.0706
1.0	 2.0	 0.30	 0.35	 0.2	 0.4	 0.0706	 0.0789
1.0	 2.0	 0.30	 0.35	 0.2	 0.4	 0.0789	 0.0873
1.0	 2.0	 0.30	 0.35	 0.2	 0.4	 0.0873	 0.1082
1.0	 2.0	 0.30	 0.35	 0.2	 0.4	 0.1082	 0.1667
1.0	 2.0	 0.30	 0.35	 0.2	 0.4	 0.1667	 0.7000
1.0	 2.0	 0.30	 0.35	 0.4	 0.6	 0.0000	 0.0686
1.0	 2.0	 0.30	 0.35	 0.4	 0.6	 0.0686	 0.0790
1.0	 2.0	 0.30	 0.35	 0.4	 0.6	 0.0790	 0.1000
1.0	 2.0	 0.30	 0.35	 0.4	 0.6	 0.1000	 0.7000
1.0	 2.0	 0.35	 0.40	 0.0	 0.2	 0.0000	 0.1370
1.0	 2.0	 0.35	 0.40	 0.0	 0.2	 0.1370	 0.1567
1.0	 2.0	 0.35	 0.40	 0.0	 0.2	 0.1567	 0.1781
1.0	 2.0	 0.35	 0.40	 0.0	 0.2	 0.1781	 0.2073
1.0	 2.0	 0.35	 0.40	 0.0	 0.2	 0.2073	 0.2810
1.0	 2.0	 0.35	 0.40	 0.0	 0.2	 0.2810	 0.7000
1.0	 2.0	 0.35	 0.40	 0.2	 0.4	 0.0000	 0.0802
1.0	 2.0	 0.35	 0.40	 0.2	 0.4	 0.0802	 0.0963
1.0	 2.0	 0.35	 0.40	 0.2	 0.4	 0.0963	 0.1254
1.0	 2.0	 0.35	 0.40	 0.2	 0.4	 0.1254	 0.1507
1.0	 2.0	 0.35	 0.40	 0.2	 0.4	 0.1507	 0.1903
1.0	 2.0	 0.35	 0.40	 0.2	 0.4	 0.1903	 0.7000
1.0	 2.0	 0.35	 0.40	 0.4	 0.6	 0.0000	 0.0687
1.0	 2.0	 0.35	 0.40	 0.4	 0.6	 0.0687	 0.0759
1.0	 2.0	 0.35	 0.40	 0.4	 0.6	 0.0759	 0.0835
1.0	 2.0	 0.35	 0.40	 0.4	 0.6	 0.0835	 0.0952
1.0	 2.0	 0.35	 0.40	 0.4	 0.6	 0.0952	 0.7000
1.0	 2.0	 0.35	 0.40	 0.6	 1.6	 0.0000	 0.7000
1.0	 2.0	 0.40	 0.45	 0.0	 0.2	 0.0000	 0.1407
1.0	 2.0	 0.40	 0.45	 0.0	 0.2	 0.1407	 0.1686
1.0	 2.0	 0.40	 0.45	 0.0	 0.2	 0.1686	 0.2037
1.0	 2.0	 0.40	 0.45	 0.0	 0.2	 0.2037	 0.7000
1.0	 2.0	 0.40	 0.45	 0.2	 0.4	 0.0000	 0.0964
1.0	 2.0	 0.40	 0.45	 0.2	 0.4	 0.0964	 0.1239
1.0	 2.0	 0.40	 0.45	 0.2	 0.4	 0.1239	 0.1427
1.0	 2.0	 0.40	 0.45	 0.2	 0.4	 0.1427	 0.1658
1.0	 2.0	 0.40	 0.45	 0.2	 0.4	 0.1658	 0.2161
1.0	 2.0	 0.40	 0.45	 0.2	 0.4	 0.2161	 0.7000
1.0	 2.0	 0.40	 0.45	 0.4	 0.6	 0.0000	 0.0724
1.0	 2.0	 0.40	 0.45	 0.4	 0.6	 0.0724	 0.0809
1.0	 2.0	 0.40	 0.45	 0.4	 0.6	 0.0809	 0.0901
1.0	 2.0	 0.40	 0.45	 0.4	 0.6	 0.0901	 0.1059
1.0	 2.0	 0.40	 0.45	 0.4	 0.6	 0.1059	 0.7000
1.0	 2.0	 0.40	 0.45	 0.6	 0.8	 0.0000	 0.0968
1.0	 2.0	 0.40	 0.45	 0.6	 0.8	 0.0968	 0.7000
1.0	 2.0	 0.45	 0.50	 0.0	 0.2	 0.0000	 0.1527
1.0	 2.0	 0.45	 0.50	 0.0	 0.2	 0.1527	 0.1960
1.0	 2.0	 0.45	 0.50	 0.0	 0.2	 0.1960	 0.7000
1.0	 2.0	 0.45	 0.50	 0.2	 0.4	 0.0000	 0.1125
1.0	 2.0	 0.45	 0.50	 0.2	 0.4	 0.1125	 0.1329
1.0	 2.0	 0.45	 0.50	 0.2	 0.4	 0.1329	 0.1529
1.0	 2.0	 0.45	 0.50	 0.2	 0.4	 0.1529	 0.1852
1.0	 2.0	 0.45	 0.50	 0.2	 0.4	 0.1852	 0.7000
1.0	 2.0	 0.45	 0.50	 0.4	 0.6	 0.0000	 0.0779
1.0	 2.0	 0.45	 0.50	 0.4	 0.6	 0.0779	 0.0894
1.0	 2.0	 0.45	 0.50	 0.4	 0.6	 0.0894	 0.1065
1.0	 2.0	 0.45	 0.50	 0.4	 0.6	 0.1065	 0.7000
1.0	 2.0	 0.45	 0.50	 0.6	 0.8	 0.0000	 0.0802
1.0	 2.0	 0.45	 0.50	 0.6	 0.8	 0.0802	 0.7000
1.0	 2.0	 0.50	 0.55	 0.0	 0.2	 0.0000	 0.1706
1.0	 2.0	 0.50	 0.55	 0.0	 0.2	 0.1706	 0.7000
1.0	 2.0	 0.50	 0.55	 0.2	 0.4	 0.0000	 0.1193
1.0	 2.0	 0.50	 0.55	 0.2	 0.4	 0.1193	 0.1421
1.0	 2.0	 0.50	 0.55	 0.2	 0.4	 0.1421	 0.1719
1.0	 2.0	 0.50	 0.55	 0.2	 0.4	 0.1719	 0.2687
1.0	 2.0	 0.50	 0.55	 0.2	 0.4	 0.2687	 0.7000
1.0	 2.0	 0.50	 0.55	 0.4	 0.6	 0.0000	 0.0837
1.0	 2.0	 0.50	 0.55	 0.4	 0.6	 0.0837	 0.1039
1.0	 2.0	 0.50	 0.55	 0.4	 0.6	 0.1039	 0.2236
1.0	 2.0	 0.50	 0.55	 0.4	 0.6	 0.2236	 0.7000
1.0	 2.0	 0.50	 0.55	 0.6	 0.8	 0.0000	 0.0837
1.0	 2.0	 0.50	 0.55	 0.6	 0.8	 0.0837	 0.7000
1.0	 2.0	 0.50	 0.55	 0.8	 1.6	 0.0000	 0.7000
1.0	 2.0	 0.55	 0.60	 0.0	 0.2	 0.0000	 0.1975
1.0	 2.0	 0.55	 0.60	 0.0	 0.2	 0.1975	 0.7000
1.0	 2.0	 0.55	 0.60	 0.2	 0.4	 0.0000	 0.1262
1.0	 2.0	 0.55	 0.60	 0.2	 0.4	 0.1262	 0.1577
1.0	 2.0	 0.55	 0.60	 0.2	 0.4	 0.1577	 0.2403
1.0	 2.0	 0.55	 0.60	 0.2	 0.4	 0.2403	 0.7000
1.0	 2.0	 0.55	 0.60	 0.4	 0.6	 0.0000	 0.0946
1.0	 2.0	 0.55	 0.60	 0.4	 0.6	 0.0946	 0.1451
1.0	 2.0	 0.55	 0.60	 0.4	 0.6	 0.1451	 0.7000
1.0	 2.0	 0.55	 0.60	 0.6	 0.8	 0.0000	 0.0888
1.0	 2.0	 0.55	 0.60	 0.6	 0.8	 0.0888	 0.7000
1.0	 2.0	 0.55	 0.60	 0.8	 1.6	 0.0000	 0.7000
1.0	 2.0	 0.60	 0.65	 0.0	 0.4	 0.0000	 0.1303
1.0	 2.0	 0.60	 0.65	 0.0	 0.4	 0.1303	 0.1634
1.0	 2.0	 0.60	 0.65	 0.0	 0.4	 0.1634	 0.2220
1.0	 2.0	 0.60	 0.65	 0.0	 0.4	 0.2220	 0.7000
1.0	 2.0	 0.60	 0.65	 0.4	 0.6	 0.0000	 0.1140
1.0	 2.0	 0.60	 0.65	 0.4	 0.6	 0.1140	 0.2132
1.0	 2.0	 0.60	 0.65	 0.4	 0.6	 0.2132	 0.7000
1.0	 2.0	 0.60	 0.65	 0.6	 0.8	 0.0000	 0.0974
1.0	 2.0	 0.60	 0.65	 0.6	 0.8	 0.0974	 0.7000
1.0	 2.0	 0.60	 0.65	 0.8	 1.6	 0.0000	 0.7000
1.0	 2.0	 0.65	 0.70	 0.0	 0.4	 0.0000	 0.1439
1.0	 2.0	 0.65	 0.70	 0.0	 0.4	 0.1439	 0.2044
1.0	 2.0	 0.65	 0.70	 0.0	 0.4	 0.2044	 0.7000
1.0	 2.0	 0.65	 0.70	 0.4	 0.6	 0.0000	 0.1348
1.0	 2.0	 0.65	 0.70	 0.4	 0.6	 0.1348	 0.7000
1.0	 2.0	 0.65	 0.70	 0.6	 0.8	 0.0000	 0.1206
1.0	 2.0	 0.65	 0.70	 0.6	 0.8	 0.1206	 0.7000
1.0	 2.0	 0.65	 0.70	 0.8	 1.6	 0.0000	 0.7000
2.0	 3.0	 0.30	 0.35	 0.0	 0.2	 0.0000	 0.1781
2.0	 3.0	 0.30	 0.35	 0.0	 0.2	 0.1781	 0.1959
2.0	 3.0	 0.30	 0.35	 0.0	 0.2	 0.1959	 0.2106
2.0	 3.0	 0.30	 0.35	 0.0	 0.2	 0.2106	 0.2248
2.0	 3.0	 0.30	 0.35	 0.0	 0.2	 0.2248	 0.2392
2.0	 3.0	 0.30	 0.35	 0.0	 0.2	 0.2392	 0.2554
2.0	 3.0	 0.30	 0.35	 0.0	 0.2	 0.2554	 0.2757
2.0	 3.0	 0.30	 0.35	 0.0	 0.2	 0.2757	 0.3034
2.0	 3.0	 0.30	 0.35	 0.0	 0.2	 0.3034	 0.3667
2.0	 3.0	 0.30	 0.35	 0.0	 0.2	 0.3667	 0.7000
2.0	 3.0	 0.30	 0.35	 0.2	 0.4	 0.0000	 0.1668
2.0	 3.0	 0.30	 0.35	 0.2	 0.4	 0.1668	 0.1845
2.0	 3.0	 0.30	 0.35	 0.2	 0.4	 0.1845	 0.2011
2.0	 3.0	 0.30	 0.35	 0.2	 0.4	 0.2011	 0.2197
2.0	 3.0	 0.30	 0.35	 0.2	 0.4	 0.2197	 0.2420
2.0	 3.0	 0.30	 0.35	 0.2	 0.4	 0.2420	 0.2755
2.0	 3.0	 0.30	 0.35	 0.2	 0.4	 0.2755	 0.3339
2.0	 3.0	 0.30	 0.35	 0.2	 0.4	 0.3339	 0.7000
2.0	 3.0	 0.35	 0.40	 0.0	 0.2	 0.0000	 0.1897
2.0	 3.0	 0.35	 0.40	 0.0	 0.2	 0.1897	 0.2116
2.0	 3.0	 0.35	 0.40	 0.0	 0.2	 0.2116	 0.2312
2.0	 3.0	 0.35	 0.40	 0.0	 0.2	 0.2312	 0.2521
2.0	 3.0	 0.35	 0.40	 0.0	 0.2	 0.2521	 0.2794
2.0	 3.0	 0.35	 0.40	 0.0	 0.2	 0.2794	 0.3249
2.0	 3.0	 0.35	 0.40	 0.0	 0.2	 0.3249	 0.7000
2.0	 3.0	 0.35	 0.40	 0.2	 0.4	 0.0000	 0.1654
2.0	 3.0	 0.35	 0.40	 0.2	 0.4	 0.1654	 0.1823
2.0	 3.0	 0.35	 0.40	 0.2	 0.4	 0.1823	 0.1978
2.0	 3.0	 0.35	 0.40	 0.2	 0.4	 0.1978	 0.2143
2.0	 3.0	 0.35	 0.40	 0.2	 0.4	 0.2143	 0.2333
2.0	 3.0	 0.35	 0.40	 0.2	 0.4	 0.2333	 0.2595
2.0	 3.0	 0.35	 0.40	 0.2	 0.4	 0.2595	 0.3005
2.0	 3.0	 0.35	 0.40	 0.2	 0.4	 0.3005	 0.7000
2.0	 3.0	 0.40	 0.45	 0.0	 0.2	 0.0000	 0.2026
2.0	 3.0	 0.40	 0.45	 0.0	 0.2	 0.2026	 0.2308
2.0	 3.0	 0.40	 0.45	 0.0	 0.2	 0.2308	 0.2611
2.0	 3.0	 0.40	 0.45	 0.0	 0.2	 0.2611	 0.3107
2.0	 3.0	 0.40	 0.45	 0.0	 0.2	 0.3107	 0.7000
2.0	 3.0	 0.40	 0.45	 0.2	 0.4	 0.0000	 0.1680
2.0	 3.0	 0.40	 0.45	 0.2	 0.4	 0.1680	 0.1876
2.0	 3.0	 0.40	 0.45	 0.2	 0.4	 0.1876	 0.2064
2.0	 3.0	 0.40	 0.45	 0.2	 0.4	 0.2064	 0.2277
2.0	 3.0	 0.40	 0.45	 0.2	 0.4	 0.2277	 0.2564
2.0	 3.0	 0.40	 0.45	 0.2	 0.4	 0.2564	 0.3028
2.0	 3.0	 0.40	 0.45	 0.2	 0.4	 0.3028	 0.7000
2.0	 3.0	 0.40	 0.45	 0.4	 0.8	 0.0000	 0.3797
2.0	 3.0	 0.40	 0.45	 0.4	 0.8	 0.3797	 0.7000
2.0	 3.0	 0.45	 0.50	 0.0	 0.2	 0.0000	 0.2171
2.0	 3.0	 0.45	 0.50	 0.0	 0.2	 0.2171	 0.2573
2.0	 3.0	 0.45	 0.50	 0.0	 0.2	 0.2573	 0.3586
2.0	 3.0	 0.45	 0.50	 0.0	 0.2	 0.3586	 0.7000
2.0	 3.0	 0.45	 0.50	 0.2	 0.4	 0.0000	 0.1776
2.0	 3.0	 0.45	 0.50	 0.2	 0.4	 0.1776	 0.2032
2.0	 3.0	 0.45	 0.50	 0.2	 0.4	 0.2032	 0.2309
2.0	 3.0	 0.45	 0.50	 0.2	 0.4	 0.2309	 0.2723
2.0	 3.0	 0.45	 0.50	 0.2	 0.4	 0.2723	 0.3596
2.0	 3.0	 0.45	 0.50	 0.2	 0.4	 0.3596	 0.7000
2.0	 3.0	 0.45	 0.50	 0.4	 0.6	 0.0000	 0.2176
2.0	 3.0	 0.45	 0.50	 0.4	 0.6	 0.2176	 0.7000
2.0	 3.0	 0.50	 0.55	 0.0	 0.2	 0.0000	 0.2353
2.0	 3.0	 0.50	 0.55	 0.0	 0.2	 0.2353	 0.3270
2.0	 3.0	 0.50	 0.55	 0.0	 0.2	 0.3270	 0.7000
2.0	 3.0	 0.50	 0.55	 0.2	 0.4	 0.0000	 0.1901
2.0	 3.0	 0.50	 0.55	 0.2	 0.4	 0.1901	 0.2251
2.0	 3.0	 0.50	 0.55	 0.2	 0.4	 0.2251	 0.2763
2.0	 3.0	 0.50	 0.55	 0.2	 0.4	 0.2763	 0.7000
2.0	 3.0	 0.50	 0.55	 0.4	 0.6	 0.0000	 0.2044
2.0	 3.0	 0.50	 0.55	 0.4	 0.6	 0.2044	 0.3262
2.0	 3.0	 0.50	 0.55	 0.4	 0.6	 0.3262	 0.7000
2.0	 3.0	 0.55	 0.60	 0.0	 0.2	 0.0000	 0.2612
2.0	 3.0	 0.55	 0.60	 0.0	 0.2	 0.2612	 0.7000
2.0	 3.0	 0.55	 0.60	 0.2	 0.4	 0.0000	 0.2048
2.0	 3.0	 0.55	 0.60	 0.2	 0.4	 0.2048	 0.2608
2.0	 3.0	 0.55	 0.60	 0.2	 0.4	 0.2608	 0.7000
2.0	 3.0	 0.55	 0.60	 0.4	 0.6	 0.0000	 0.2073
2.0	 3.0	 0.55	 0.60	 0.4	 0.6	 0.2073	 0.7000
2.0	 3.0	 0.60	 0.65	 0.0	 0.4	 0.0000	 0.2089
2.0	 3.0	 0.60	 0.65	 0.0	 0.4	 0.2089	 0.2535
2.0	 3.0	 0.60	 0.65	 0.0	 0.4	 0.2535	 0.7000
2.0	 3.0	 0.60	 0.65	 0.4	 0.6	 0.0000	 0.2257
2.0	 3.0	 0.60	 0.65	 0.4	 0.6	 0.2257	 0.7000
2.0	 3.0	 0.60	 0.65	 0.6	 1.6	 0.0000	 0.7000
2.0	 3.0	 0.65	 0.70	 0.0	 0.4	 0.0000	 0.2280
2.0	 3.0	 0.65	 0.70	 0.0	 0.4	 0.2280	 0.7000
2.0	 3.0	 0.65	 0.70	 0.4	 0.8	 0.0000	 0.2212
2.0	 3.0	 0.65	 0.70	 0.4	 0.8	 0.2212	 0.7000
3.0	 4.0	 0.30	 0.35	 0.0	 0.2	 0.0000	 0.2728
3.0	 4.0	 0.30	 0.35	 0.0	 0.2	 0.2728	 0.2963
3.0	 4.0	 0.30	 0.35	 0.0	 0.2	 0.2963	 0.3223
3.0	 4.0	 0.30	 0.35	 0.0	 0.2	 0.3223	 0.3533
3.0	 4.0	 0.30	 0.35	 0.0	 0.2	 0.3533	 0.3964
3.0	 4.0	 0.30	 0.35	 0.0	 0.2	 0.3964	 0.7000
3.0	 4.0	 0.30	 0.35	 0.2	 0.4	 0.0000	 0.2664
3.0	 4.0	 0.30	 0.35	 0.2	 0.4	 0.2664	 0.2904
3.0	 4.0	 0.30	 0.35	 0.2	 0.4	 0.2904	 0.3217
3.0	 4.0	 0.30	 0.35	 0.2	 0.4	 0.3217	 0.3626
3.0	 4.0	 0.30	 0.35	 0.2	 0.4	 0.3626	 0.4156
3.0	 4.0	 0.30	 0.35	 0.2	 0.4	 0.4156	 0.7000
3.0	 4.0	 0.35	 0.40	 0.0	 0.2	 0.0000	 0.2839
3.0	 4.0	 0.35	 0.40	 0.0	 0.2	 0.2839	 0.3180
3.0	 4.0	 0.35	 0.40	 0.0	 0.2	 0.3180	 0.3617
3.0	 4.0	 0.35	 0.40	 0.0	 0.2	 0.3617	 0.7000
3.0	 4.0	 0.35	 0.40	 0.2	 0.4	 0.0000	 0.2719
3.0	 4.0	 0.35	 0.40	 0.2	 0.4	 0.2719	 0.3026
3.0	 4.0	 0.35	 0.40	 0.2	 0.4	 0.3026	 0.3472
3.0	 4.0	 0.35	 0.40	 0.2	 0.4	 0.3472	 0.4037
3.0	 4.0	 0.35	 0.40	 0.2	 0.4	 0.4037	 0.7000
3.0	 4.0	 0.35	 0.40	 0.4	 1.6	 0.0000	 0.7000
3.0	 4.0	 0.40	 0.45	 0.0	 0.2	 0.0000	 0.2991
3.0	 4.0	 0.40	 0.45	 0.0	 0.2	 0.2991	 0.3546
3.0	 4.0	 0.40	 0.45	 0.0	 0.2	 0.3546	 0.7000
3.0	 4.0	 0.40	 0.45	 0.2	 0.4	 0.0000	 0.2802
3.0	 4.0	 0.40	 0.45	 0.2	 0.4	 0.2802	 0.3272
3.0	 4.0	 0.40	 0.45	 0.2	 0.4	 0.3272	 0.3935
3.0	 4.0	 0.40	 0.45	 0.2	 0.4	 0.3935	 0.7000
3.0	 4.0	 0.40	 0.45	 0.4	 0.6	 0.0000	 0.3648
3.0	 4.0	 0.40	 0.45	 0.4	 0.6	 0.3648	 0.7000
3.0	 4.0	 0.45	 0.50	 0.0	 0.2	 0.0000	 0.3209
3.0	 4.0	 0.45	 0.50	 0.0	 0.2	 0.3209	 0.7000
3.0	 4.0	 0.45	 0.50	 0.2	 0.4	 0.0000	 0.2946
3.0	 4.0	 0.45	 0.50	 0.2	 0.4	 0.2946	 0.3680
3.0	 4.0	 0.45	 0.50	 0.2	 0.4	 0.3680	 0.7000
3.0	 4.0	 0.45	 0.50	 0.4	 0.6	 0.0000	 0.3605
3.0	 4.0	 0.45	 0.50	 0.4	 0.6	 0.3605	 0.7000
3.0	 4.0	 0.50	 0.55	 0.0	 0.2	 0.0000	 0.3603
3.0	 4.0	 0.50	 0.55	 0.0	 0.2	 0.3603	 0.7000
3.0	 4.0	 0.50	 0.55	 0.2	 0.4	 0.0000	 0.3160
3.0	 4.0	 0.50	 0.55	 0.2	 0.4	 0.3160	 0.7000
3.0	 4.0	 0.50	 0.55	 0.4	 0.6	 0.0000	 0.3959
3.0	 4.0	 0.50	 0.55	 0.4	 0.6	 0.3959	 0.7000
3.0	 4.0	 0.55	 0.60	 0.0	 0.4	 0.0000	 0.3043
3.0	 4.0	 0.55	 0.60	 0.0	 0.4	 0.3043	 0.3835
3.0	 4.0	 0.55	 0.60	 0.0	 0.4	 0.3835	 0.7000
3.0	 4.0	 0.55	 0.60	 0.4	 0.8	 0.0000	 0.3865
3.0	 4.0	 0.55	 0.60	 0.4	 0.8	 0.3865	 0.7000
3.0	 4.0	 0.60	 0.65	 0.0	 0.4	 0.0000	 0.3317
3.0	 4.0	 0.60	 0.65	 0.0	 0.4	 0.3317	 0.7000
3.0	 4.0	 0.60	 0.65	 0.4	 1.6	 0.0000	 0.7000
3.0	 4.0	 0.65	 0.70	 0.0	 0.6	 0.0000	 0.3287
3.0	 4.0	 0.65	 0.70	 0.0	 0.6	 0.3287	 0.7000
4.0	 5.0	 0.30	 0.35	 0.0	 0.2	 0.0000	 0.3413
4.0	 5.0	 0.30	 0.35	 0.0	 0.2	 0.3413	 0.3814
4.0	 5.0	 0.30	 0.35	 0.0	 0.2	 0.3814	 0.4680
4.0	 5.0	 0.30	 0.35	 0.0	 0.2	 0.4680	 0.7000
4.0	 5.0	 0.30	 0.35	 0.2	 0.4	 0.0000	 0.3323
4.0	 5.0	 0.30	 0.35	 0.2	 0.4	 0.3323	 0.3703
4.0	 5.0	 0.30	 0.35	 0.2	 0.4	 0.3703	 0.4534
4.0	 5.0	 0.30	 0.35	 0.2	 0.4	 0.4534	 0.7000
4.0	 5.0	 0.30	 0.35	 0.4	 1.6	 0.0000	 0.7000
4.0	 5.0	 0.35	 0.40	 0.0	 0.2	 0.0000	 0.3597
4.0	 5.0	 0.35	 0.40	 0.0	 0.2	 0.3597	 0.4586
4.0	 5.0	 0.35	 0.40	 0.0	 0.2	 0.4586	 0.7000
4.0	 5.0	 0.35	 0.40	 0.2	 0.4	 0.0000	 0.3424
4.0	 5.0	 0.35	 0.40	 0.2	 0.4	 0.3424	 0.4074
4.0	 5.0	 0.35	 0.40	 0.2	 0.4	 0.4074	 0.7000
4.0	 5.0	 0.35	 0.40	 0.4	 1.6	 0.0000	 0.7000
4.0	 5.0	 0.40	 0.45	 0.0	 0.2	 0.0000	 0.3909
4.0	 5.0	 0.40	 0.45	 0.0	 0.2	 0.3909	 0.7000
4.0	 5.0	 0.40	 0.45	 0.2	 0.4	 0.0000	 0.3566
4.0	 5.0	 0.40	 0.45	 0.2	 0.4	 0.3566	 0.7000
4.0	 5.0	 0.40	 0.45	 0.4	 0.8	 0.0000	 0.4823
4.0	 5.0	 0.40	 0.45	 0.4	 0.8	 0.4823	 0.7000
4.0	 5.0	 0.45	 0.50	 0.0	 0.4	 0.0000	 0.3484
4.0	 5.0	 0.45	 0.50	 0.0	 0.4	 0.3484	 0.4148
4.0	 5.0	 0.45	 0.50	 0.0	 0.4	 0.4148	 0.7000
4.0	 5.0	 0.45	 0.50	 0.4	 1.6	 0.0000	 0.7000
4.0	 5.0	 0.50	 0.55	 0.0	 0.4	 0.0000	 0.3678
4.0	 5.0	 0.50	 0.55	 0.0	 0.4	 0.3678	 0.7000
4.0	 5.0	 0.50	 0.55	 0.4	 1.6	 0.0000	 0.7000
4.0	 5.0	 0.55	 0.60	 0.0	 0.4	 0.0000	 0.4133
4.0	 5.0	 0.55	 0.60	 0.0	 0.4	 0.4133	 0.7000
4.0	 5.0	 0.55	 0.60	 0.4	 1.6	 0.0000	 0.7000
4.0	 5.0	 0.60	 0.65	 0.0	 0.6	 0.0000	 0.4113
4.0	 5.0	 0.60	 0.65	 0.0	 0.6	 0.4113	 0.7000
4.0	 5.0	 0.65	 0.70	 0.0	 1.6	 0.0000	 0.7000
5.0	 6.0	 0.30	 0.35	 0.0	 0.2	 0.0000	 0.4247
5.0	 6.0	 0.30	 0.35	 0.0	 0.2	 0.4247	 0.4774
5.0	 6.0	 0.30	 0.35	 0.0	 0.2	 0.4774	 0.7000
5.0	 6.0	 0.30	 0.35	 0.2	 0.4	 0.0000	 0.4256
5.0	 6.0	 0.30	 0.35	 0.2	 0.4	 0.4256	 0.4945
5.0	 6.0	 0.30	 0.35	 0.2	 0.4	 0.4945	 0.7000
5.0	 6.0	 0.30	 0.35	 0.4	 1.6	 0.0000	 0.7000
5.0	 6.0	 0.35	 0.40	 0.0	 0.2	 0.0000	 0.4447
5.0	 6.0	 0.35	 0.40	 0.0	 0.2	 0.4447	 0.7000
5.0	 6.0	 0.35	 0.40	 0.2	 0.4	 0.0000	 0.4397
5.0	 6.0	 0.35	 0.40	 0.2	 0.4	 0.4397	 0.7000
5.0	 6.0	 0.35	 0.40	 0.4	 1.6	 0.0000	 0.7000
5.0	 6.0	 0.40	 0.45	 0.0	 0.2	 0.0000	 0.4871
5.0	 6.0	 0.40	 0.45	 0.0	 0.2	 0.4871	 0.7000
5.0	 6.0	 0.40	 0.45	 0.2	 0.4	 0.0000	 0.4648
5.0	 6.0	 0.40	 0.45	 0.2	 0.4	 0.4648	 0.7000
5.0	 6.0	 0.40	 0.45	 0.4	 1.6	 0.0000	 0.7000
5.0	 6.0	 0.45	 0.50	 0.0	 0.4	 0.0000	 0.4389
5.0	 6.0	 0.45	 0.50	 0.0	 0.4	 0.4389	 0.7000
5.0	 6.0	 0.45	 0.50	 0.4	 1.6	 0.0000	 0.7000
5.0	 6.0	 0.50	 0.55	 0.0	 0.4	 0.0000	 0.4683
5.0	 6.0	 0.50	 0.55	 0.0	 0.4	 0.4683	 0.7000
5.0	 6.0	 0.50	 0.55	 0.4	 1.6	 0.0000	 0.7000
5.0	 6.0	 0.55	 0.60	 0.0	 0.6	 0.0000	 0.4731
5.0	 6.0	 0.55	 0.60	 0.0	 0.6	 0.4731	 0.7000
5.0	 6.0	 0.60	 0.65	 0.0	 1.6	 0.0000	 0.7000
5.0	 6.0	 0.65	 0.70	 0.0	 1.6	 0.0000	 0.7000
6.0	 8.0	 0.30	 0.35	 0.0	 0.2	 0.0000	 0.5653
6.0	 8.0	 0.30	 0.35	 0.0	 0.2	 0.5653	 0.7000
6.0	 8.0	 0.30	 0.35	 0.2	 0.4	 0.0000	 0.5880
6.0	 8.0	 0.30	 0.35	 0.2	 0.4	 0.5880	 0.7000
6.0	 8.0	 0.30	 0.35	 0.4	 1.6	 0.0000	 0.7000
6.0	 8.0	 0.35	 0.40	 0.0	 0.4	 0.0000	 0.5305
6.0	 8.0	 0.35	 0.40	 0.0	 0.4	 0.5305	 0.7000
6.0	 8.0	 0.35	 0.40	 0.4	 1.6	 0.0000	 0.7000
6.0	 8.0	 0.40	 0.45	 0.0	 0.4	 0.0000	 0.5669
6.0	 8.0	 0.40	 0.45	 0.0	 0.4	 0.5669	 0.7000
6.0	 8.0	 0.40	 0.45	 0.4	 1.6	 0.0000	 0.7000
6.0	 8.0	 0.45	 0.50	 0.0	 0.6	 0.0000	 0.5805
6.0	 8.0	 0.45	 0.50	 0.0	 0.6	 0.5805	 0.7000
6.0	 8.0	 0.50	 0.55	 0.0	 1.6	 0.0000	 0.7000
6.0	 8.0	 0.55	 0.60	 0.0	 1.6	 0.0000	 0.7000
6.0	 8.0	 0.60	 0.65	 0.0	 1.6	 0.0000	 0.7000
