Q2l	 Q2u	 zl	 zu	 Ptl	 Ptu	 xl	 xu
1.0	 2.0	 0.30	 0.35	 0.0	 0.2	 0.0000	 0.1175
1.0	 2.0	 0.30	 0.35	 0.0	 0.2	 0.1175	 0.1333
1.0	 2.0	 0.30	 0.35	 0.0	 0.2	 0.1333	 0.1471
1.0	 2.0	 0.30	 0.35	 0.0	 0.2	 0.1471	 0.1604
1.0	 2.0	 0.30	 0.35	 0.0	 0.2	 0.1604	 0.1740
1.0	 2.0	 0.30	 0.35	 0.0	 0.2	 0.1740	 0.1886
1.0	 2.0	 0.30	 0.35	 0.0	 0.2	 0.1886	 0.2062
1.0	 2.0	 0.30	 0.35	 0.0	 0.2	 0.2062	 0.2345
1.0	 2.0	 0.30	 0.35	 0.0	 0.2	 0.2345	 0.7000
1.0	 2.0	 0.30	 0.35	 0.2	 0.4	 0.0000	 0.0927
1.0	 2.0	 0.30	 0.35	 0.2	 0.4	 0.0927	 0.1021
1.0	 2.0	 0.30	 0.35	 0.2	 0.4	 0.1021	 0.1108
1.0	 2.0	 0.30	 0.35	 0.2	 0.4	 0.1108	 0.1193
1.0	 2.0	 0.30	 0.35	 0.2	 0.4	 0.1193	 0.1281
1.0	 2.0	 0.30	 0.35	 0.2	 0.4	 0.1281	 0.1376
1.0	 2.0	 0.30	 0.35	 0.2	 0.4	 0.1376	 0.1482
1.0	 2.0	 0.30	 0.35	 0.2	 0.4	 0.1482	 0.1603
1.0	 2.0	 0.30	 0.35	 0.2	 0.4	 0.1603	 0.1742
1.0	 2.0	 0.30	 0.35	 0.2	 0.4	 0.1742	 0.1905
1.0	 2.0	 0.30	 0.35	 0.2	 0.4	 0.1905	 0.2131
1.0	 2.0	 0.30	 0.35	 0.2	 0.4	 0.2131	 0.2649
1.0	 2.0	 0.30	 0.35	 0.2	 0.4	 0.2649	 0.7000
1.0	 2.0	 0.30	 0.35	 0.4	 0.6	 0.0000	 0.0968
1.0	 2.0	 0.30	 0.35	 0.4	 0.6	 0.0968	 0.1122
1.0	 2.0	 0.30	 0.35	 0.4	 0.6	 0.1122	 0.1272
1.0	 2.0	 0.30	 0.35	 0.4	 0.6	 0.1272	 0.1442
1.0	 2.0	 0.30	 0.35	 0.4	 0.6	 0.1442	 0.1642
1.0	 2.0	 0.30	 0.35	 0.4	 0.6	 0.1642	 0.1892
1.0	 2.0	 0.30	 0.35	 0.4	 0.6	 0.1892	 0.2317
1.0	 2.0	 0.30	 0.35	 0.4	 0.6	 0.2317	 0.7000
1.0	 2.0	 0.30	 0.35	 0.6	 1.6	 0.0000	 0.7000
1.0	 2.0	 0.35	 0.40	 0.0	 0.2	 0.0000	 0.1266
1.0	 2.0	 0.35	 0.40	 0.0	 0.2	 0.1266	 0.1459
1.0	 2.0	 0.35	 0.40	 0.0	 0.2	 0.1459	 0.1634
1.0	 2.0	 0.35	 0.40	 0.0	 0.2	 0.1634	 0.1809
1.0	 2.0	 0.35	 0.40	 0.0	 0.2	 0.1809	 0.2013
1.0	 2.0	 0.35	 0.40	 0.0	 0.2	 0.2013	 0.2352
1.0	 2.0	 0.35	 0.40	 0.0	 0.2	 0.2352	 0.7000
1.0	 2.0	 0.35	 0.40	 0.2	 0.4	 0.0000	 0.0980
1.0	 2.0	 0.35	 0.40	 0.2	 0.4	 0.0980	 0.1096
1.0	 2.0	 0.35	 0.40	 0.2	 0.4	 0.1096	 0.1205
1.0	 2.0	 0.35	 0.40	 0.2	 0.4	 0.1205	 0.1317
1.0	 2.0	 0.35	 0.40	 0.2	 0.4	 0.1317	 0.1442
1.0	 2.0	 0.35	 0.40	 0.2	 0.4	 0.1442	 0.1587
1.0	 2.0	 0.35	 0.40	 0.2	 0.4	 0.1587	 0.1757
1.0	 2.0	 0.35	 0.40	 0.2	 0.4	 0.1757	 0.1966
1.0	 2.0	 0.35	 0.40	 0.2	 0.4	 0.1966	 0.2336
1.0	 2.0	 0.35	 0.40	 0.2	 0.4	 0.2336	 0.7000
1.0	 2.0	 0.35	 0.40	 0.4	 0.6	 0.0000	 0.0991
1.0	 2.0	 0.35	 0.40	 0.4	 0.6	 0.0991	 0.1162
1.0	 2.0	 0.35	 0.40	 0.4	 0.6	 0.1162	 0.1353
1.0	 2.0	 0.35	 0.40	 0.4	 0.6	 0.1353	 0.1580
1.0	 2.0	 0.35	 0.40	 0.4	 0.6	 0.1580	 0.1853
1.0	 2.0	 0.35	 0.40	 0.4	 0.6	 0.1853	 0.2303
1.0	 2.0	 0.35	 0.40	 0.4	 0.6	 0.2303	 0.7000
1.0	 2.0	 0.35	 0.40	 0.6	 0.8	 0.0000	 0.1491
1.0	 2.0	 0.35	 0.40	 0.6	 0.8	 0.1491	 0.7000
1.0	 2.0	 0.40	 0.45	 0.0	 0.2	 0.0000	 0.1366
1.0	 2.0	 0.40	 0.45	 0.0	 0.2	 0.1366	 0.1602
1.0	 2.0	 0.40	 0.45	 0.0	 0.2	 0.1602	 0.1832
1.0	 2.0	 0.40	 0.45	 0.0	 0.2	 0.1832	 0.2119
1.0	 2.0	 0.40	 0.45	 0.0	 0.2	 0.2119	 0.7000
1.0	 2.0	 0.40	 0.45	 0.2	 0.4	 0.0000	 0.1041
1.0	 2.0	 0.40	 0.45	 0.2	 0.4	 0.1041	 0.1190
1.0	 2.0	 0.40	 0.45	 0.2	 0.4	 0.1190	 0.1329
1.0	 2.0	 0.40	 0.45	 0.2	 0.4	 0.1329	 0.1487
1.0	 2.0	 0.40	 0.45	 0.2	 0.4	 0.1487	 0.1673
1.0	 2.0	 0.40	 0.45	 0.2	 0.4	 0.1673	 0.1891
1.0	 2.0	 0.40	 0.45	 0.2	 0.4	 0.1891	 0.2263
1.0	 2.0	 0.40	 0.45	 0.2	 0.4	 0.2263	 0.7000
1.0	 2.0	 0.40	 0.45	 0.4	 0.6	 0.0000	 0.1031
1.0	 2.0	 0.40	 0.45	 0.4	 0.6	 0.1031	 0.1240
1.0	 2.0	 0.40	 0.45	 0.4	 0.6	 0.1240	 0.1495
1.0	 2.0	 0.40	 0.45	 0.4	 0.6	 0.1495	 0.1811
1.0	 2.0	 0.40	 0.45	 0.4	 0.6	 0.1811	 0.2420
1.0	 2.0	 0.40	 0.45	 0.4	 0.6	 0.2420	 0.7000
1.0	 2.0	 0.40	 0.45	 0.6	 0.8	 0.0000	 0.1320
1.0	 2.0	 0.40	 0.45	 0.6	 0.8	 0.1320	 0.2221
1.0	 2.0	 0.40	 0.45	 0.6	 0.8	 0.2221	 0.7000
1.0	 2.0	 0.45	 0.50	 0.0	 0.2	 0.0000	 0.1477
1.0	 2.0	 0.45	 0.50	 0.0	 0.2	 0.1477	 0.1772
1.0	 2.0	 0.45	 0.50	 0.0	 0.2	 0.1772	 0.2130
1.0	 2.0	 0.45	 0.50	 0.0	 0.2	 0.2130	 0.7000
1.0	 2.0	 0.45	 0.50	 0.2	 0.4	 0.0000	 0.1115
1.0	 2.0	 0.45	 0.50	 0.2	 0.4	 0.1115	 0.1299
1.0	 2.0	 0.45	 0.50	 0.2	 0.4	 0.1299	 0.1495
1.0	 2.0	 0.45	 0.50	 0.2	 0.4	 0.1495	 0.1728
1.0	 2.0	 0.45	 0.50	 0.2	 0.4	 0.1728	 0.2048
1.0	 2.0	 0.45	 0.50	 0.2	 0.4	 0.2048	 0.7000
1.0	 2.0	 0.45	 0.50	 0.4	 0.6	 0.0000	 0.1082
1.0	 2.0	 0.45	 0.50	 0.4	 0.6	 0.1082	 0.1360
1.0	 2.0	 0.45	 0.50	 0.4	 0.6	 0.1360	 0.1729
1.0	 2.0	 0.45	 0.50	 0.4	 0.6	 0.1729	 0.2564
1.0	 2.0	 0.45	 0.50	 0.4	 0.6	 0.2564	 0.7000
1.0	 2.0	 0.45	 0.50	 0.6	 0.8	 0.0000	 0.1338
1.0	 2.0	 0.45	 0.50	 0.6	 0.8	 0.1338	 0.7000
1.0	 2.0	 0.45	 0.50	 0.8	 1.6	 0.0000	 0.7000
1.0	 2.0	 0.50	 0.55	 0.0	 0.2	 0.0000	 0.1594
1.0	 2.0	 0.50	 0.55	 0.0	 0.2	 0.1594	 0.2000
1.0	 2.0	 0.50	 0.55	 0.0	 0.2	 0.2000	 0.7000
1.0	 2.0	 0.50	 0.55	 0.2	 0.4	 0.0000	 0.1189
1.0	 2.0	 0.50	 0.55	 0.2	 0.4	 0.1189	 0.1434
1.0	 2.0	 0.50	 0.55	 0.2	 0.4	 0.1434	 0.1717
1.0	 2.0	 0.50	 0.55	 0.2	 0.4	 0.1717	 0.2122
1.0	 2.0	 0.50	 0.55	 0.2	 0.4	 0.2122	 0.7000
1.0	 2.0	 0.50	 0.55	 0.4	 0.6	 0.0000	 0.1141
1.0	 2.0	 0.50	 0.55	 0.4	 0.6	 0.1141	 0.1488
1.0	 2.0	 0.50	 0.55	 0.4	 0.6	 0.1488	 0.2070
1.0	 2.0	 0.50	 0.55	 0.4	 0.6	 0.2070	 0.7000
1.0	 2.0	 0.50	 0.55	 0.6	 0.8	 0.0000	 0.1421
1.0	 2.0	 0.50	 0.55	 0.6	 0.8	 0.1421	 0.7000
1.0	 2.0	 0.50	 0.55	 0.8	 1.6	 0.0000	 0.7000
1.0	 2.0	 0.55	 0.60	 0.0	 0.2	 0.0000	 0.1737
1.0	 2.0	 0.55	 0.60	 0.0	 0.2	 0.1737	 0.2750
1.0	 2.0	 0.55	 0.60	 0.0	 0.2	 0.2750	 0.7000
1.0	 2.0	 0.55	 0.60	 0.2	 0.4	 0.0000	 0.1287
1.0	 2.0	 0.55	 0.60	 0.2	 0.4	 0.1287	 0.1605
1.0	 2.0	 0.55	 0.60	 0.2	 0.4	 0.1605	 0.2039
1.0	 2.0	 0.55	 0.60	 0.2	 0.4	 0.2039	 0.7000
1.0	 2.0	 0.55	 0.60	 0.4	 0.6	 0.0000	 0.1212
1.0	 2.0	 0.55	 0.60	 0.4	 0.6	 0.1212	 0.1678
1.0	 2.0	 0.55	 0.60	 0.4	 0.6	 0.1678	 0.7000
1.0	 2.0	 0.55	 0.60	 0.6	 0.8	 0.0000	 0.1569
1.0	 2.0	 0.55	 0.60	 0.6	 0.8	 0.1569	 0.7000
1.0	 2.0	 0.55	 0.60	 0.8	 1.6	 0.0000	 0.7000
1.0	 2.0	 0.60	 0.65	 0.0	 0.2	 0.0000	 0.1922
1.0	 2.0	 0.60	 0.65	 0.0	 0.2	 0.1922	 0.7000
1.0	 2.0	 0.60	 0.65	 0.2	 0.4	 0.0000	 0.1391
1.0	 2.0	 0.60	 0.65	 0.2	 0.4	 0.1391	 0.1848
1.0	 2.0	 0.60	 0.65	 0.2	 0.4	 0.1848	 0.7000
1.0	 2.0	 0.60	 0.65	 0.4	 0.6	 0.0000	 0.1312
1.0	 2.0	 0.60	 0.65	 0.4	 0.6	 0.1312	 0.2425
1.0	 2.0	 0.60	 0.65	 0.4	 0.6	 0.2425	 0.7000
1.0	 2.0	 0.60	 0.65	 0.6	 0.8	 0.0000	 0.2025
1.0	 2.0	 0.60	 0.65	 0.6	 0.8	 0.2025	 0.7000
1.0	 2.0	 0.60	 0.65	 0.8	 1.6	 0.0000	 0.7000
1.0	 2.0	 0.65	 0.70	 0.0	 0.4	 0.0000	 0.1418
1.0	 2.0	 0.65	 0.70	 0.0	 0.4	 0.1418	 0.1813
1.0	 2.0	 0.65	 0.70	 0.0	 0.4	 0.1813	 0.7000
1.0	 2.0	 0.65	 0.70	 0.4	 0.6	 0.0000	 0.1447
1.0	 2.0	 0.65	 0.70	 0.4	 0.6	 0.1447	 0.7000
1.0	 2.0	 0.65	 0.70	 0.6	 1.0	 0.0000	 0.1902
1.0	 2.0	 0.65	 0.70	 0.6	 1.0	 0.1902	 0.7000
2.0	 3.0	 0.30	 0.35	 0.0	 0.2	 0.0000	 0.2730
2.0	 3.0	 0.30	 0.35	 0.0	 0.2	 0.2730	 0.3397
2.0	 3.0	 0.30	 0.35	 0.0	 0.2	 0.3397	 0.7000
2.0	 3.0	 0.30	 0.35	 0.2	 0.4	 0.0000	 0.2827
2.0	 3.0	 0.30	 0.35	 0.2	 0.4	 0.2827	 0.7000
2.0	 3.0	 0.30	 0.35	 0.4	 0.6	 0.0000	 0.3221
2.0	 3.0	 0.30	 0.35	 0.4	 0.6	 0.3221	 0.7000
2.0	 3.0	 0.35	 0.40	 0.0	 0.2	 0.0000	 0.2889
2.0	 3.0	 0.35	 0.40	 0.0	 0.2	 0.2889	 0.7000
2.0	 3.0	 0.35	 0.40	 0.2	 0.4	 0.0000	 0.2982
2.0	 3.0	 0.35	 0.40	 0.2	 0.4	 0.2982	 0.7000
2.0	 3.0	 0.35	 0.40	 0.4	 0.8	 0.0000	 0.3161
2.0	 3.0	 0.35	 0.40	 0.4	 0.8	 0.3161	 0.7000
2.0	 3.0	 0.40	 0.45	 0.0	 0.2	 0.0000	 0.3100
2.0	 3.0	 0.40	 0.45	 0.0	 0.2	 0.3100	 0.7000
2.0	 3.0	 0.40	 0.45	 0.2	 0.4	 0.0000	 0.3170
2.0	 3.0	 0.40	 0.45	 0.2	 0.4	 0.3170	 0.7000
2.0	 3.0	 0.40	 0.45	 0.4	 1.0	 0.0000	 0.3659
2.0	 3.0	 0.40	 0.45	 0.4	 1.0	 0.3659	 0.7000
2.0	 3.0	 0.45	 0.50	 0.0	 0.4	 0.0000	 0.2779
2.0	 3.0	 0.45	 0.50	 0.0	 0.4	 0.2779	 0.3934
2.0	 3.0	 0.45	 0.50	 0.0	 0.4	 0.3934	 0.7000
2.0	 3.0	 0.45	 0.50	 0.4	 1.6	 0.0000	 0.7000
2.0	 3.0	 0.50	 0.55	 0.0	 0.4	 0.0000	 0.2948
2.0	 3.0	 0.50	 0.55	 0.0	 0.4	 0.2948	 0.7000
2.0	 3.0	 0.50	 0.55	 0.4	 1.6	 0.0000	 0.7000
2.0	 3.0	 0.55	 0.60	 0.0	 0.4	 0.0000	 0.3184
2.0	 3.0	 0.55	 0.60	 0.0	 0.4	 0.3184	 0.7000
2.0	 3.0	 0.55	 0.60	 0.4	 1.6	 0.0000	 0.7000
2.0	 3.0	 0.60	 0.65	 0.0	 0.8	 0.0000	 0.3275
2.0	 3.0	 0.60	 0.65	 0.0	 0.8	 0.3275	 0.7000
2.0	 3.0	 0.65	 0.70	 0.0	 1.6	 0.0000	 0.7000
3.0	 4.0	 0.30	 0.35	 0.0	 0.2	 0.0000	 0.4230
3.0	 4.0	 0.30	 0.35	 0.0	 0.2	 0.4230	 0.7000
3.0	 4.0	 0.30	 0.35	 0.2	 0.6	 0.0000	 0.3969
3.0	 4.0	 0.30	 0.35	 0.2	 0.6	 0.3969	 0.7000
3.0	 4.0	 0.35	 0.40	 0.0	 0.4	 0.0000	 0.3877
3.0	 4.0	 0.35	 0.40	 0.0	 0.4	 0.3877	 0.7000
3.0	 4.0	 0.35	 0.40	 0.4	 1.6	 0.0000	 0.7000
3.0	 4.0	 0.40	 0.45	 0.0	 0.4	 0.0000	 0.4071
3.0	 4.0	 0.40	 0.45	 0.0	 0.4	 0.4071	 0.7000
3.0	 4.0	 0.40	 0.45	 0.4	 1.6	 0.0000	 0.7000
3.0	 4.0	 0.45	 0.50	 0.0	 0.4	 0.0000	 0.4624
3.0	 4.0	 0.45	 0.50	 0.0	 0.4	 0.4624	 0.7000
3.0	 4.0	 0.45	 0.50	 0.4	 1.6	 0.0000	 0.7000
3.0	 4.0	 0.50	 0.55	 0.0	 0.8	 0.0000	 0.4388
3.0	 4.0	 0.50	 0.55	 0.0	 0.8	 0.4388	 0.7000
3.0	 4.0	 0.55	 0.60	 0.0	 1.6	 0.0000	 0.7000
3.0	 4.0	 0.60	 0.65	 0.0	 1.6	 0.0000	 0.7000
4.0	 5.0	 0.30	 0.35	 0.0	 0.6	 0.0000	 0.5142
4.0	 5.0	 0.30	 0.35	 0.0	 0.6	 0.5142	 0.7000
4.0	 5.0	 0.35	 0.40	 0.0	 1.6	 0.0000	 0.7000
4.0	 5.0	 0.40	 0.45	 0.0	 1.6	 0.0000	 0.7000
4.0	 5.0	 0.45	 0.50	 0.0	 1.6	 0.0000	 0.7000
4.0	 5.0	 0.50	 0.55	 0.0	 1.6	 0.0000	 0.7000
