Q2l	 Q2u	 zl	 zu	 Ptl	 Ptu	 xl	 xu
1.0	 2.0	 0.30	 0.35	 0.0	 0.2	 0.0000	 0.0987
1.0	 2.0	 0.30	 0.35	 0.0	 0.2	 0.0987	 0.1120
1.0	 2.0	 0.30	 0.35	 0.0	 0.2	 0.1120	 0.1229
1.0	 2.0	 0.30	 0.35	 0.0	 0.2	 0.1229	 0.1326
1.0	 2.0	 0.30	 0.35	 0.0	 0.2	 0.1326	 0.1414
1.0	 2.0	 0.30	 0.35	 0.0	 0.2	 0.1414	 0.1505
1.0	 2.0	 0.30	 0.35	 0.0	 0.2	 0.1505	 0.1598
1.0	 2.0	 0.30	 0.35	 0.0	 0.2	 0.1598	 0.1699
1.0	 2.0	 0.30	 0.35	 0.0	 0.2	 0.1699	 0.1810
1.0	 2.0	 0.30	 0.35	 0.0	 0.2	 0.1810	 0.1950
1.0	 2.0	 0.30	 0.35	 0.0	 0.2	 0.1950	 0.2139
1.0	 2.0	 0.30	 0.35	 0.0	 0.2	 0.2139	 0.2427
1.0	 2.0	 0.30	 0.35	 0.0	 0.2	 0.2427	 0.7000
1.0	 2.0	 0.30	 0.35	 0.2	 0.4	 0.0000	 0.0692
1.0	 2.0	 0.30	 0.35	 0.2	 0.4	 0.0692	 0.0742
1.0	 2.0	 0.30	 0.35	 0.2	 0.4	 0.0742	 0.0783
1.0	 2.0	 0.30	 0.35	 0.2	 0.4	 0.0783	 0.0818
1.0	 2.0	 0.30	 0.35	 0.2	 0.4	 0.0818	 0.0849
1.0	 2.0	 0.30	 0.35	 0.2	 0.4	 0.0849	 0.0880
1.0	 2.0	 0.30	 0.35	 0.2	 0.4	 0.0880	 0.0909
1.0	 2.0	 0.30	 0.35	 0.2	 0.4	 0.0909	 0.0938
1.0	 2.0	 0.30	 0.35	 0.2	 0.4	 0.0938	 0.0966
1.0	 2.0	 0.30	 0.35	 0.2	 0.4	 0.0966	 0.0996
1.0	 2.0	 0.30	 0.35	 0.2	 0.4	 0.0996	 0.1026
1.0	 2.0	 0.30	 0.35	 0.2	 0.4	 0.1026	 0.1057
1.0	 2.0	 0.30	 0.35	 0.2	 0.4	 0.1057	 0.1088
1.0	 2.0	 0.30	 0.35	 0.2	 0.4	 0.1088	 0.1120
1.0	 2.0	 0.30	 0.35	 0.2	 0.4	 0.1120	 0.1152
1.0	 2.0	 0.30	 0.35	 0.2	 0.4	 0.1152	 0.1186
1.0	 2.0	 0.30	 0.35	 0.2	 0.4	 0.1186	 0.1220
1.0	 2.0	 0.30	 0.35	 0.2	 0.4	 0.1220	 0.1256
1.0	 2.0	 0.30	 0.35	 0.2	 0.4	 0.1256	 0.1292
1.0	 2.0	 0.30	 0.35	 0.2	 0.4	 0.1292	 0.1331
1.0	 2.0	 0.30	 0.35	 0.2	 0.4	 0.1331	 0.1376
1.0	 2.0	 0.30	 0.35	 0.2	 0.4	 0.1376	 0.1424
1.0	 2.0	 0.30	 0.35	 0.2	 0.4	 0.1424	 0.1479
1.0	 2.0	 0.30	 0.35	 0.2	 0.4	 0.1479	 0.1542
1.0	 2.0	 0.30	 0.35	 0.2	 0.4	 0.1542	 0.1621
1.0	 2.0	 0.30	 0.35	 0.2	 0.4	 0.1621	 0.1725
1.0	 2.0	 0.30	 0.35	 0.2	 0.4	 0.1725	 0.1862
1.0	 2.0	 0.30	 0.35	 0.2	 0.4	 0.1862	 0.2055
1.0	 2.0	 0.30	 0.35	 0.2	 0.4	 0.2055	 0.2369
1.0	 2.0	 0.30	 0.35	 0.2	 0.4	 0.2369	 0.7000
1.0	 2.0	 0.30	 0.35	 0.4	 0.6	 0.0000	 0.0637
1.0	 2.0	 0.30	 0.35	 0.4	 0.6	 0.0637	 0.0678
1.0	 2.0	 0.30	 0.35	 0.4	 0.6	 0.0678	 0.0712
1.0	 2.0	 0.30	 0.35	 0.4	 0.6	 0.0712	 0.0744
1.0	 2.0	 0.30	 0.35	 0.4	 0.6	 0.0744	 0.0774
1.0	 2.0	 0.30	 0.35	 0.4	 0.6	 0.0774	 0.0803
1.0	 2.0	 0.30	 0.35	 0.4	 0.6	 0.0803	 0.0834
1.0	 2.0	 0.30	 0.35	 0.4	 0.6	 0.0834	 0.0867
1.0	 2.0	 0.30	 0.35	 0.4	 0.6	 0.0867	 0.0900
1.0	 2.0	 0.30	 0.35	 0.4	 0.6	 0.0900	 0.0933
1.0	 2.0	 0.30	 0.35	 0.4	 0.6	 0.0933	 0.0969
1.0	 2.0	 0.30	 0.35	 0.4	 0.6	 0.0969	 0.1007
1.0	 2.0	 0.30	 0.35	 0.4	 0.6	 0.1007	 0.1047
1.0	 2.0	 0.30	 0.35	 0.4	 0.6	 0.1047	 0.1087
1.0	 2.0	 0.30	 0.35	 0.4	 0.6	 0.1087	 0.1133
1.0	 2.0	 0.30	 0.35	 0.4	 0.6	 0.1133	 0.1182
1.0	 2.0	 0.30	 0.35	 0.4	 0.6	 0.1182	 0.1239
1.0	 2.0	 0.30	 0.35	 0.4	 0.6	 0.1239	 0.1301
1.0	 2.0	 0.30	 0.35	 0.4	 0.6	 0.1301	 0.1376
1.0	 2.0	 0.30	 0.35	 0.4	 0.6	 0.1376	 0.1472
1.0	 2.0	 0.30	 0.35	 0.4	 0.6	 0.1472	 0.1597
1.0	 2.0	 0.30	 0.35	 0.4	 0.6	 0.1597	 0.1766
1.0	 2.0	 0.30	 0.35	 0.4	 0.6	 0.1766	 0.2041
1.0	 2.0	 0.30	 0.35	 0.4	 0.6	 0.2041	 0.2616
1.0	 2.0	 0.30	 0.35	 0.4	 0.6	 0.2616	 0.7000
1.0	 2.0	 0.30	 0.35	 0.6	 0.8	 0.0000	 0.0696
1.0	 2.0	 0.30	 0.35	 0.6	 0.8	 0.0696	 0.0794
1.0	 2.0	 0.30	 0.35	 0.6	 0.8	 0.0794	 0.0906
1.0	 2.0	 0.30	 0.35	 0.6	 0.8	 0.0906	 0.1041
1.0	 2.0	 0.30	 0.35	 0.6	 0.8	 0.1041	 0.1214
1.0	 2.0	 0.30	 0.35	 0.6	 0.8	 0.1214	 0.1493
1.0	 2.0	 0.30	 0.35	 0.6	 0.8	 0.1493	 0.7000
1.0	 2.0	 0.30	 0.35	 0.8	 1.6	 0.0000	 0.7000
1.0	 2.0	 0.35	 0.40	 0.0	 0.2	 0.0000	 0.1112
1.0	 2.0	 0.35	 0.40	 0.0	 0.2	 0.1112	 0.1281
1.0	 2.0	 0.35	 0.40	 0.0	 0.2	 0.1281	 0.1412
1.0	 2.0	 0.35	 0.40	 0.0	 0.2	 0.1412	 0.1538
1.0	 2.0	 0.35	 0.40	 0.0	 0.2	 0.1538	 0.1672
1.0	 2.0	 0.35	 0.40	 0.0	 0.2	 0.1672	 0.1822
1.0	 2.0	 0.35	 0.40	 0.0	 0.2	 0.1822	 0.2011
1.0	 2.0	 0.35	 0.40	 0.0	 0.2	 0.2011	 0.2301
1.0	 2.0	 0.35	 0.40	 0.0	 0.2	 0.2301	 0.7000
1.0	 2.0	 0.35	 0.40	 0.2	 0.4	 0.0000	 0.0743
1.0	 2.0	 0.35	 0.40	 0.2	 0.4	 0.0743	 0.0807
1.0	 2.0	 0.35	 0.40	 0.2	 0.4	 0.0807	 0.0855
1.0	 2.0	 0.35	 0.40	 0.2	 0.4	 0.0855	 0.0902
1.0	 2.0	 0.35	 0.40	 0.2	 0.4	 0.0902	 0.0948
1.0	 2.0	 0.35	 0.40	 0.2	 0.4	 0.0948	 0.0993
1.0	 2.0	 0.35	 0.40	 0.2	 0.4	 0.0993	 0.1035
1.0	 2.0	 0.35	 0.40	 0.2	 0.4	 0.1035	 0.1078
1.0	 2.0	 0.35	 0.40	 0.2	 0.4	 0.1078	 0.1123
1.0	 2.0	 0.35	 0.40	 0.2	 0.4	 0.1123	 0.1168
1.0	 2.0	 0.35	 0.40	 0.2	 0.4	 0.1168	 0.1213
1.0	 2.0	 0.35	 0.40	 0.2	 0.4	 0.1213	 0.1261
1.0	 2.0	 0.35	 0.40	 0.2	 0.4	 0.1261	 0.1310
1.0	 2.0	 0.35	 0.40	 0.2	 0.4	 0.1310	 0.1364
1.0	 2.0	 0.35	 0.40	 0.2	 0.4	 0.1364	 0.1424
1.0	 2.0	 0.35	 0.40	 0.2	 0.4	 0.1424	 0.1496
1.0	 2.0	 0.35	 0.40	 0.2	 0.4	 0.1496	 0.1583
1.0	 2.0	 0.35	 0.40	 0.2	 0.4	 0.1583	 0.1693
1.0	 2.0	 0.35	 0.40	 0.2	 0.4	 0.1693	 0.1849
1.0	 2.0	 0.35	 0.40	 0.2	 0.4	 0.1849	 0.2095
1.0	 2.0	 0.35	 0.40	 0.2	 0.4	 0.2095	 0.2557
1.0	 2.0	 0.35	 0.40	 0.2	 0.4	 0.2557	 0.7000
1.0	 2.0	 0.35	 0.40	 0.4	 0.6	 0.0000	 0.0666
1.0	 2.0	 0.35	 0.40	 0.4	 0.6	 0.0666	 0.0720
1.0	 2.0	 0.35	 0.40	 0.4	 0.6	 0.0720	 0.0763
1.0	 2.0	 0.35	 0.40	 0.4	 0.6	 0.0763	 0.0804
1.0	 2.0	 0.35	 0.40	 0.4	 0.6	 0.0804	 0.0844
1.0	 2.0	 0.35	 0.40	 0.4	 0.6	 0.0844	 0.0886
1.0	 2.0	 0.35	 0.40	 0.4	 0.6	 0.0886	 0.0931
1.0	 2.0	 0.35	 0.40	 0.4	 0.6	 0.0931	 0.0976
1.0	 2.0	 0.35	 0.40	 0.4	 0.6	 0.0976	 0.1024
1.0	 2.0	 0.35	 0.40	 0.4	 0.6	 0.1024	 0.1078
1.0	 2.0	 0.35	 0.40	 0.4	 0.6	 0.1078	 0.1135
1.0	 2.0	 0.35	 0.40	 0.4	 0.6	 0.1135	 0.1198
1.0	 2.0	 0.35	 0.40	 0.4	 0.6	 0.1198	 0.1268
1.0	 2.0	 0.35	 0.40	 0.4	 0.6	 0.1268	 0.1354
1.0	 2.0	 0.35	 0.40	 0.4	 0.6	 0.1354	 0.1468
1.0	 2.0	 0.35	 0.40	 0.4	 0.6	 0.1468	 0.1644
1.0	 2.0	 0.35	 0.40	 0.4	 0.6	 0.1644	 0.1918
1.0	 2.0	 0.35	 0.40	 0.4	 0.6	 0.1918	 0.2515
1.0	 2.0	 0.35	 0.40	 0.4	 0.6	 0.2515	 0.7000
1.0	 2.0	 0.35	 0.40	 0.6	 0.8	 0.0000	 0.0692
1.0	 2.0	 0.35	 0.40	 0.6	 0.8	 0.0692	 0.0783
1.0	 2.0	 0.35	 0.40	 0.6	 0.8	 0.0783	 0.0875
1.0	 2.0	 0.35	 0.40	 0.6	 0.8	 0.0875	 0.0979
1.0	 2.0	 0.35	 0.40	 0.6	 0.8	 0.0979	 0.1108
1.0	 2.0	 0.35	 0.40	 0.6	 0.8	 0.1108	 0.1270
1.0	 2.0	 0.35	 0.40	 0.6	 0.8	 0.1270	 0.1529
1.0	 2.0	 0.35	 0.40	 0.6	 0.8	 0.1529	 0.2313
1.0	 2.0	 0.35	 0.40	 0.6	 0.8	 0.2313	 0.7000
1.0	 2.0	 0.35	 0.40	 0.8	 1.0	 0.0000	 0.1624
1.0	 2.0	 0.35	 0.40	 0.8	 1.0	 0.1624	 0.7000
1.0	 2.0	 0.40	 0.45	 0.0	 0.2	 0.0000	 0.1231
1.0	 2.0	 0.40	 0.45	 0.0	 0.2	 0.1231	 0.1434
1.0	 2.0	 0.40	 0.45	 0.0	 0.2	 0.1434	 0.1613
1.0	 2.0	 0.40	 0.45	 0.0	 0.2	 0.1613	 0.1804
1.0	 2.0	 0.40	 0.45	 0.0	 0.2	 0.1804	 0.2053
1.0	 2.0	 0.40	 0.45	 0.0	 0.2	 0.2053	 0.2532
1.0	 2.0	 0.40	 0.45	 0.0	 0.2	 0.2532	 0.7000
1.0	 2.0	 0.40	 0.45	 0.2	 0.4	 0.0000	 0.0812
1.0	 2.0	 0.40	 0.45	 0.2	 0.4	 0.0812	 0.0891
1.0	 2.0	 0.40	 0.45	 0.2	 0.4	 0.0891	 0.0962
1.0	 2.0	 0.40	 0.45	 0.2	 0.4	 0.0962	 0.1029
1.0	 2.0	 0.40	 0.45	 0.2	 0.4	 0.1029	 0.1096
1.0	 2.0	 0.40	 0.45	 0.2	 0.4	 0.1096	 0.1161
1.0	 2.0	 0.40	 0.45	 0.2	 0.4	 0.1161	 0.1224
1.0	 2.0	 0.40	 0.45	 0.2	 0.4	 0.1224	 0.1292
1.0	 2.0	 0.40	 0.45	 0.2	 0.4	 0.1292	 0.1364
1.0	 2.0	 0.40	 0.45	 0.2	 0.4	 0.1364	 0.1442
1.0	 2.0	 0.40	 0.45	 0.2	 0.4	 0.1442	 0.1537
1.0	 2.0	 0.40	 0.45	 0.2	 0.4	 0.1537	 0.1661
1.0	 2.0	 0.40	 0.45	 0.2	 0.4	 0.1661	 0.1839
1.0	 2.0	 0.40	 0.45	 0.2	 0.4	 0.1839	 0.2147
1.0	 2.0	 0.40	 0.45	 0.2	 0.4	 0.2147	 0.2897
1.0	 2.0	 0.40	 0.45	 0.2	 0.4	 0.2897	 0.7000
1.0	 2.0	 0.40	 0.45	 0.4	 0.6	 0.0000	 0.0699
1.0	 2.0	 0.40	 0.45	 0.4	 0.6	 0.0699	 0.0765
1.0	 2.0	 0.40	 0.45	 0.4	 0.6	 0.0765	 0.0822
1.0	 2.0	 0.40	 0.45	 0.4	 0.6	 0.0822	 0.0877
1.0	 2.0	 0.40	 0.45	 0.4	 0.6	 0.0877	 0.0929
1.0	 2.0	 0.40	 0.45	 0.4	 0.6	 0.0929	 0.0987
1.0	 2.0	 0.40	 0.45	 0.4	 0.6	 0.0987	 0.1047
1.0	 2.0	 0.40	 0.45	 0.4	 0.6	 0.1047	 0.1116
1.0	 2.0	 0.40	 0.45	 0.4	 0.6	 0.1116	 0.1190
1.0	 2.0	 0.40	 0.45	 0.4	 0.6	 0.1190	 0.1277
1.0	 2.0	 0.40	 0.45	 0.4	 0.6	 0.1277	 0.1379
1.0	 2.0	 0.40	 0.45	 0.4	 0.6	 0.1379	 0.1528
1.0	 2.0	 0.40	 0.45	 0.4	 0.6	 0.1528	 0.1795
1.0	 2.0	 0.40	 0.45	 0.4	 0.6	 0.1795	 0.2413
1.0	 2.0	 0.40	 0.45	 0.4	 0.6	 0.2413	 0.7000
1.0	 2.0	 0.40	 0.45	 0.6	 0.8	 0.0000	 0.0705
1.0	 2.0	 0.40	 0.45	 0.6	 0.8	 0.0705	 0.0799
1.0	 2.0	 0.40	 0.45	 0.6	 0.8	 0.0799	 0.0898
1.0	 2.0	 0.40	 0.45	 0.6	 0.8	 0.0898	 0.1011
1.0	 2.0	 0.40	 0.45	 0.6	 0.8	 0.1011	 0.1162
1.0	 2.0	 0.40	 0.45	 0.6	 0.8	 0.1162	 0.1360
1.0	 2.0	 0.40	 0.45	 0.6	 0.8	 0.1360	 0.1766
1.0	 2.0	 0.40	 0.45	 0.6	 0.8	 0.1766	 0.7000
1.0	 2.0	 0.40	 0.45	 0.8	 1.0	 0.0000	 0.1008
1.0	 2.0	 0.40	 0.45	 0.8	 1.0	 0.1008	 0.7000
1.0	 2.0	 0.45	 0.50	 0.0	 0.2	 0.0000	 0.1353
1.0	 2.0	 0.45	 0.50	 0.0	 0.2	 0.1353	 0.1615
1.0	 2.0	 0.45	 0.50	 0.0	 0.2	 0.1615	 0.1885
1.0	 2.0	 0.45	 0.50	 0.0	 0.2	 0.1885	 0.2317
1.0	 2.0	 0.45	 0.50	 0.0	 0.2	 0.2317	 0.7000
1.0	 2.0	 0.45	 0.50	 0.2	 0.4	 0.0000	 0.0872
1.0	 2.0	 0.45	 0.50	 0.2	 0.4	 0.0872	 0.0981
1.0	 2.0	 0.45	 0.50	 0.2	 0.4	 0.0981	 0.1079
1.0	 2.0	 0.45	 0.50	 0.2	 0.4	 0.1079	 0.1172
1.0	 2.0	 0.45	 0.50	 0.2	 0.4	 0.1172	 0.1266
1.0	 2.0	 0.45	 0.50	 0.2	 0.4	 0.1266	 0.1362
1.0	 2.0	 0.45	 0.50	 0.2	 0.4	 0.1362	 0.1470
1.0	 2.0	 0.45	 0.50	 0.2	 0.4	 0.1470	 0.1602
1.0	 2.0	 0.45	 0.50	 0.2	 0.4	 0.1602	 0.1794
1.0	 2.0	 0.45	 0.50	 0.2	 0.4	 0.1794	 0.2154
1.0	 2.0	 0.45	 0.50	 0.2	 0.4	 0.2154	 0.7000
1.0	 2.0	 0.45	 0.50	 0.4	 0.6	 0.0000	 0.0743
1.0	 2.0	 0.45	 0.50	 0.4	 0.6	 0.0743	 0.0824
1.0	 2.0	 0.45	 0.50	 0.4	 0.6	 0.0824	 0.0896
1.0	 2.0	 0.45	 0.50	 0.4	 0.6	 0.0896	 0.0970
1.0	 2.0	 0.45	 0.50	 0.4	 0.6	 0.0970	 0.1048
1.0	 2.0	 0.45	 0.50	 0.4	 0.6	 0.1048	 0.1135
1.0	 2.0	 0.45	 0.50	 0.4	 0.6	 0.1135	 0.1233
1.0	 2.0	 0.45	 0.50	 0.4	 0.6	 0.1233	 0.1344
1.0	 2.0	 0.45	 0.50	 0.4	 0.6	 0.1344	 0.1503
1.0	 2.0	 0.45	 0.50	 0.4	 0.6	 0.1503	 0.1814
1.0	 2.0	 0.45	 0.50	 0.4	 0.6	 0.1814	 0.7000
1.0	 2.0	 0.45	 0.50	 0.6	 0.8	 0.0000	 0.0737
1.0	 2.0	 0.45	 0.50	 0.6	 0.8	 0.0737	 0.0846
1.0	 2.0	 0.45	 0.50	 0.6	 0.8	 0.0846	 0.0966
1.0	 2.0	 0.45	 0.50	 0.6	 0.8	 0.0966	 0.1120
1.0	 2.0	 0.45	 0.50	 0.6	 0.8	 0.1120	 0.1336
1.0	 2.0	 0.45	 0.50	 0.6	 0.8	 0.1336	 0.1833
1.0	 2.0	 0.45	 0.50	 0.6	 0.8	 0.1833	 0.7000
1.0	 2.0	 0.45	 0.50	 0.8	 1.0	 0.0000	 0.0920
1.0	 2.0	 0.45	 0.50	 0.8	 1.0	 0.0920	 0.1535
1.0	 2.0	 0.45	 0.50	 0.8	 1.0	 0.1535	 0.7000
1.0	 2.0	 0.45	 0.50	 1.0	 1.6	 0.0000	 0.7000
1.0	 2.0	 0.50	 0.55	 0.0	 0.2	 0.0000	 0.1491
1.0	 2.0	 0.50	 0.55	 0.0	 0.2	 0.1491	 0.1843
1.0	 2.0	 0.50	 0.55	 0.0	 0.2	 0.1843	 0.2463
1.0	 2.0	 0.50	 0.55	 0.0	 0.2	 0.2463	 0.7000
1.0	 2.0	 0.50	 0.55	 0.2	 0.4	 0.0000	 0.0956
1.0	 2.0	 0.50	 0.55	 0.2	 0.4	 0.0956	 0.1106
1.0	 2.0	 0.50	 0.55	 0.2	 0.4	 0.1106	 0.1241
1.0	 2.0	 0.50	 0.55	 0.2	 0.4	 0.1241	 0.1369
1.0	 2.0	 0.50	 0.55	 0.2	 0.4	 0.1369	 0.1518
1.0	 2.0	 0.50	 0.55	 0.2	 0.4	 0.1518	 0.1713
1.0	 2.0	 0.50	 0.55	 0.2	 0.4	 0.1713	 0.2070
1.0	 2.0	 0.50	 0.55	 0.2	 0.4	 0.2070	 0.7000
1.0	 2.0	 0.50	 0.55	 0.4	 0.6	 0.0000	 0.0792
1.0	 2.0	 0.50	 0.55	 0.4	 0.6	 0.0792	 0.0894
1.0	 2.0	 0.50	 0.55	 0.4	 0.6	 0.0894	 0.0993
1.0	 2.0	 0.50	 0.55	 0.4	 0.6	 0.0993	 0.1097
1.0	 2.0	 0.50	 0.55	 0.4	 0.6	 0.1097	 0.1215
1.0	 2.0	 0.50	 0.55	 0.4	 0.6	 0.1215	 0.1351
1.0	 2.0	 0.50	 0.55	 0.4	 0.6	 0.1351	 0.1553
1.0	 2.0	 0.50	 0.55	 0.4	 0.6	 0.1553	 0.2028
1.0	 2.0	 0.50	 0.55	 0.4	 0.6	 0.2028	 0.7000
1.0	 2.0	 0.50	 0.55	 0.6	 0.8	 0.0000	 0.0775
1.0	 2.0	 0.50	 0.55	 0.6	 0.8	 0.0775	 0.0911
1.0	 2.0	 0.50	 0.55	 0.6	 0.8	 0.0911	 0.1072
1.0	 2.0	 0.50	 0.55	 0.6	 0.8	 0.1072	 0.1298
1.0	 2.0	 0.50	 0.55	 0.6	 0.8	 0.1298	 0.1863
1.0	 2.0	 0.50	 0.55	 0.6	 0.8	 0.1863	 0.7000
1.0	 2.0	 0.50	 0.55	 0.8	 1.0	 0.0000	 0.0910
1.0	 2.0	 0.50	 0.55	 0.8	 1.0	 0.0910	 0.1466
1.0	 2.0	 0.50	 0.55	 0.8	 1.0	 0.1466	 0.7000
1.0	 2.0	 0.50	 0.55	 1.0	 1.6	 0.0000	 0.7000
1.0	 2.0	 0.55	 0.60	 0.0	 0.2	 0.0000	 0.1635
1.0	 2.0	 0.55	 0.60	 0.0	 0.2	 0.1635	 0.2201
1.0	 2.0	 0.55	 0.60	 0.0	 0.2	 0.2201	 0.7000
1.0	 2.0	 0.55	 0.60	 0.2	 0.4	 0.0000	 0.1043
1.0	 2.0	 0.55	 0.60	 0.2	 0.4	 0.1043	 0.1235
1.0	 2.0	 0.55	 0.60	 0.2	 0.4	 0.1235	 0.1414
1.0	 2.0	 0.55	 0.60	 0.2	 0.4	 0.1414	 0.1627
1.0	 2.0	 0.55	 0.60	 0.2	 0.4	 0.1627	 0.1999
1.0	 2.0	 0.55	 0.60	 0.2	 0.4	 0.1999	 0.7000
1.0	 2.0	 0.55	 0.60	 0.4	 0.6	 0.0000	 0.0845
1.0	 2.0	 0.55	 0.60	 0.4	 0.6	 0.0845	 0.0976
1.0	 2.0	 0.55	 0.60	 0.4	 0.6	 0.0976	 0.1111
1.0	 2.0	 0.55	 0.60	 0.4	 0.6	 0.1111	 0.1260
1.0	 2.0	 0.55	 0.60	 0.4	 0.6	 0.1260	 0.1449
1.0	 2.0	 0.55	 0.60	 0.4	 0.6	 0.1449	 0.1843
1.0	 2.0	 0.55	 0.60	 0.4	 0.6	 0.1843	 0.7000
1.0	 2.0	 0.55	 0.60	 0.6	 0.8	 0.0000	 0.0820
1.0	 2.0	 0.55	 0.60	 0.6	 0.8	 0.0820	 0.0986
1.0	 2.0	 0.55	 0.60	 0.6	 0.8	 0.0986	 0.1201
1.0	 2.0	 0.55	 0.60	 0.6	 0.8	 0.1201	 0.1615
1.0	 2.0	 0.55	 0.60	 0.6	 0.8	 0.1615	 0.7000
1.0	 2.0	 0.55	 0.60	 0.8	 1.0	 0.0000	 0.0940
1.0	 2.0	 0.55	 0.60	 0.8	 1.0	 0.0940	 0.1683
1.0	 2.0	 0.55	 0.60	 0.8	 1.0	 0.1683	 0.7000
1.0	 2.0	 0.55	 0.60	 1.0	 1.6	 0.0000	 0.7000
1.0	 2.0	 0.60	 0.65	 0.0	 0.2	 0.0000	 0.1824
1.0	 2.0	 0.60	 0.65	 0.0	 0.2	 0.1824	 0.7000
1.0	 2.0	 0.60	 0.65	 0.2	 0.4	 0.0000	 0.1146
1.0	 2.0	 0.60	 0.65	 0.2	 0.4	 0.1146	 0.1396
1.0	 2.0	 0.60	 0.65	 0.2	 0.4	 0.1396	 0.1686
1.0	 2.0	 0.60	 0.65	 0.2	 0.4	 0.1686	 0.2325
1.0	 2.0	 0.60	 0.65	 0.2	 0.4	 0.2325	 0.7000
1.0	 2.0	 0.60	 0.65	 0.4	 0.6	 0.0000	 0.0911
1.0	 2.0	 0.60	 0.65	 0.4	 0.6	 0.0911	 0.1091
1.0	 2.0	 0.60	 0.65	 0.4	 0.6	 0.1091	 0.1279
1.0	 2.0	 0.60	 0.65	 0.4	 0.6	 0.1279	 0.1542
1.0	 2.0	 0.60	 0.65	 0.4	 0.6	 0.1542	 0.7000
1.0	 2.0	 0.60	 0.65	 0.6	 0.8	 0.0000	 0.0858
1.0	 2.0	 0.60	 0.65	 0.6	 0.8	 0.0858	 0.1070
1.0	 2.0	 0.60	 0.65	 0.6	 0.8	 0.1070	 0.1375
1.0	 2.0	 0.60	 0.65	 0.6	 0.8	 0.1375	 0.7000
1.0	 2.0	 0.60	 0.65	 0.8	 1.0	 0.0000	 0.0989
1.0	 2.0	 0.60	 0.65	 0.8	 1.0	 0.0989	 0.7000
1.0	 2.0	 0.60	 0.65	 1.0	 1.6	 0.0000	 0.7000
1.0	 2.0	 0.65	 0.70	 0.0	 0.2	 0.0000	 0.2106
1.0	 2.0	 0.65	 0.70	 0.0	 0.2	 0.2106	 0.7000
1.0	 2.0	 0.65	 0.70	 0.2	 0.4	 0.0000	 0.1268
1.0	 2.0	 0.65	 0.70	 0.2	 0.4	 0.1268	 0.1623
1.0	 2.0	 0.65	 0.70	 0.2	 0.4	 0.1623	 0.7000
1.0	 2.0	 0.65	 0.70	 0.4	 0.6	 0.0000	 0.0997
1.0	 2.0	 0.65	 0.70	 0.4	 0.6	 0.0997	 0.1240
1.0	 2.0	 0.65	 0.70	 0.4	 0.6	 0.1240	 0.1564
1.0	 2.0	 0.65	 0.70	 0.4	 0.6	 0.1564	 0.7000
1.0	 2.0	 0.65	 0.70	 0.6	 0.8	 0.0000	 0.0922
1.0	 2.0	 0.65	 0.70	 0.6	 0.8	 0.0922	 0.1202
1.0	 2.0	 0.65	 0.70	 0.6	 0.8	 0.1202	 0.7000
1.0	 2.0	 0.65	 0.70	 0.8	 1.0	 0.0000	 0.1053
1.0	 2.0	 0.65	 0.70	 0.8	 1.0	 0.1053	 0.7000
1.0	 2.0	 0.65	 0.70	 1.0	 1.6	 0.0000	 0.7000
2.0	 3.0	 0.30	 0.35	 0.0	 0.2	 0.0000	 0.1717
2.0	 3.0	 0.30	 0.35	 0.0	 0.2	 0.1717	 0.1863
2.0	 3.0	 0.30	 0.35	 0.0	 0.2	 0.1863	 0.1976
2.0	 3.0	 0.30	 0.35	 0.0	 0.2	 0.1976	 0.2076
2.0	 3.0	 0.30	 0.35	 0.0	 0.2	 0.2076	 0.2175
2.0	 3.0	 0.30	 0.35	 0.0	 0.2	 0.2175	 0.2271
2.0	 3.0	 0.30	 0.35	 0.0	 0.2	 0.2271	 0.2369
2.0	 3.0	 0.30	 0.35	 0.0	 0.2	 0.2369	 0.2473
2.0	 3.0	 0.30	 0.35	 0.0	 0.2	 0.2473	 0.2590
2.0	 3.0	 0.30	 0.35	 0.0	 0.2	 0.2590	 0.2725
2.0	 3.0	 0.30	 0.35	 0.0	 0.2	 0.2725	 0.2886
2.0	 3.0	 0.30	 0.35	 0.0	 0.2	 0.2886	 0.3093
2.0	 3.0	 0.30	 0.35	 0.0	 0.2	 0.3093	 0.3448
2.0	 3.0	 0.30	 0.35	 0.0	 0.2	 0.3448	 0.7000
2.0	 3.0	 0.30	 0.35	 0.2	 0.4	 0.0000	 0.1481
2.0	 3.0	 0.30	 0.35	 0.2	 0.4	 0.1481	 0.1578
2.0	 3.0	 0.30	 0.35	 0.2	 0.4	 0.1578	 0.1660
2.0	 3.0	 0.30	 0.35	 0.2	 0.4	 0.1660	 0.1737
2.0	 3.0	 0.30	 0.35	 0.2	 0.4	 0.1737	 0.1811
2.0	 3.0	 0.30	 0.35	 0.2	 0.4	 0.1811	 0.1885
2.0	 3.0	 0.30	 0.35	 0.2	 0.4	 0.1885	 0.1962
2.0	 3.0	 0.30	 0.35	 0.2	 0.4	 0.1962	 0.2041
2.0	 3.0	 0.30	 0.35	 0.2	 0.4	 0.2041	 0.2126
2.0	 3.0	 0.30	 0.35	 0.2	 0.4	 0.2126	 0.2213
2.0	 3.0	 0.30	 0.35	 0.2	 0.4	 0.2213	 0.2314
2.0	 3.0	 0.30	 0.35	 0.2	 0.4	 0.2314	 0.2427
2.0	 3.0	 0.30	 0.35	 0.2	 0.4	 0.2427	 0.2561
2.0	 3.0	 0.30	 0.35	 0.2	 0.4	 0.2561	 0.2728
2.0	 3.0	 0.30	 0.35	 0.2	 0.4	 0.2728	 0.2926
2.0	 3.0	 0.30	 0.35	 0.2	 0.4	 0.2926	 0.3173
2.0	 3.0	 0.30	 0.35	 0.2	 0.4	 0.3173	 0.3712
2.0	 3.0	 0.30	 0.35	 0.2	 0.4	 0.3712	 0.7000
2.0	 3.0	 0.30	 0.35	 0.4	 0.6	 0.0000	 0.1531
2.0	 3.0	 0.30	 0.35	 0.4	 0.6	 0.1531	 0.1688
2.0	 3.0	 0.30	 0.35	 0.4	 0.6	 0.1688	 0.1844
2.0	 3.0	 0.30	 0.35	 0.4	 0.6	 0.1844	 0.1998
2.0	 3.0	 0.30	 0.35	 0.4	 0.6	 0.1998	 0.2165
2.0	 3.0	 0.30	 0.35	 0.4	 0.6	 0.2165	 0.2349
2.0	 3.0	 0.30	 0.35	 0.4	 0.6	 0.2349	 0.2577
2.0	 3.0	 0.30	 0.35	 0.4	 0.6	 0.2577	 0.2882
2.0	 3.0	 0.30	 0.35	 0.4	 0.6	 0.2882	 0.3347
2.0	 3.0	 0.30	 0.35	 0.4	 0.6	 0.3347	 0.7000
2.0	 3.0	 0.30	 0.35	 0.6	 0.8	 0.0000	 0.1812
2.0	 3.0	 0.30	 0.35	 0.6	 0.8	 0.1812	 0.2241
2.0	 3.0	 0.30	 0.35	 0.6	 0.8	 0.2241	 0.3106
2.0	 3.0	 0.30	 0.35	 0.6	 0.8	 0.3106	 0.7000
2.0	 3.0	 0.35	 0.40	 0.0	 0.2	 0.0000	 0.1808
2.0	 3.0	 0.35	 0.40	 0.0	 0.2	 0.1808	 0.1982
2.0	 3.0	 0.35	 0.40	 0.0	 0.2	 0.1982	 0.2122
2.0	 3.0	 0.35	 0.40	 0.0	 0.2	 0.2122	 0.2253
2.0	 3.0	 0.35	 0.40	 0.0	 0.2	 0.2253	 0.2383
2.0	 3.0	 0.35	 0.40	 0.0	 0.2	 0.2383	 0.2523
2.0	 3.0	 0.35	 0.40	 0.0	 0.2	 0.2523	 0.2687
2.0	 3.0	 0.35	 0.40	 0.0	 0.2	 0.2687	 0.2895
2.0	 3.0	 0.35	 0.40	 0.0	 0.2	 0.2895	 0.3196
2.0	 3.0	 0.35	 0.40	 0.0	 0.2	 0.3196	 0.7000
2.0	 3.0	 0.35	 0.40	 0.2	 0.4	 0.0000	 0.1536
2.0	 3.0	 0.35	 0.40	 0.2	 0.4	 0.1536	 0.1654
2.0	 3.0	 0.35	 0.40	 0.2	 0.4	 0.1654	 0.1756
2.0	 3.0	 0.35	 0.40	 0.2	 0.4	 0.1756	 0.1851
2.0	 3.0	 0.35	 0.40	 0.2	 0.4	 0.1851	 0.1944
2.0	 3.0	 0.35	 0.40	 0.2	 0.4	 0.1944	 0.2043
2.0	 3.0	 0.35	 0.40	 0.2	 0.4	 0.2043	 0.2147
2.0	 3.0	 0.35	 0.40	 0.2	 0.4	 0.2147	 0.2263
2.0	 3.0	 0.35	 0.40	 0.2	 0.4	 0.2263	 0.2393
2.0	 3.0	 0.35	 0.40	 0.2	 0.4	 0.2393	 0.2551
2.0	 3.0	 0.35	 0.40	 0.2	 0.4	 0.2551	 0.2760
2.0	 3.0	 0.35	 0.40	 0.2	 0.4	 0.2760	 0.3016
2.0	 3.0	 0.35	 0.40	 0.2	 0.4	 0.3016	 0.3382
2.0	 3.0	 0.35	 0.40	 0.2	 0.4	 0.3382	 0.7000
2.0	 3.0	 0.35	 0.40	 0.4	 0.6	 0.0000	 0.1548
2.0	 3.0	 0.35	 0.40	 0.4	 0.6	 0.1548	 0.1727
2.0	 3.0	 0.35	 0.40	 0.4	 0.6	 0.1727	 0.1912
2.0	 3.0	 0.35	 0.40	 0.4	 0.6	 0.1912	 0.2115
2.0	 3.0	 0.35	 0.40	 0.4	 0.6	 0.2115	 0.2347
2.0	 3.0	 0.35	 0.40	 0.4	 0.6	 0.2347	 0.2652
2.0	 3.0	 0.35	 0.40	 0.4	 0.6	 0.2652	 0.3114
2.0	 3.0	 0.35	 0.40	 0.4	 0.6	 0.3114	 0.7000
2.0	 3.0	 0.35	 0.40	 0.6	 0.8	 0.0000	 0.1842
2.0	 3.0	 0.35	 0.40	 0.6	 0.8	 0.1842	 0.2293
2.0	 3.0	 0.35	 0.40	 0.6	 0.8	 0.2293	 0.3086
2.0	 3.0	 0.35	 0.40	 0.6	 0.8	 0.3086	 0.7000
2.0	 3.0	 0.35	 0.40	 0.8	 1.6	 0.0000	 0.7000
2.0	 3.0	 0.40	 0.45	 0.0	 0.2	 0.0000	 0.1912
2.0	 3.0	 0.40	 0.45	 0.0	 0.2	 0.1912	 0.2120
2.0	 3.0	 0.40	 0.45	 0.0	 0.2	 0.2120	 0.2296
2.0	 3.0	 0.40	 0.45	 0.0	 0.2	 0.2296	 0.2475
2.0	 3.0	 0.40	 0.45	 0.0	 0.2	 0.2475	 0.2687
2.0	 3.0	 0.40	 0.45	 0.0	 0.2	 0.2687	 0.2981
2.0	 3.0	 0.40	 0.45	 0.0	 0.2	 0.2981	 0.7000
2.0	 3.0	 0.40	 0.45	 0.2	 0.4	 0.0000	 0.1601
2.0	 3.0	 0.40	 0.45	 0.2	 0.4	 0.1601	 0.1747
2.0	 3.0	 0.40	 0.45	 0.2	 0.4	 0.1747	 0.1873
2.0	 3.0	 0.40	 0.45	 0.2	 0.4	 0.1873	 0.1992
2.0	 3.0	 0.40	 0.45	 0.2	 0.4	 0.1992	 0.2116
2.0	 3.0	 0.40	 0.45	 0.2	 0.4	 0.2116	 0.2254
2.0	 3.0	 0.40	 0.45	 0.2	 0.4	 0.2254	 0.2417
2.0	 3.0	 0.40	 0.45	 0.2	 0.4	 0.2417	 0.2622
2.0	 3.0	 0.40	 0.45	 0.2	 0.4	 0.2622	 0.2894
2.0	 3.0	 0.40	 0.45	 0.2	 0.4	 0.2894	 0.3256
2.0	 3.0	 0.40	 0.45	 0.2	 0.4	 0.3256	 0.7000
2.0	 3.0	 0.40	 0.45	 0.4	 0.6	 0.0000	 0.1591
2.0	 3.0	 0.40	 0.45	 0.4	 0.6	 0.1591	 0.1799
2.0	 3.0	 0.40	 0.45	 0.4	 0.6	 0.1799	 0.2025
2.0	 3.0	 0.40	 0.45	 0.4	 0.6	 0.2025	 0.2279
2.0	 3.0	 0.40	 0.45	 0.4	 0.6	 0.2279	 0.2633
2.0	 3.0	 0.40	 0.45	 0.4	 0.6	 0.2633	 0.3234
2.0	 3.0	 0.40	 0.45	 0.4	 0.6	 0.3234	 0.7000
2.0	 3.0	 0.40	 0.45	 0.6	 0.8	 0.0000	 0.1908
2.0	 3.0	 0.40	 0.45	 0.6	 0.8	 0.1908	 0.2507
2.0	 3.0	 0.40	 0.45	 0.6	 0.8	 0.2507	 0.7000
2.0	 3.0	 0.40	 0.45	 0.8	 1.6	 0.0000	 0.7000
2.0	 3.0	 0.45	 0.50	 0.0	 0.2	 0.0000	 0.2015
2.0	 3.0	 0.45	 0.50	 0.0	 0.2	 0.2015	 0.2269
2.0	 3.0	 0.45	 0.50	 0.0	 0.2	 0.2269	 0.2508
2.0	 3.0	 0.45	 0.50	 0.0	 0.2	 0.2508	 0.2818
2.0	 3.0	 0.45	 0.50	 0.0	 0.2	 0.2818	 0.3769
2.0	 3.0	 0.45	 0.50	 0.0	 0.2	 0.3769	 0.7000
2.0	 3.0	 0.45	 0.50	 0.2	 0.4	 0.0000	 0.1679
2.0	 3.0	 0.45	 0.50	 0.2	 0.4	 0.1679	 0.1860
2.0	 3.0	 0.45	 0.50	 0.2	 0.4	 0.1860	 0.2020
2.0	 3.0	 0.45	 0.50	 0.2	 0.4	 0.2020	 0.2181
2.0	 3.0	 0.45	 0.50	 0.2	 0.4	 0.2181	 0.2366
2.0	 3.0	 0.45	 0.50	 0.2	 0.4	 0.2366	 0.2605
2.0	 3.0	 0.45	 0.50	 0.2	 0.4	 0.2605	 0.2935
2.0	 3.0	 0.45	 0.50	 0.2	 0.4	 0.2935	 0.3466
2.0	 3.0	 0.45	 0.50	 0.2	 0.4	 0.3466	 0.7000
2.0	 3.0	 0.45	 0.50	 0.4	 0.6	 0.0000	 0.1645
2.0	 3.0	 0.45	 0.50	 0.4	 0.6	 0.1645	 0.1894
2.0	 3.0	 0.45	 0.50	 0.4	 0.6	 0.1894	 0.2174
2.0	 3.0	 0.45	 0.50	 0.4	 0.6	 0.2174	 0.2554
2.0	 3.0	 0.45	 0.50	 0.4	 0.6	 0.2554	 0.3273
2.0	 3.0	 0.45	 0.50	 0.4	 0.6	 0.3273	 0.7000
2.0	 3.0	 0.45	 0.50	 0.6	 0.8	 0.0000	 0.1984
2.0	 3.0	 0.45	 0.50	 0.6	 0.8	 0.1984	 0.2904
2.0	 3.0	 0.45	 0.50	 0.6	 0.8	 0.2904	 0.7000
2.0	 3.0	 0.45	 0.50	 0.8	 1.6	 0.0000	 0.7000
2.0	 3.0	 0.50	 0.55	 0.0	 0.2	 0.0000	 0.2131
2.0	 3.0	 0.50	 0.55	 0.0	 0.2	 0.2131	 0.2456
2.0	 3.0	 0.50	 0.55	 0.0	 0.2	 0.2456	 0.2881
2.0	 3.0	 0.50	 0.55	 0.0	 0.2	 0.2881	 0.7000
2.0	 3.0	 0.50	 0.55	 0.2	 0.4	 0.0000	 0.1763
2.0	 3.0	 0.50	 0.55	 0.2	 0.4	 0.1763	 0.1981
2.0	 3.0	 0.50	 0.55	 0.2	 0.4	 0.1981	 0.2190
2.0	 3.0	 0.50	 0.55	 0.2	 0.4	 0.2190	 0.2430
2.0	 3.0	 0.50	 0.55	 0.2	 0.4	 0.2430	 0.2765
2.0	 3.0	 0.50	 0.55	 0.2	 0.4	 0.2765	 0.3275
2.0	 3.0	 0.50	 0.55	 0.2	 0.4	 0.3275	 0.7000
2.0	 3.0	 0.50	 0.55	 0.4	 0.6	 0.0000	 0.1711
2.0	 3.0	 0.50	 0.55	 0.4	 0.6	 0.1711	 0.2006
2.0	 3.0	 0.50	 0.55	 0.4	 0.6	 0.2006	 0.2376
2.0	 3.0	 0.50	 0.55	 0.4	 0.6	 0.2376	 0.3047
2.0	 3.0	 0.50	 0.55	 0.4	 0.6	 0.3047	 0.7000
2.0	 3.0	 0.50	 0.55	 0.6	 0.8	 0.0000	 0.2049
2.0	 3.0	 0.50	 0.55	 0.6	 0.8	 0.2049	 0.7000
2.0	 3.0	 0.50	 0.55	 0.8	 1.6	 0.0000	 0.7000
2.0	 3.0	 0.55	 0.60	 0.0	 0.2	 0.0000	 0.2262
2.0	 3.0	 0.55	 0.60	 0.0	 0.2	 0.2262	 0.2744
2.0	 3.0	 0.55	 0.60	 0.0	 0.2	 0.2744	 0.7000
2.0	 3.0	 0.55	 0.60	 0.2	 0.4	 0.0000	 0.1858
2.0	 3.0	 0.55	 0.60	 0.2	 0.4	 0.1858	 0.2128
2.0	 3.0	 0.55	 0.60	 0.2	 0.4	 0.2128	 0.2422
2.0	 3.0	 0.55	 0.60	 0.2	 0.4	 0.2422	 0.2848
2.0	 3.0	 0.55	 0.60	 0.2	 0.4	 0.2848	 0.7000
2.0	 3.0	 0.55	 0.60	 0.4	 0.6	 0.0000	 0.1787
2.0	 3.0	 0.55	 0.60	 0.4	 0.6	 0.1787	 0.2153
2.0	 3.0	 0.55	 0.60	 0.4	 0.6	 0.2153	 0.2732
2.0	 3.0	 0.55	 0.60	 0.4	 0.6	 0.2732	 0.7000
2.0	 3.0	 0.55	 0.60	 0.6	 0.8	 0.0000	 0.2102
2.0	 3.0	 0.55	 0.60	 0.6	 0.8	 0.2102	 0.7000
2.0	 3.0	 0.55	 0.60	 0.8	 1.6	 0.0000	 0.7000
2.0	 3.0	 0.60	 0.65	 0.0	 0.2	 0.0000	 0.2418
2.0	 3.0	 0.60	 0.65	 0.0	 0.2	 0.2418	 0.7000
2.0	 3.0	 0.60	 0.65	 0.2	 0.4	 0.0000	 0.1971
2.0	 3.0	 0.60	 0.65	 0.2	 0.4	 0.1971	 0.2328
2.0	 3.0	 0.60	 0.65	 0.2	 0.4	 0.2328	 0.2821
2.0	 3.0	 0.60	 0.65	 0.2	 0.4	 0.2821	 0.7000
2.0	 3.0	 0.60	 0.65	 0.4	 0.6	 0.0000	 0.1884
2.0	 3.0	 0.60	 0.65	 0.4	 0.6	 0.1884	 0.2376
2.0	 3.0	 0.60	 0.65	 0.4	 0.6	 0.2376	 0.7000
2.0	 3.0	 0.60	 0.65	 0.6	 0.8	 0.0000	 0.2228
2.0	 3.0	 0.60	 0.65	 0.6	 0.8	 0.2228	 0.7000
2.0	 3.0	 0.60	 0.65	 0.8	 1.6	 0.0000	 0.7000
2.0	 3.0	 0.65	 0.70	 0.0	 0.2	 0.0000	 0.2670
2.0	 3.0	 0.65	 0.70	 0.0	 0.2	 0.2670	 0.7000
2.0	 3.0	 0.65	 0.70	 0.2	 0.4	 0.0000	 0.2100
2.0	 3.0	 0.65	 0.70	 0.2	 0.4	 0.2100	 0.2614
2.0	 3.0	 0.65	 0.70	 0.2	 0.4	 0.2614	 0.7000
2.0	 3.0	 0.65	 0.70	 0.4	 0.6	 0.0000	 0.2011
2.0	 3.0	 0.65	 0.70	 0.4	 0.6	 0.2011	 0.7000
2.0	 3.0	 0.65	 0.70	 0.6	 0.8	 0.0000	 0.2621
2.0	 3.0	 0.65	 0.70	 0.6	 0.8	 0.2621	 0.7000
2.0	 3.0	 0.65	 0.70	 0.8	 1.6	 0.0000	 0.7000
3.0	 4.0	 0.30	 0.35	 0.0	 0.2	 0.0000	 0.2640
3.0	 4.0	 0.30	 0.35	 0.0	 0.2	 0.2640	 0.2813
3.0	 4.0	 0.30	 0.35	 0.0	 0.2	 0.2813	 0.2966
3.0	 4.0	 0.30	 0.35	 0.0	 0.2	 0.2966	 0.3132
3.0	 4.0	 0.30	 0.35	 0.0	 0.2	 0.3132	 0.3321
3.0	 4.0	 0.30	 0.35	 0.0	 0.2	 0.3321	 0.3531
3.0	 4.0	 0.30	 0.35	 0.0	 0.2	 0.3531	 0.3787
3.0	 4.0	 0.30	 0.35	 0.0	 0.2	 0.3787	 0.4177
3.0	 4.0	 0.30	 0.35	 0.0	 0.2	 0.4177	 0.7000
3.0	 4.0	 0.30	 0.35	 0.2	 0.4	 0.0000	 0.2563
3.0	 4.0	 0.30	 0.35	 0.2	 0.4	 0.2563	 0.2737
3.0	 4.0	 0.30	 0.35	 0.2	 0.4	 0.2737	 0.2890
3.0	 4.0	 0.30	 0.35	 0.2	 0.4	 0.2890	 0.3075
3.0	 4.0	 0.30	 0.35	 0.2	 0.4	 0.3075	 0.3305
3.0	 4.0	 0.30	 0.35	 0.2	 0.4	 0.3305	 0.3557
3.0	 4.0	 0.30	 0.35	 0.2	 0.4	 0.3557	 0.3840
3.0	 4.0	 0.30	 0.35	 0.2	 0.4	 0.3840	 0.4217
3.0	 4.0	 0.30	 0.35	 0.2	 0.4	 0.4217	 0.7000
3.0	 4.0	 0.30	 0.35	 0.4	 0.6	 0.0000	 0.2767
3.0	 4.0	 0.30	 0.35	 0.4	 0.6	 0.2767	 0.3113
3.0	 4.0	 0.30	 0.35	 0.4	 0.6	 0.3113	 0.3586
3.0	 4.0	 0.30	 0.35	 0.4	 0.6	 0.3586	 0.4309
3.0	 4.0	 0.30	 0.35	 0.4	 0.6	 0.4309	 0.7000
3.0	 4.0	 0.30	 0.35	 0.6	 0.8	 0.0000	 0.3252
3.0	 4.0	 0.30	 0.35	 0.6	 0.8	 0.3252	 0.7000
3.0	 4.0	 0.35	 0.40	 0.0	 0.2	 0.0000	 0.2720
3.0	 4.0	 0.35	 0.40	 0.0	 0.2	 0.2720	 0.2936
3.0	 4.0	 0.35	 0.40	 0.0	 0.2	 0.2936	 0.3162
3.0	 4.0	 0.35	 0.40	 0.0	 0.2	 0.3162	 0.3419
3.0	 4.0	 0.35	 0.40	 0.0	 0.2	 0.3419	 0.3748
3.0	 4.0	 0.35	 0.40	 0.0	 0.2	 0.3748	 0.4577
3.0	 4.0	 0.35	 0.40	 0.0	 0.2	 0.4577	 0.7000
3.0	 4.0	 0.35	 0.40	 0.2	 0.4	 0.0000	 0.2611
3.0	 4.0	 0.35	 0.40	 0.2	 0.4	 0.2611	 0.2807
3.0	 4.0	 0.35	 0.40	 0.2	 0.4	 0.2807	 0.3009
3.0	 4.0	 0.35	 0.40	 0.2	 0.4	 0.3009	 0.3278
3.0	 4.0	 0.35	 0.40	 0.2	 0.4	 0.3278	 0.3588
3.0	 4.0	 0.35	 0.40	 0.2	 0.4	 0.3588	 0.3942
3.0	 4.0	 0.35	 0.40	 0.2	 0.4	 0.3942	 0.7000
3.0	 4.0	 0.35	 0.40	 0.4	 0.6	 0.0000	 0.2825
3.0	 4.0	 0.35	 0.40	 0.4	 0.6	 0.2825	 0.3287
3.0	 4.0	 0.35	 0.40	 0.4	 0.6	 0.3287	 0.3964
3.0	 4.0	 0.35	 0.40	 0.4	 0.6	 0.3964	 0.7000
3.0	 4.0	 0.35	 0.40	 0.6	 0.8	 0.0000	 0.3461
3.0	 4.0	 0.35	 0.40	 0.6	 0.8	 0.3461	 0.7000
3.0	 4.0	 0.35	 0.40	 0.8	 1.6	 0.0000	 0.7000
3.0	 4.0	 0.40	 0.45	 0.0	 0.2	 0.0000	 0.2819
3.0	 4.0	 0.40	 0.45	 0.0	 0.2	 0.2819	 0.3106
3.0	 4.0	 0.40	 0.45	 0.0	 0.2	 0.3106	 0.3448
3.0	 4.0	 0.40	 0.45	 0.0	 0.2	 0.3448	 0.3976
3.0	 4.0	 0.40	 0.45	 0.0	 0.2	 0.3976	 0.7000
3.0	 4.0	 0.40	 0.45	 0.2	 0.4	 0.0000	 0.2668
3.0	 4.0	 0.40	 0.45	 0.2	 0.4	 0.2668	 0.2905
3.0	 4.0	 0.40	 0.45	 0.2	 0.4	 0.2905	 0.3202
3.0	 4.0	 0.40	 0.45	 0.2	 0.4	 0.3202	 0.3565
3.0	 4.0	 0.40	 0.45	 0.2	 0.4	 0.3565	 0.3986
3.0	 4.0	 0.40	 0.45	 0.2	 0.4	 0.3986	 0.7000
3.0	 4.0	 0.40	 0.45	 0.4	 0.6	 0.0000	 0.2897
3.0	 4.0	 0.40	 0.45	 0.4	 0.6	 0.2897	 0.3533
3.0	 4.0	 0.40	 0.45	 0.4	 0.6	 0.3533	 0.7000
3.0	 4.0	 0.40	 0.45	 0.6	 0.8	 0.0000	 0.3884
3.0	 4.0	 0.40	 0.45	 0.6	 0.8	 0.3884	 0.7000
3.0	 4.0	 0.40	 0.45	 0.8	 1.6	 0.0000	 0.7000
3.0	 4.0	 0.45	 0.50	 0.0	 0.2	 0.0000	 0.2930
3.0	 4.0	 0.45	 0.50	 0.0	 0.2	 0.2930	 0.3353
3.0	 4.0	 0.45	 0.50	 0.0	 0.2	 0.3353	 0.4140
3.0	 4.0	 0.45	 0.50	 0.0	 0.2	 0.4140	 0.7000
3.0	 4.0	 0.45	 0.50	 0.2	 0.4	 0.0000	 0.2742
3.0	 4.0	 0.45	 0.50	 0.2	 0.4	 0.2742	 0.3054
3.0	 4.0	 0.45	 0.50	 0.2	 0.4	 0.3054	 0.3476
3.0	 4.0	 0.45	 0.50	 0.2	 0.4	 0.3476	 0.3990
3.0	 4.0	 0.45	 0.50	 0.2	 0.4	 0.3990	 0.7000
3.0	 4.0	 0.45	 0.50	 0.4	 0.6	 0.0000	 0.2995
3.0	 4.0	 0.45	 0.50	 0.4	 0.6	 0.2995	 0.3863
3.0	 4.0	 0.45	 0.50	 0.4	 0.6	 0.3863	 0.7000
3.0	 4.0	 0.45	 0.50	 0.6	 1.0	 0.0000	 0.3601
3.0	 4.0	 0.45	 0.50	 0.6	 1.0	 0.3601	 0.7000
3.0	 4.0	 0.50	 0.55	 0.0	 0.2	 0.0000	 0.3079
3.0	 4.0	 0.50	 0.55	 0.0	 0.2	 0.3079	 0.3832
3.0	 4.0	 0.50	 0.55	 0.0	 0.2	 0.3832	 0.7000
3.0	 4.0	 0.50	 0.55	 0.2	 0.4	 0.0000	 0.2831
3.0	 4.0	 0.50	 0.55	 0.2	 0.4	 0.2831	 0.3281
3.0	 4.0	 0.50	 0.55	 0.2	 0.4	 0.3281	 0.3873
3.0	 4.0	 0.50	 0.55	 0.2	 0.4	 0.3873	 0.7000
3.0	 4.0	 0.50	 0.55	 0.4	 0.6	 0.0000	 0.3106
3.0	 4.0	 0.50	 0.55	 0.4	 0.6	 0.3106	 0.7000
3.0	 4.0	 0.50	 0.55	 0.6	 1.6	 0.0000	 0.7000
3.0	 4.0	 0.55	 0.60	 0.0	 0.2	 0.0000	 0.3309
3.0	 4.0	 0.55	 0.60	 0.0	 0.2	 0.3309	 0.7000
3.0	 4.0	 0.55	 0.60	 0.2	 0.4	 0.0000	 0.2945
3.0	 4.0	 0.55	 0.60	 0.2	 0.4	 0.2945	 0.3587
3.0	 4.0	 0.55	 0.60	 0.2	 0.4	 0.3587	 0.7000
3.0	 4.0	 0.55	 0.60	 0.4	 0.6	 0.0000	 0.3258
3.0	 4.0	 0.55	 0.60	 0.4	 0.6	 0.3258	 0.7000
3.0	 4.0	 0.55	 0.60	 0.6	 1.6	 0.0000	 0.7000
3.0	 4.0	 0.60	 0.65	 0.0	 0.2	 0.0000	 0.3690
3.0	 4.0	 0.60	 0.65	 0.0	 0.2	 0.3690	 0.7000
3.0	 4.0	 0.60	 0.65	 0.2	 0.4	 0.0000	 0.3114
3.0	 4.0	 0.60	 0.65	 0.2	 0.4	 0.3114	 0.7000
3.0	 4.0	 0.60	 0.65	 0.4	 0.6	 0.0000	 0.3546
3.0	 4.0	 0.60	 0.65	 0.4	 0.6	 0.3546	 0.7000
3.0	 4.0	 0.60	 0.65	 0.6	 1.6	 0.0000	 0.7000
3.0	 4.0	 0.65	 0.70	 0.0	 0.4	 0.0000	 0.3025
3.0	 4.0	 0.65	 0.70	 0.0	 0.4	 0.3025	 0.3831
3.0	 4.0	 0.65	 0.70	 0.0	 0.4	 0.3831	 0.7000
3.0	 4.0	 0.65	 0.70	 0.4	 0.8	 0.0000	 0.3465
3.0	 4.0	 0.65	 0.70	 0.4	 0.8	 0.3465	 0.7000
4.0	 5.0	 0.30	 0.35	 0.0	 0.2	 0.0000	 0.3292
4.0	 5.0	 0.30	 0.35	 0.0	 0.2	 0.3292	 0.3539
4.0	 5.0	 0.30	 0.35	 0.0	 0.2	 0.3539	 0.3823
4.0	 5.0	 0.30	 0.35	 0.0	 0.2	 0.3823	 0.4262
4.0	 5.0	 0.30	 0.35	 0.0	 0.2	 0.4262	 0.7000
4.0	 5.0	 0.30	 0.35	 0.2	 0.4	 0.0000	 0.3211
4.0	 5.0	 0.30	 0.35	 0.2	 0.4	 0.3211	 0.3439
4.0	 5.0	 0.30	 0.35	 0.2	 0.4	 0.3439	 0.3699
4.0	 5.0	 0.30	 0.35	 0.2	 0.4	 0.3699	 0.4147
4.0	 5.0	 0.30	 0.35	 0.2	 0.4	 0.4147	 0.7000
4.0	 5.0	 0.30	 0.35	 0.4	 0.6	 0.0000	 0.3495
4.0	 5.0	 0.30	 0.35	 0.4	 0.6	 0.3495	 0.4386
4.0	 5.0	 0.30	 0.35	 0.4	 0.6	 0.4386	 0.7000
4.0	 5.0	 0.30	 0.35	 0.6	 1.0	 0.0000	 0.4691
4.0	 5.0	 0.30	 0.35	 0.6	 1.0	 0.4691	 0.7000
4.0	 5.0	 0.35	 0.40	 0.0	 0.2	 0.0000	 0.3400
4.0	 5.0	 0.35	 0.40	 0.0	 0.2	 0.3400	 0.3763
4.0	 5.0	 0.35	 0.40	 0.0	 0.2	 0.3763	 0.4375
4.0	 5.0	 0.35	 0.40	 0.0	 0.2	 0.4375	 0.7000
4.0	 5.0	 0.35	 0.40	 0.2	 0.4	 0.0000	 0.3264
4.0	 5.0	 0.35	 0.40	 0.2	 0.4	 0.3264	 0.3548
4.0	 5.0	 0.35	 0.40	 0.2	 0.4	 0.3548	 0.3978
4.0	 5.0	 0.35	 0.40	 0.2	 0.4	 0.3978	 0.4853
4.0	 5.0	 0.35	 0.40	 0.2	 0.4	 0.4853	 0.7000
4.0	 5.0	 0.35	 0.40	 0.4	 0.6	 0.0000	 0.3605
4.0	 5.0	 0.35	 0.40	 0.4	 0.6	 0.3605	 0.7000
4.0	 5.0	 0.35	 0.40	 0.6	 1.6	 0.0000	 0.7000
4.0	 5.0	 0.40	 0.45	 0.0	 0.2	 0.0000	 0.3547
4.0	 5.0	 0.40	 0.45	 0.0	 0.2	 0.3547	 0.4217
4.0	 5.0	 0.40	 0.45	 0.0	 0.2	 0.4217	 0.7000
4.0	 5.0	 0.40	 0.45	 0.2	 0.4	 0.0000	 0.3345
4.0	 5.0	 0.40	 0.45	 0.2	 0.4	 0.3345	 0.3733
4.0	 5.0	 0.40	 0.45	 0.2	 0.4	 0.3733	 0.4547
4.0	 5.0	 0.40	 0.45	 0.2	 0.4	 0.4547	 0.7000
4.0	 5.0	 0.40	 0.45	 0.4	 0.6	 0.0000	 0.3760
4.0	 5.0	 0.40	 0.45	 0.4	 0.6	 0.3760	 0.7000
4.0	 5.0	 0.40	 0.45	 0.6	 1.6	 0.0000	 0.7000
4.0	 5.0	 0.45	 0.50	 0.0	 0.2	 0.0000	 0.3765
4.0	 5.0	 0.45	 0.50	 0.0	 0.2	 0.3765	 0.7000
4.0	 5.0	 0.45	 0.50	 0.2	 0.4	 0.0000	 0.3442
4.0	 5.0	 0.45	 0.50	 0.2	 0.4	 0.3442	 0.4081
4.0	 5.0	 0.45	 0.50	 0.2	 0.4	 0.4081	 0.7000
4.0	 5.0	 0.45	 0.50	 0.4	 0.6	 0.0000	 0.3998
4.0	 5.0	 0.45	 0.50	 0.4	 0.6	 0.3998	 0.7000
4.0	 5.0	 0.45	 0.50	 0.6	 1.6	 0.0000	 0.7000
4.0	 5.0	 0.50	 0.55	 0.0	 0.2	 0.0000	 0.4166
4.0	 5.0	 0.50	 0.55	 0.0	 0.2	 0.4166	 0.7000
4.0	 5.0	 0.50	 0.55	 0.2	 0.4	 0.0000	 0.3576
4.0	 5.0	 0.50	 0.55	 0.2	 0.4	 0.3576	 0.4855
4.0	 5.0	 0.50	 0.55	 0.2	 0.4	 0.4855	 0.7000
4.0	 5.0	 0.50	 0.55	 0.4	 0.6	 0.0000	 0.4378
4.0	 5.0	 0.50	 0.55	 0.4	 0.6	 0.4378	 0.7000
4.0	 5.0	 0.50	 0.55	 0.6	 1.6	 0.0000	 0.7000
4.0	 5.0	 0.55	 0.60	 0.0	 0.4	 0.0000	 0.3517
4.0	 5.0	 0.55	 0.60	 0.0	 0.4	 0.3517	 0.4203
4.0	 5.0	 0.55	 0.60	 0.0	 0.4	 0.4203	 0.7000
4.0	 5.0	 0.55	 0.60	 0.4	 0.8	 0.0000	 0.3894
4.0	 5.0	 0.55	 0.60	 0.4	 0.8	 0.3894	 0.7000
4.0	 5.0	 0.60	 0.65	 0.0	 0.4	 0.0000	 0.3687
4.0	 5.0	 0.60	 0.65	 0.0	 0.4	 0.3687	 0.7000
4.0	 5.0	 0.60	 0.65	 0.4	 1.0	 0.0000	 0.4068
4.0	 5.0	 0.60	 0.65	 0.4	 1.0	 0.4068	 0.7000
4.0	 5.0	 0.65	 0.70	 0.0	 0.4	 0.0000	 0.4002
4.0	 5.0	 0.65	 0.70	 0.0	 0.4	 0.4002	 0.7000
4.0	 5.0	 0.65	 0.70	 0.4	 1.6	 0.0000	 0.7000
5.0	 6.0	 0.30	 0.35	 0.0	 0.2	 0.0000	 0.4095
5.0	 6.0	 0.30	 0.35	 0.0	 0.2	 0.4095	 0.4386
5.0	 6.0	 0.30	 0.35	 0.0	 0.2	 0.4386	 0.4750
5.0	 6.0	 0.30	 0.35	 0.0	 0.2	 0.4750	 0.7000
5.0	 6.0	 0.30	 0.35	 0.2	 0.4	 0.0000	 0.4081
5.0	 6.0	 0.30	 0.35	 0.2	 0.4	 0.4081	 0.4416
5.0	 6.0	 0.30	 0.35	 0.2	 0.4	 0.4416	 0.4902
5.0	 6.0	 0.30	 0.35	 0.2	 0.4	 0.4902	 0.7000
5.0	 6.0	 0.30	 0.35	 0.4	 0.6	 0.0000	 0.4470
5.0	 6.0	 0.30	 0.35	 0.4	 0.6	 0.4470	 0.7000
5.0	 6.0	 0.30	 0.35	 0.6	 1.6	 0.0000	 0.7000
5.0	 6.0	 0.35	 0.40	 0.0	 0.2	 0.0000	 0.4211
5.0	 6.0	 0.35	 0.40	 0.0	 0.2	 0.4211	 0.4645
5.0	 6.0	 0.35	 0.40	 0.0	 0.2	 0.4645	 0.7000
5.0	 6.0	 0.35	 0.40	 0.2	 0.4	 0.0000	 0.4154
5.0	 6.0	 0.35	 0.40	 0.2	 0.4	 0.4154	 0.4599
5.0	 6.0	 0.35	 0.40	 0.2	 0.4	 0.4599	 0.5591
5.0	 6.0	 0.35	 0.40	 0.2	 0.4	 0.5591	 0.7000
5.0	 6.0	 0.35	 0.40	 0.4	 0.6	 0.0000	 0.4665
5.0	 6.0	 0.35	 0.40	 0.4	 0.6	 0.4665	 0.7000
5.0	 6.0	 0.35	 0.40	 0.6	 1.6	 0.0000	 0.7000
5.0	 6.0	 0.40	 0.45	 0.0	 0.2	 0.0000	 0.4369
5.0	 6.0	 0.40	 0.45	 0.0	 0.2	 0.4369	 0.5523
5.0	 6.0	 0.40	 0.45	 0.0	 0.2	 0.5523	 0.7000
5.0	 6.0	 0.40	 0.45	 0.2	 0.4	 0.0000	 0.4250
5.0	 6.0	 0.40	 0.45	 0.2	 0.4	 0.4250	 0.4900
5.0	 6.0	 0.40	 0.45	 0.2	 0.4	 0.4900	 0.7000
5.0	 6.0	 0.40	 0.45	 0.4	 0.6	 0.0000	 0.4975
5.0	 6.0	 0.40	 0.45	 0.4	 0.6	 0.4975	 0.7000
5.0	 6.0	 0.40	 0.45	 0.6	 1.6	 0.0000	 0.7000
5.0	 6.0	 0.45	 0.50	 0.0	 0.2	 0.0000	 0.4612
5.0	 6.0	 0.45	 0.50	 0.0	 0.2	 0.4612	 0.7000
5.0	 6.0	 0.45	 0.50	 0.2	 0.4	 0.0000	 0.4366
5.0	 6.0	 0.45	 0.50	 0.2	 0.4	 0.4366	 0.7000
5.0	 6.0	 0.45	 0.50	 0.4	 0.8	 0.0000	 0.4678
5.0	 6.0	 0.45	 0.50	 0.4	 0.8	 0.4678	 0.7000
5.0	 6.0	 0.50	 0.55	 0.0	 0.2	 0.0000	 0.5322
5.0	 6.0	 0.50	 0.55	 0.0	 0.2	 0.5322	 0.7000
5.0	 6.0	 0.50	 0.55	 0.2	 0.4	 0.0000	 0.4552
5.0	 6.0	 0.50	 0.55	 0.2	 0.4	 0.4552	 0.7000
5.0	 6.0	 0.50	 0.55	 0.4	 0.8	 0.0000	 0.4988
5.0	 6.0	 0.50	 0.55	 0.4	 0.8	 0.4988	 0.7000
5.0	 6.0	 0.55	 0.60	 0.0	 0.4	 0.0000	 0.4374
5.0	 6.0	 0.55	 0.60	 0.0	 0.4	 0.4374	 0.7000
5.0	 6.0	 0.55	 0.60	 0.4	 1.6	 0.0000	 0.7000
5.0	 6.0	 0.60	 0.65	 0.0	 0.4	 0.0000	 0.4600
5.0	 6.0	 0.60	 0.65	 0.0	 0.4	 0.4600	 0.7000
5.0	 6.0	 0.60	 0.65	 0.4	 1.6	 0.0000	 0.7000
5.0	 6.0	 0.65	 0.70	 0.0	 0.6	 0.0000	 0.4584
5.0	 6.0	 0.65	 0.70	 0.0	 0.6	 0.4584	 0.7000
6.0	 8.0	 0.30	 0.35	 0.0	 0.2	 0.0000	 0.5203
6.0	 8.0	 0.30	 0.35	 0.0	 0.2	 0.5203	 0.7000
6.0	 8.0	 0.30	 0.35	 0.2	 0.4	 0.0000	 0.5313
6.0	 8.0	 0.30	 0.35	 0.2	 0.4	 0.5313	 0.7000
6.0	 8.0	 0.30	 0.35	 0.4	 0.8	 0.0000	 0.5996
6.0	 8.0	 0.30	 0.35	 0.4	 0.8	 0.5996	 0.7000
6.0	 8.0	 0.35	 0.40	 0.0	 0.2	 0.0000	 0.5492
6.0	 8.0	 0.35	 0.40	 0.0	 0.2	 0.5492	 0.7000
6.0	 8.0	 0.35	 0.40	 0.2	 0.4	 0.0000	 0.5507
6.0	 8.0	 0.35	 0.40	 0.2	 0.4	 0.5507	 0.7000
6.0	 8.0	 0.35	 0.40	 0.4	 1.6	 0.0000	 0.7000
6.0	 8.0	 0.40	 0.45	 0.0	 0.4	 0.0000	 0.5135
6.0	 8.0	 0.40	 0.45	 0.0	 0.4	 0.5135	 0.5955
6.0	 8.0	 0.40	 0.45	 0.0	 0.4	 0.5955	 0.7000
6.0	 8.0	 0.40	 0.45	 0.4	 1.6	 0.0000	 0.7000
6.0	 8.0	 0.45	 0.50	 0.0	 0.4	 0.0000	 0.5343
6.0	 8.0	 0.45	 0.50	 0.0	 0.4	 0.5343	 0.7000
6.0	 8.0	 0.45	 0.50	 0.4	 1.6	 0.0000	 0.7000
6.0	 8.0	 0.50	 0.55	 0.0	 0.4	 0.0000	 0.5661
6.0	 8.0	 0.50	 0.55	 0.0	 0.4	 0.5661	 0.7000
6.0	 8.0	 0.50	 0.55	 0.4	 1.6	 0.0000	 0.7000
6.0	 8.0	 0.55	 0.60	 0.0	 0.6	 0.0000	 0.5706
6.0	 8.0	 0.55	 0.60	 0.0	 0.6	 0.5706	 0.7000
6.0	 8.0	 0.60	 0.65	 0.0	 1.6	 0.0000	 0.7000
6.0	 8.0	 0.65	 0.70	 0.0	 1.6	 0.0000	 0.7000
