Q2l	 Q2u	 zl	 zu	 Ptl	 Ptu	 xl	 xu
1.0	 2.0	 0.30	 0.35	 0.0	 0.2	 0.0000	 0.1336
1.0	 2.0	 0.30	 0.35	 0.0	 0.2	 0.1336	 0.1478
1.0	 2.0	 0.30	 0.35	 0.0	 0.2	 0.1478	 0.1604
1.0	 2.0	 0.30	 0.35	 0.0	 0.2	 0.1604	 0.1726
1.0	 2.0	 0.30	 0.35	 0.0	 0.2	 0.1726	 0.1860
1.0	 2.0	 0.30	 0.35	 0.0	 0.2	 0.1860	 0.2031
1.0	 2.0	 0.30	 0.35	 0.0	 0.2	 0.2031	 0.2269
1.0	 2.0	 0.30	 0.35	 0.0	 0.2	 0.2269	 0.2720
1.0	 2.0	 0.30	 0.35	 0.0	 0.2	 0.2720	 0.7000
1.0	 2.0	 0.30	 0.35	 0.2	 0.4	 0.0000	 0.0696
1.0	 2.0	 0.30	 0.35	 0.2	 0.4	 0.0696	 0.0764
1.0	 2.0	 0.30	 0.35	 0.2	 0.4	 0.0764	 0.0828
1.0	 2.0	 0.30	 0.35	 0.2	 0.4	 0.0828	 0.0901
1.0	 2.0	 0.30	 0.35	 0.2	 0.4	 0.0901	 0.1057
1.0	 2.0	 0.30	 0.35	 0.2	 0.4	 0.1057	 0.1480
1.0	 2.0	 0.30	 0.35	 0.2	 0.4	 0.1480	 0.2112
1.0	 2.0	 0.30	 0.35	 0.2	 0.4	 0.2112	 0.7000
1.0	 2.0	 0.30	 0.35	 0.4	 0.6	 0.0000	 0.0667
1.0	 2.0	 0.30	 0.35	 0.4	 0.6	 0.0667	 0.0741
1.0	 2.0	 0.30	 0.35	 0.4	 0.6	 0.0741	 0.0829
1.0	 2.0	 0.30	 0.35	 0.4	 0.6	 0.0829	 0.1101
1.0	 2.0	 0.30	 0.35	 0.4	 0.6	 0.1101	 0.7000
1.0	 2.0	 0.35	 0.40	 0.0	 0.2	 0.0000	 0.1303
1.0	 2.0	 0.35	 0.40	 0.0	 0.2	 0.1303	 0.1449
1.0	 2.0	 0.35	 0.40	 0.0	 0.2	 0.1449	 0.1582
1.0	 2.0	 0.35	 0.40	 0.0	 0.2	 0.1582	 0.1725
1.0	 2.0	 0.35	 0.40	 0.0	 0.2	 0.1725	 0.1886
1.0	 2.0	 0.35	 0.40	 0.0	 0.2	 0.1886	 0.2105
1.0	 2.0	 0.35	 0.40	 0.0	 0.2	 0.2105	 0.2480
1.0	 2.0	 0.35	 0.40	 0.0	 0.2	 0.2480	 0.7000
1.0	 2.0	 0.35	 0.40	 0.2	 0.4	 0.0000	 0.0758
1.0	 2.0	 0.35	 0.40	 0.2	 0.4	 0.0758	 0.0857
1.0	 2.0	 0.35	 0.40	 0.2	 0.4	 0.0857	 0.1001
1.0	 2.0	 0.35	 0.40	 0.2	 0.4	 0.1001	 0.1223
1.0	 2.0	 0.35	 0.40	 0.2	 0.4	 0.1223	 0.1401
1.0	 2.0	 0.35	 0.40	 0.2	 0.4	 0.1401	 0.1583
1.0	 2.0	 0.35	 0.40	 0.2	 0.4	 0.1583	 0.1858
1.0	 2.0	 0.35	 0.40	 0.2	 0.4	 0.1858	 0.2576
1.0	 2.0	 0.35	 0.40	 0.2	 0.4	 0.2576	 0.7000
1.0	 2.0	 0.35	 0.40	 0.4	 0.6	 0.0000	 0.0669
1.0	 2.0	 0.35	 0.40	 0.4	 0.6	 0.0669	 0.0728
1.0	 2.0	 0.35	 0.40	 0.4	 0.6	 0.0728	 0.0780
1.0	 2.0	 0.35	 0.40	 0.4	 0.6	 0.0780	 0.0841
1.0	 2.0	 0.35	 0.40	 0.4	 0.6	 0.0841	 0.0925
1.0	 2.0	 0.35	 0.40	 0.4	 0.6	 0.0925	 0.1101
1.0	 2.0	 0.35	 0.40	 0.4	 0.6	 0.1101	 0.7000
1.0	 2.0	 0.35	 0.40	 0.6	 1.6	 0.0000	 0.7000
1.0	 2.0	 0.40	 0.45	 0.0	 0.2	 0.0000	 0.1320
1.0	 2.0	 0.40	 0.45	 0.0	 0.2	 0.1320	 0.1513
1.0	 2.0	 0.40	 0.45	 0.0	 0.2	 0.1513	 0.1696
1.0	 2.0	 0.40	 0.45	 0.0	 0.2	 0.1696	 0.1904
1.0	 2.0	 0.40	 0.45	 0.0	 0.2	 0.1904	 0.2216
1.0	 2.0	 0.40	 0.45	 0.0	 0.2	 0.2216	 0.7000
1.0	 2.0	 0.40	 0.45	 0.2	 0.4	 0.0000	 0.0885
1.0	 2.0	 0.40	 0.45	 0.2	 0.4	 0.0885	 0.1115
1.0	 2.0	 0.40	 0.45	 0.2	 0.4	 0.1115	 0.1269
1.0	 2.0	 0.40	 0.45	 0.2	 0.4	 0.1269	 0.1398
1.0	 2.0	 0.40	 0.45	 0.2	 0.4	 0.1398	 0.1530
1.0	 2.0	 0.40	 0.45	 0.2	 0.4	 0.1530	 0.1703
1.0	 2.0	 0.40	 0.45	 0.2	 0.4	 0.1703	 0.2001
1.0	 2.0	 0.40	 0.45	 0.2	 0.4	 0.2001	 0.2741
1.0	 2.0	 0.40	 0.45	 0.2	 0.4	 0.2741	 0.7000
1.0	 2.0	 0.40	 0.45	 0.4	 0.6	 0.0000	 0.0699
1.0	 2.0	 0.40	 0.45	 0.4	 0.6	 0.0699	 0.0766
1.0	 2.0	 0.40	 0.45	 0.4	 0.6	 0.0766	 0.0827
1.0	 2.0	 0.40	 0.45	 0.4	 0.6	 0.0827	 0.0895
1.0	 2.0	 0.40	 0.45	 0.4	 0.6	 0.0895	 0.0983
1.0	 2.0	 0.40	 0.45	 0.4	 0.6	 0.0983	 0.1184
1.0	 2.0	 0.40	 0.45	 0.4	 0.6	 0.1184	 0.7000
1.0	 2.0	 0.40	 0.45	 0.6	 0.8	 0.0000	 0.0796
1.0	 2.0	 0.40	 0.45	 0.6	 0.8	 0.0796	 0.7000
1.0	 2.0	 0.45	 0.50	 0.0	 0.2	 0.0000	 0.1395
1.0	 2.0	 0.45	 0.50	 0.0	 0.2	 0.1395	 0.1653
1.0	 2.0	 0.45	 0.50	 0.0	 0.2	 0.1653	 0.1936
1.0	 2.0	 0.45	 0.50	 0.0	 0.2	 0.1936	 0.2448
1.0	 2.0	 0.45	 0.50	 0.0	 0.2	 0.2448	 0.7000
1.0	 2.0	 0.45	 0.50	 0.2	 0.4	 0.0000	 0.1044
1.0	 2.0	 0.45	 0.50	 0.2	 0.4	 0.1044	 0.1213
1.0	 2.0	 0.45	 0.50	 0.2	 0.4	 0.1213	 0.1342
1.0	 2.0	 0.45	 0.50	 0.2	 0.4	 0.1342	 0.1469
1.0	 2.0	 0.45	 0.50	 0.2	 0.4	 0.1469	 0.1619
1.0	 2.0	 0.45	 0.50	 0.2	 0.4	 0.1619	 0.1844
1.0	 2.0	 0.45	 0.50	 0.2	 0.4	 0.1844	 0.2313
1.0	 2.0	 0.45	 0.50	 0.2	 0.4	 0.2313	 0.7000
1.0	 2.0	 0.45	 0.50	 0.4	 0.6	 0.0000	 0.0743
1.0	 2.0	 0.45	 0.50	 0.4	 0.6	 0.0743	 0.0826
1.0	 2.0	 0.45	 0.50	 0.4	 0.6	 0.0826	 0.0911
1.0	 2.0	 0.45	 0.50	 0.4	 0.6	 0.0911	 0.1036
1.0	 2.0	 0.45	 0.50	 0.4	 0.6	 0.1036	 0.1427
1.0	 2.0	 0.45	 0.50	 0.4	 0.6	 0.1427	 0.7000
1.0	 2.0	 0.45	 0.50	 0.6	 0.8	 0.0000	 0.0749
1.0	 2.0	 0.45	 0.50	 0.6	 0.8	 0.0749	 0.0944
1.0	 2.0	 0.45	 0.50	 0.6	 0.8	 0.0944	 0.7000
1.0	 2.0	 0.50	 0.55	 0.0	 0.2	 0.0000	 0.1509
1.0	 2.0	 0.50	 0.55	 0.0	 0.2	 0.1509	 0.1865
1.0	 2.0	 0.50	 0.55	 0.0	 0.2	 0.1865	 0.2538
1.0	 2.0	 0.50	 0.55	 0.0	 0.2	 0.2538	 0.7000
1.0	 2.0	 0.50	 0.55	 0.2	 0.4	 0.0000	 0.1112
1.0	 2.0	 0.50	 0.55	 0.2	 0.4	 0.1112	 0.1276
1.0	 2.0	 0.50	 0.55	 0.2	 0.4	 0.1276	 0.1418
1.0	 2.0	 0.50	 0.55	 0.2	 0.4	 0.1418	 0.1588
1.0	 2.0	 0.50	 0.55	 0.2	 0.4	 0.1588	 0.1830
1.0	 2.0	 0.50	 0.55	 0.2	 0.4	 0.1830	 0.2364
1.0	 2.0	 0.50	 0.55	 0.2	 0.4	 0.2364	 0.7000
1.0	 2.0	 0.50	 0.55	 0.4	 0.6	 0.0000	 0.0793
1.0	 2.0	 0.50	 0.55	 0.4	 0.6	 0.0793	 0.0913
1.0	 2.0	 0.50	 0.55	 0.4	 0.6	 0.0913	 0.1086
1.0	 2.0	 0.50	 0.55	 0.4	 0.6	 0.1086	 0.1561
1.0	 2.0	 0.50	 0.55	 0.4	 0.6	 0.1561	 0.7000
1.0	 2.0	 0.50	 0.55	 0.6	 0.8	 0.0000	 0.0777
1.0	 2.0	 0.50	 0.55	 0.6	 0.8	 0.0777	 0.0952
1.0	 2.0	 0.50	 0.55	 0.6	 0.8	 0.0952	 0.7000
1.0	 2.0	 0.50	 0.55	 0.8	 1.6	 0.0000	 0.7000
1.0	 2.0	 0.55	 0.60	 0.0	 0.2	 0.0000	 0.1645
1.0	 2.0	 0.55	 0.60	 0.0	 0.2	 0.1645	 0.2222
1.0	 2.0	 0.55	 0.60	 0.0	 0.2	 0.2222	 0.7000
1.0	 2.0	 0.55	 0.60	 0.2	 0.4	 0.0000	 0.1156
1.0	 2.0	 0.55	 0.60	 0.2	 0.4	 0.1156	 0.1346
1.0	 2.0	 0.55	 0.60	 0.2	 0.4	 0.1346	 0.1543
1.0	 2.0	 0.55	 0.60	 0.2	 0.4	 0.1543	 0.1827
1.0	 2.0	 0.55	 0.60	 0.2	 0.4	 0.1827	 0.2564
1.0	 2.0	 0.55	 0.60	 0.2	 0.4	 0.2564	 0.7000
1.0	 2.0	 0.55	 0.60	 0.4	 0.6	 0.0000	 0.0857
1.0	 2.0	 0.55	 0.60	 0.4	 0.6	 0.0857	 0.1065
1.0	 2.0	 0.55	 0.60	 0.4	 0.6	 0.1065	 0.1421
1.0	 2.0	 0.55	 0.60	 0.4	 0.6	 0.1421	 0.7000
1.0	 2.0	 0.55	 0.60	 0.6	 0.8	 0.0000	 0.0820
1.0	 2.0	 0.55	 0.60	 0.6	 0.8	 0.0820	 0.1031
1.0	 2.0	 0.55	 0.60	 0.6	 0.8	 0.1031	 0.7000
1.0	 2.0	 0.55	 0.60	 0.8	 1.6	 0.0000	 0.7000
1.0	 2.0	 0.60	 0.65	 0.0	 0.2	 0.0000	 0.1830
1.0	 2.0	 0.60	 0.65	 0.0	 0.2	 0.1830	 0.7000
1.0	 2.0	 0.60	 0.65	 0.2	 0.4	 0.0000	 0.1211
1.0	 2.0	 0.60	 0.65	 0.2	 0.4	 0.1211	 0.1455
1.0	 2.0	 0.60	 0.65	 0.2	 0.4	 0.1455	 0.1779
1.0	 2.0	 0.60	 0.65	 0.2	 0.4	 0.1779	 0.7000
1.0	 2.0	 0.60	 0.65	 0.4	 0.6	 0.0000	 0.0971
1.0	 2.0	 0.60	 0.65	 0.4	 0.6	 0.0971	 0.1302
1.0	 2.0	 0.60	 0.65	 0.4	 0.6	 0.1302	 0.1837
1.0	 2.0	 0.60	 0.65	 0.4	 0.6	 0.1837	 0.7000
1.0	 2.0	 0.60	 0.65	 0.6	 0.8	 0.0000	 0.0858
1.0	 2.0	 0.60	 0.65	 0.6	 0.8	 0.0858	 0.1197
1.0	 2.0	 0.60	 0.65	 0.6	 0.8	 0.1197	 0.7000
1.0	 2.0	 0.60	 0.65	 0.8	 1.6	 0.0000	 0.1128
1.0	 2.0	 0.60	 0.65	 0.8	 1.6	 0.1128	 0.7000
1.0	 2.0	 0.65	 0.70	 0.0	 0.2	 0.0000	 0.2111
1.0	 2.0	 0.65	 0.70	 0.0	 0.2	 0.2111	 0.7000
1.0	 2.0	 0.65	 0.70	 0.2	 0.4	 0.0000	 0.1296
1.0	 2.0	 0.65	 0.70	 0.2	 0.4	 0.1296	 0.1658
1.0	 2.0	 0.65	 0.70	 0.2	 0.4	 0.1658	 0.7000
1.0	 2.0	 0.65	 0.70	 0.4	 0.6	 0.0000	 0.1119
1.0	 2.0	 0.65	 0.70	 0.4	 0.6	 0.1119	 0.1489
1.0	 2.0	 0.65	 0.70	 0.4	 0.6	 0.1489	 0.7000
1.0	 2.0	 0.65	 0.70	 0.6	 0.8	 0.0000	 0.0928
1.0	 2.0	 0.65	 0.70	 0.6	 0.8	 0.0928	 0.7000
1.0	 2.0	 0.65	 0.70	 0.8	 1.6	 0.0000	 0.0976
1.0	 2.0	 0.65	 0.70	 0.8	 1.6	 0.0976	 0.7000
2.0	 3.0	 0.30	 0.35	 0.0	 0.2	 0.0000	 0.1717
2.0	 3.0	 0.30	 0.35	 0.0	 0.2	 0.1717	 0.1863
2.0	 3.0	 0.30	 0.35	 0.0	 0.2	 0.1863	 0.1976
2.0	 3.0	 0.30	 0.35	 0.0	 0.2	 0.1976	 0.2076
2.0	 3.0	 0.30	 0.35	 0.0	 0.2	 0.2076	 0.2175
2.0	 3.0	 0.30	 0.35	 0.0	 0.2	 0.2175	 0.2271
2.0	 3.0	 0.30	 0.35	 0.0	 0.2	 0.2271	 0.2369
2.0	 3.0	 0.30	 0.35	 0.0	 0.2	 0.2369	 0.2473
2.0	 3.0	 0.30	 0.35	 0.0	 0.2	 0.2473	 0.2590
2.0	 3.0	 0.30	 0.35	 0.0	 0.2	 0.2590	 0.2725
2.0	 3.0	 0.30	 0.35	 0.0	 0.2	 0.2725	 0.2886
2.0	 3.0	 0.30	 0.35	 0.0	 0.2	 0.2886	 0.3093
2.0	 3.0	 0.30	 0.35	 0.0	 0.2	 0.3093	 0.3448
2.0	 3.0	 0.30	 0.35	 0.0	 0.2	 0.3448	 0.7000
2.0	 3.0	 0.30	 0.35	 0.2	 0.4	 0.0000	 0.1612
2.0	 3.0	 0.30	 0.35	 0.2	 0.4	 0.1612	 0.1754
2.0	 3.0	 0.30	 0.35	 0.2	 0.4	 0.1754	 0.1874
2.0	 3.0	 0.30	 0.35	 0.2	 0.4	 0.1874	 0.1991
2.0	 3.0	 0.30	 0.35	 0.2	 0.4	 0.1991	 0.2113
2.0	 3.0	 0.30	 0.35	 0.2	 0.4	 0.2113	 0.2242
2.0	 3.0	 0.30	 0.35	 0.2	 0.4	 0.2242	 0.2397
2.0	 3.0	 0.30	 0.35	 0.2	 0.4	 0.2397	 0.2599
2.0	 3.0	 0.30	 0.35	 0.2	 0.4	 0.2599	 0.2878
2.0	 3.0	 0.30	 0.35	 0.2	 0.4	 0.2878	 0.3283
2.0	 3.0	 0.30	 0.35	 0.2	 0.4	 0.3283	 0.7000
2.0	 3.0	 0.35	 0.40	 0.0	 0.2	 0.0000	 0.1808
2.0	 3.0	 0.35	 0.40	 0.0	 0.2	 0.1808	 0.1982
2.0	 3.0	 0.35	 0.40	 0.0	 0.2	 0.1982	 0.2122
2.0	 3.0	 0.35	 0.40	 0.0	 0.2	 0.2122	 0.2253
2.0	 3.0	 0.35	 0.40	 0.0	 0.2	 0.2253	 0.2383
2.0	 3.0	 0.35	 0.40	 0.0	 0.2	 0.2383	 0.2523
2.0	 3.0	 0.35	 0.40	 0.0	 0.2	 0.2523	 0.2687
2.0	 3.0	 0.35	 0.40	 0.0	 0.2	 0.2687	 0.2895
2.0	 3.0	 0.35	 0.40	 0.0	 0.2	 0.2895	 0.3196
2.0	 3.0	 0.35	 0.40	 0.0	 0.2	 0.3196	 0.7000
2.0	 3.0	 0.35	 0.40	 0.2	 0.4	 0.0000	 0.1585
2.0	 3.0	 0.35	 0.40	 0.2	 0.4	 0.1585	 0.1718
2.0	 3.0	 0.35	 0.40	 0.2	 0.4	 0.1718	 0.1829
2.0	 3.0	 0.35	 0.40	 0.2	 0.4	 0.1829	 0.1933
2.0	 3.0	 0.35	 0.40	 0.2	 0.4	 0.1933	 0.2043
2.0	 3.0	 0.35	 0.40	 0.2	 0.4	 0.2043	 0.2158
2.0	 3.0	 0.35	 0.40	 0.2	 0.4	 0.2158	 0.2286
2.0	 3.0	 0.35	 0.40	 0.2	 0.4	 0.2286	 0.2436
2.0	 3.0	 0.35	 0.40	 0.2	 0.4	 0.2436	 0.2628
2.0	 3.0	 0.35	 0.40	 0.2	 0.4	 0.2628	 0.2883
2.0	 3.0	 0.35	 0.40	 0.2	 0.4	 0.2883	 0.3216
2.0	 3.0	 0.35	 0.40	 0.2	 0.4	 0.3216	 0.7000
2.0	 3.0	 0.35	 0.40	 0.4	 1.6	 0.0000	 0.7000
2.0	 3.0	 0.40	 0.45	 0.0	 0.2	 0.0000	 0.1912
2.0	 3.0	 0.40	 0.45	 0.0	 0.2	 0.1912	 0.2120
2.0	 3.0	 0.40	 0.45	 0.0	 0.2	 0.2120	 0.2296
2.0	 3.0	 0.40	 0.45	 0.0	 0.2	 0.2296	 0.2475
2.0	 3.0	 0.40	 0.45	 0.0	 0.2	 0.2475	 0.2687
2.0	 3.0	 0.40	 0.45	 0.0	 0.2	 0.2687	 0.2981
2.0	 3.0	 0.40	 0.45	 0.0	 0.2	 0.2981	 0.7000
2.0	 3.0	 0.40	 0.45	 0.2	 0.4	 0.0000	 0.1606
2.0	 3.0	 0.40	 0.45	 0.2	 0.4	 0.1606	 0.1753
2.0	 3.0	 0.40	 0.45	 0.2	 0.4	 0.1753	 0.1880
2.0	 3.0	 0.40	 0.45	 0.2	 0.4	 0.1880	 0.2000
2.0	 3.0	 0.40	 0.45	 0.2	 0.4	 0.2000	 0.2126
2.0	 3.0	 0.40	 0.45	 0.2	 0.4	 0.2126	 0.2265
2.0	 3.0	 0.40	 0.45	 0.2	 0.4	 0.2265	 0.2432
2.0	 3.0	 0.40	 0.45	 0.2	 0.4	 0.2432	 0.2644
2.0	 3.0	 0.40	 0.45	 0.2	 0.4	 0.2644	 0.2925
2.0	 3.0	 0.40	 0.45	 0.2	 0.4	 0.2925	 0.3315
2.0	 3.0	 0.40	 0.45	 0.2	 0.4	 0.3315	 0.7000
2.0	 3.0	 0.40	 0.45	 0.4	 0.6	 0.0000	 0.2423
2.0	 3.0	 0.40	 0.45	 0.4	 0.6	 0.2423	 0.7000
2.0	 3.0	 0.45	 0.50	 0.0	 0.2	 0.0000	 0.2015
2.0	 3.0	 0.45	 0.50	 0.0	 0.2	 0.2015	 0.2269
2.0	 3.0	 0.45	 0.50	 0.0	 0.2	 0.2269	 0.2508
2.0	 3.0	 0.45	 0.50	 0.0	 0.2	 0.2508	 0.2818
2.0	 3.0	 0.45	 0.50	 0.0	 0.2	 0.2818	 0.3769
2.0	 3.0	 0.45	 0.50	 0.0	 0.2	 0.3769	 0.7000
2.0	 3.0	 0.45	 0.50	 0.2	 0.4	 0.0000	 0.1679
2.0	 3.0	 0.45	 0.50	 0.2	 0.4	 0.1679	 0.1860
2.0	 3.0	 0.45	 0.50	 0.2	 0.4	 0.1860	 0.2020
2.0	 3.0	 0.45	 0.50	 0.2	 0.4	 0.2020	 0.2181
2.0	 3.0	 0.45	 0.50	 0.2	 0.4	 0.2181	 0.2366
2.0	 3.0	 0.45	 0.50	 0.2	 0.4	 0.2366	 0.2605
2.0	 3.0	 0.45	 0.50	 0.2	 0.4	 0.2605	 0.2935
2.0	 3.0	 0.45	 0.50	 0.2	 0.4	 0.2935	 0.3466
2.0	 3.0	 0.45	 0.50	 0.2	 0.4	 0.3466	 0.7000
2.0	 3.0	 0.45	 0.50	 0.4	 0.6	 0.0000	 0.1922
2.0	 3.0	 0.45	 0.50	 0.4	 0.6	 0.1922	 0.2434
2.0	 3.0	 0.45	 0.50	 0.4	 0.6	 0.2434	 0.7000
2.0	 3.0	 0.50	 0.55	 0.0	 0.2	 0.0000	 0.2131
2.0	 3.0	 0.50	 0.55	 0.0	 0.2	 0.2131	 0.2456
2.0	 3.0	 0.50	 0.55	 0.0	 0.2	 0.2456	 0.2881
2.0	 3.0	 0.50	 0.55	 0.0	 0.2	 0.2881	 0.7000
2.0	 3.0	 0.50	 0.55	 0.2	 0.4	 0.0000	 0.1763
2.0	 3.0	 0.50	 0.55	 0.2	 0.4	 0.1763	 0.1981
2.0	 3.0	 0.50	 0.55	 0.2	 0.4	 0.1981	 0.2190
2.0	 3.0	 0.50	 0.55	 0.2	 0.4	 0.2190	 0.2430
2.0	 3.0	 0.50	 0.55	 0.2	 0.4	 0.2430	 0.2765
2.0	 3.0	 0.50	 0.55	 0.2	 0.4	 0.2765	 0.3275
2.0	 3.0	 0.50	 0.55	 0.2	 0.4	 0.3275	 0.7000
2.0	 3.0	 0.50	 0.55	 0.4	 0.6	 0.0000	 0.1824
2.0	 3.0	 0.50	 0.55	 0.4	 0.6	 0.1824	 0.2206
2.0	 3.0	 0.50	 0.55	 0.4	 0.6	 0.2206	 0.2844
2.0	 3.0	 0.50	 0.55	 0.4	 0.6	 0.2844	 0.7000
2.0	 3.0	 0.55	 0.60	 0.0	 0.2	 0.0000	 0.2262
2.0	 3.0	 0.55	 0.60	 0.0	 0.2	 0.2262	 0.2744
2.0	 3.0	 0.55	 0.60	 0.0	 0.2	 0.2744	 0.7000
2.0	 3.0	 0.55	 0.60	 0.2	 0.4	 0.0000	 0.1858
2.0	 3.0	 0.55	 0.60	 0.2	 0.4	 0.1858	 0.2128
2.0	 3.0	 0.55	 0.60	 0.2	 0.4	 0.2128	 0.2422
2.0	 3.0	 0.55	 0.60	 0.2	 0.4	 0.2422	 0.2848
2.0	 3.0	 0.55	 0.60	 0.2	 0.4	 0.2848	 0.7000
2.0	 3.0	 0.55	 0.60	 0.4	 0.6	 0.0000	 0.1814
2.0	 3.0	 0.55	 0.60	 0.4	 0.6	 0.1814	 0.2198
2.0	 3.0	 0.55	 0.60	 0.4	 0.6	 0.2198	 0.2877
2.0	 3.0	 0.55	 0.60	 0.4	 0.6	 0.2877	 0.7000
2.0	 3.0	 0.55	 0.60	 0.6	 1.6	 0.0000	 0.7000
2.0	 3.0	 0.60	 0.65	 0.0	 0.2	 0.0000	 0.2418
2.0	 3.0	 0.60	 0.65	 0.0	 0.2	 0.2418	 0.7000
2.0	 3.0	 0.60	 0.65	 0.2	 0.4	 0.0000	 0.1971
2.0	 3.0	 0.60	 0.65	 0.2	 0.4	 0.1971	 0.2328
2.0	 3.0	 0.60	 0.65	 0.2	 0.4	 0.2328	 0.2821
2.0	 3.0	 0.60	 0.65	 0.2	 0.4	 0.2821	 0.7000
2.0	 3.0	 0.60	 0.65	 0.4	 0.6	 0.0000	 0.1885
2.0	 3.0	 0.60	 0.65	 0.4	 0.6	 0.1885	 0.2379
2.0	 3.0	 0.60	 0.65	 0.4	 0.6	 0.2379	 0.7000
2.0	 3.0	 0.60	 0.65	 0.6	 1.6	 0.0000	 0.7000
2.0	 3.0	 0.65	 0.70	 0.0	 0.2	 0.0000	 0.2670
2.0	 3.0	 0.65	 0.70	 0.0	 0.2	 0.2670	 0.7000
2.0	 3.0	 0.65	 0.70	 0.2	 0.4	 0.0000	 0.2100
2.0	 3.0	 0.65	 0.70	 0.2	 0.4	 0.2100	 0.2614
2.0	 3.0	 0.65	 0.70	 0.2	 0.4	 0.2614	 0.7000
2.0	 3.0	 0.65	 0.70	 0.4	 0.6	 0.0000	 0.2011
2.0	 3.0	 0.65	 0.70	 0.4	 0.6	 0.2011	 0.7000
2.0	 3.0	 0.65	 0.70	 0.6	 1.6	 0.0000	 0.7000
3.0	 4.0	 0.30	 0.35	 0.0	 0.2	 0.0000	 0.2640
3.0	 4.0	 0.30	 0.35	 0.0	 0.2	 0.2640	 0.2813
3.0	 4.0	 0.30	 0.35	 0.0	 0.2	 0.2813	 0.2966
3.0	 4.0	 0.30	 0.35	 0.0	 0.2	 0.2966	 0.3132
3.0	 4.0	 0.30	 0.35	 0.0	 0.2	 0.3132	 0.3321
3.0	 4.0	 0.30	 0.35	 0.0	 0.2	 0.3321	 0.3531
3.0	 4.0	 0.30	 0.35	 0.0	 0.2	 0.3531	 0.3787
3.0	 4.0	 0.30	 0.35	 0.0	 0.2	 0.3787	 0.4177
3.0	 4.0	 0.30	 0.35	 0.0	 0.2	 0.4177	 0.7000
3.0	 4.0	 0.30	 0.35	 0.2	 0.4	 0.0000	 0.2574
3.0	 4.0	 0.30	 0.35	 0.2	 0.4	 0.2574	 0.2753
3.0	 4.0	 0.30	 0.35	 0.2	 0.4	 0.2753	 0.2913
3.0	 4.0	 0.30	 0.35	 0.2	 0.4	 0.2913	 0.3118
3.0	 4.0	 0.30	 0.35	 0.2	 0.4	 0.3118	 0.3367
3.0	 4.0	 0.30	 0.35	 0.2	 0.4	 0.3367	 0.3640
3.0	 4.0	 0.30	 0.35	 0.2	 0.4	 0.3640	 0.3962
3.0	 4.0	 0.30	 0.35	 0.2	 0.4	 0.3962	 0.4638
3.0	 4.0	 0.30	 0.35	 0.2	 0.4	 0.4638	 0.7000
3.0	 4.0	 0.30	 0.35	 0.4	 1.6	 0.0000	 0.7000
3.0	 4.0	 0.35	 0.40	 0.0	 0.2	 0.0000	 0.2720
3.0	 4.0	 0.35	 0.40	 0.0	 0.2	 0.2720	 0.2936
3.0	 4.0	 0.35	 0.40	 0.0	 0.2	 0.2936	 0.3162
3.0	 4.0	 0.35	 0.40	 0.0	 0.2	 0.3162	 0.3419
3.0	 4.0	 0.35	 0.40	 0.0	 0.2	 0.3419	 0.3748
3.0	 4.0	 0.35	 0.40	 0.0	 0.2	 0.3748	 0.4577
3.0	 4.0	 0.35	 0.40	 0.0	 0.2	 0.4577	 0.7000
3.0	 4.0	 0.35	 0.40	 0.2	 0.4	 0.0000	 0.2611
3.0	 4.0	 0.35	 0.40	 0.2	 0.4	 0.2611	 0.2807
3.0	 4.0	 0.35	 0.40	 0.2	 0.4	 0.2807	 0.3009
3.0	 4.0	 0.35	 0.40	 0.2	 0.4	 0.3009	 0.3278
3.0	 4.0	 0.35	 0.40	 0.2	 0.4	 0.3278	 0.3588
3.0	 4.0	 0.35	 0.40	 0.2	 0.4	 0.3588	 0.3942
3.0	 4.0	 0.35	 0.40	 0.2	 0.4	 0.3942	 0.7000
3.0	 4.0	 0.35	 0.40	 0.4	 0.6	 0.0000	 0.3495
3.0	 4.0	 0.35	 0.40	 0.4	 0.6	 0.3495	 0.7000
3.0	 4.0	 0.40	 0.45	 0.0	 0.2	 0.0000	 0.2819
3.0	 4.0	 0.40	 0.45	 0.0	 0.2	 0.2819	 0.3106
3.0	 4.0	 0.40	 0.45	 0.0	 0.2	 0.3106	 0.3448
3.0	 4.0	 0.40	 0.45	 0.0	 0.2	 0.3448	 0.3976
3.0	 4.0	 0.40	 0.45	 0.0	 0.2	 0.3976	 0.7000
3.0	 4.0	 0.40	 0.45	 0.2	 0.4	 0.0000	 0.2668
3.0	 4.0	 0.40	 0.45	 0.2	 0.4	 0.2668	 0.2905
3.0	 4.0	 0.40	 0.45	 0.2	 0.4	 0.2905	 0.3202
3.0	 4.0	 0.40	 0.45	 0.2	 0.4	 0.3202	 0.3565
3.0	 4.0	 0.40	 0.45	 0.2	 0.4	 0.3565	 0.3986
3.0	 4.0	 0.40	 0.45	 0.2	 0.4	 0.3986	 0.7000
3.0	 4.0	 0.40	 0.45	 0.4	 0.6	 0.0000	 0.3054
3.0	 4.0	 0.40	 0.45	 0.4	 0.6	 0.3054	 0.4120
3.0	 4.0	 0.40	 0.45	 0.4	 0.6	 0.4120	 0.7000
3.0	 4.0	 0.45	 0.50	 0.0	 0.2	 0.0000	 0.2930
3.0	 4.0	 0.45	 0.50	 0.0	 0.2	 0.2930	 0.3353
3.0	 4.0	 0.45	 0.50	 0.0	 0.2	 0.3353	 0.4140
3.0	 4.0	 0.45	 0.50	 0.0	 0.2	 0.4140	 0.7000
3.0	 4.0	 0.45	 0.50	 0.2	 0.4	 0.0000	 0.2742
3.0	 4.0	 0.45	 0.50	 0.2	 0.4	 0.2742	 0.3054
3.0	 4.0	 0.45	 0.50	 0.2	 0.4	 0.3054	 0.3476
3.0	 4.0	 0.45	 0.50	 0.2	 0.4	 0.3476	 0.3990
3.0	 4.0	 0.45	 0.50	 0.2	 0.4	 0.3990	 0.7000
3.0	 4.0	 0.45	 0.50	 0.4	 0.6	 0.0000	 0.3019
3.0	 4.0	 0.45	 0.50	 0.4	 0.6	 0.3019	 0.3951
3.0	 4.0	 0.45	 0.50	 0.4	 0.6	 0.3951	 0.7000
3.0	 4.0	 0.50	 0.55	 0.0	 0.2	 0.0000	 0.3079
3.0	 4.0	 0.50	 0.55	 0.0	 0.2	 0.3079	 0.3832
3.0	 4.0	 0.50	 0.55	 0.0	 0.2	 0.3832	 0.7000
3.0	 4.0	 0.50	 0.55	 0.2	 0.4	 0.0000	 0.2831
3.0	 4.0	 0.50	 0.55	 0.2	 0.4	 0.2831	 0.3281
3.0	 4.0	 0.50	 0.55	 0.2	 0.4	 0.3281	 0.3873
3.0	 4.0	 0.50	 0.55	 0.2	 0.4	 0.3873	 0.7000
3.0	 4.0	 0.50	 0.55	 0.4	 0.6	 0.0000	 0.3106
3.0	 4.0	 0.50	 0.55	 0.4	 0.6	 0.3106	 0.7000
3.0	 4.0	 0.50	 0.55	 0.6	 1.6	 0.0000	 0.7000
3.0	 4.0	 0.55	 0.60	 0.0	 0.2	 0.0000	 0.3309
3.0	 4.0	 0.55	 0.60	 0.0	 0.2	 0.3309	 0.7000
3.0	 4.0	 0.55	 0.60	 0.2	 0.4	 0.0000	 0.2945
3.0	 4.0	 0.55	 0.60	 0.2	 0.4	 0.2945	 0.3587
3.0	 4.0	 0.55	 0.60	 0.2	 0.4	 0.3587	 0.7000
3.0	 4.0	 0.55	 0.60	 0.4	 0.6	 0.0000	 0.3258
3.0	 4.0	 0.55	 0.60	 0.4	 0.6	 0.3258	 0.7000
3.0	 4.0	 0.55	 0.60	 0.6	 1.6	 0.0000	 0.7000
3.0	 4.0	 0.60	 0.65	 0.0	 0.2	 0.0000	 0.3690
3.0	 4.0	 0.60	 0.65	 0.0	 0.2	 0.3690	 0.7000
3.0	 4.0	 0.60	 0.65	 0.2	 0.4	 0.0000	 0.3114
3.0	 4.0	 0.60	 0.65	 0.2	 0.4	 0.3114	 0.7000
3.0	 4.0	 0.60	 0.65	 0.4	 0.6	 0.0000	 0.3546
3.0	 4.0	 0.60	 0.65	 0.4	 0.6	 0.3546	 0.7000
3.0	 4.0	 0.60	 0.65	 0.6	 1.6	 0.0000	 0.7000
3.0	 4.0	 0.65	 0.70	 0.0	 0.4	 0.0000	 0.3025
3.0	 4.0	 0.65	 0.70	 0.0	 0.4	 0.3025	 0.3831
3.0	 4.0	 0.65	 0.70	 0.0	 0.4	 0.3831	 0.7000
3.0	 4.0	 0.65	 0.70	 0.4	 0.8	 0.0000	 0.3465
3.0	 4.0	 0.65	 0.70	 0.4	 0.8	 0.3465	 0.7000
4.0	 5.0	 0.30	 0.35	 0.0	 0.2	 0.0000	 0.3292
4.0	 5.0	 0.30	 0.35	 0.0	 0.2	 0.3292	 0.3539
4.0	 5.0	 0.30	 0.35	 0.0	 0.2	 0.3539	 0.3823
4.0	 5.0	 0.30	 0.35	 0.0	 0.2	 0.3823	 0.4262
4.0	 5.0	 0.30	 0.35	 0.0	 0.2	 0.4262	 0.7000
4.0	 5.0	 0.30	 0.35	 0.2	 0.4	 0.0000	 0.3211
4.0	 5.0	 0.30	 0.35	 0.2	 0.4	 0.3211	 0.3439
4.0	 5.0	 0.30	 0.35	 0.2	 0.4	 0.3439	 0.3699
4.0	 5.0	 0.30	 0.35	 0.2	 0.4	 0.3699	 0.4147
4.0	 5.0	 0.30	 0.35	 0.2	 0.4	 0.4147	 0.7000
4.0	 5.0	 0.30	 0.35	 0.4	 1.6	 0.0000	 0.7000
4.0	 5.0	 0.35	 0.40	 0.0	 0.2	 0.0000	 0.3400
4.0	 5.0	 0.35	 0.40	 0.0	 0.2	 0.3400	 0.3763
4.0	 5.0	 0.35	 0.40	 0.0	 0.2	 0.3763	 0.4375
4.0	 5.0	 0.35	 0.40	 0.0	 0.2	 0.4375	 0.7000
4.0	 5.0	 0.35	 0.40	 0.2	 0.4	 0.0000	 0.3264
4.0	 5.0	 0.35	 0.40	 0.2	 0.4	 0.3264	 0.3548
4.0	 5.0	 0.35	 0.40	 0.2	 0.4	 0.3548	 0.3978
4.0	 5.0	 0.35	 0.40	 0.2	 0.4	 0.3978	 0.4853
4.0	 5.0	 0.35	 0.40	 0.2	 0.4	 0.4853	 0.7000
4.0	 5.0	 0.35	 0.40	 0.4	 0.6	 0.0000	 0.3810
4.0	 5.0	 0.35	 0.40	 0.4	 0.6	 0.3810	 0.7000
4.0	 5.0	 0.40	 0.45	 0.0	 0.2	 0.0000	 0.3547
4.0	 5.0	 0.40	 0.45	 0.0	 0.2	 0.3547	 0.4217
4.0	 5.0	 0.40	 0.45	 0.0	 0.2	 0.4217	 0.7000
4.0	 5.0	 0.40	 0.45	 0.2	 0.4	 0.0000	 0.3345
4.0	 5.0	 0.40	 0.45	 0.2	 0.4	 0.3345	 0.3733
4.0	 5.0	 0.40	 0.45	 0.2	 0.4	 0.3733	 0.4547
4.0	 5.0	 0.40	 0.45	 0.2	 0.4	 0.4547	 0.7000
4.0	 5.0	 0.40	 0.45	 0.4	 0.6	 0.0000	 0.3770
4.0	 5.0	 0.40	 0.45	 0.4	 0.6	 0.3770	 0.7000
4.0	 5.0	 0.45	 0.50	 0.0	 0.2	 0.0000	 0.3765
4.0	 5.0	 0.45	 0.50	 0.0	 0.2	 0.3765	 0.7000
4.0	 5.0	 0.45	 0.50	 0.2	 0.4	 0.0000	 0.3442
4.0	 5.0	 0.45	 0.50	 0.2	 0.4	 0.3442	 0.4081
4.0	 5.0	 0.45	 0.50	 0.2	 0.4	 0.4081	 0.7000
4.0	 5.0	 0.45	 0.50	 0.4	 0.6	 0.0000	 0.3998
4.0	 5.0	 0.45	 0.50	 0.4	 0.6	 0.3998	 0.7000
4.0	 5.0	 0.45	 0.50	 0.6	 1.6	 0.0000	 0.7000
4.0	 5.0	 0.50	 0.55	 0.0	 0.2	 0.0000	 0.4166
4.0	 5.0	 0.50	 0.55	 0.0	 0.2	 0.4166	 0.7000
4.0	 5.0	 0.50	 0.55	 0.2	 0.4	 0.0000	 0.3576
4.0	 5.0	 0.50	 0.55	 0.2	 0.4	 0.3576	 0.4855
4.0	 5.0	 0.50	 0.55	 0.2	 0.4	 0.4855	 0.7000
4.0	 5.0	 0.50	 0.55	 0.4	 0.6	 0.0000	 0.4378
4.0	 5.0	 0.50	 0.55	 0.4	 0.6	 0.4378	 0.7000
4.0	 5.0	 0.50	 0.55	 0.6	 1.6	 0.0000	 0.7000
4.0	 5.0	 0.55	 0.60	 0.0	 0.4	 0.0000	 0.3517
4.0	 5.0	 0.55	 0.60	 0.0	 0.4	 0.3517	 0.4203
4.0	 5.0	 0.55	 0.60	 0.0	 0.4	 0.4203	 0.7000
4.0	 5.0	 0.55	 0.60	 0.4	 0.8	 0.0000	 0.3894
4.0	 5.0	 0.55	 0.60	 0.4	 0.8	 0.3894	 0.7000
4.0	 5.0	 0.60	 0.65	 0.0	 0.4	 0.0000	 0.3687
4.0	 5.0	 0.60	 0.65	 0.0	 0.4	 0.3687	 0.7000
4.0	 5.0	 0.60	 0.65	 0.4	 1.0	 0.0000	 0.4117
4.0	 5.0	 0.60	 0.65	 0.4	 1.0	 0.4117	 0.7000
4.0	 5.0	 0.65	 0.70	 0.0	 0.4	 0.0000	 0.4002
4.0	 5.0	 0.65	 0.70	 0.0	 0.4	 0.4002	 0.7000
4.0	 5.0	 0.65	 0.70	 0.4	 1.6	 0.0000	 0.7000
5.0	 6.0	 0.30	 0.35	 0.0	 0.2	 0.0000	 0.4095
5.0	 6.0	 0.30	 0.35	 0.0	 0.2	 0.4095	 0.4386
5.0	 6.0	 0.30	 0.35	 0.0	 0.2	 0.4386	 0.4750
5.0	 6.0	 0.30	 0.35	 0.0	 0.2	 0.4750	 0.7000
5.0	 6.0	 0.30	 0.35	 0.2	 0.4	 0.0000	 0.4081
5.0	 6.0	 0.30	 0.35	 0.2	 0.4	 0.4081	 0.4416
5.0	 6.0	 0.30	 0.35	 0.2	 0.4	 0.4416	 0.4902
5.0	 6.0	 0.30	 0.35	 0.2	 0.4	 0.4902	 0.7000
5.0	 6.0	 0.30	 0.35	 0.4	 0.6	 0.0000	 0.5042
5.0	 6.0	 0.30	 0.35	 0.4	 0.6	 0.5042	 0.7000
5.0	 6.0	 0.35	 0.40	 0.0	 0.2	 0.0000	 0.4211
5.0	 6.0	 0.35	 0.40	 0.0	 0.2	 0.4211	 0.4645
5.0	 6.0	 0.35	 0.40	 0.0	 0.2	 0.4645	 0.7000
5.0	 6.0	 0.35	 0.40	 0.2	 0.4	 0.0000	 0.4154
5.0	 6.0	 0.35	 0.40	 0.2	 0.4	 0.4154	 0.4599
5.0	 6.0	 0.35	 0.40	 0.2	 0.4	 0.4599	 0.5591
5.0	 6.0	 0.35	 0.40	 0.2	 0.4	 0.5591	 0.7000
5.0	 6.0	 0.35	 0.40	 0.4	 0.6	 0.0000	 0.4716
5.0	 6.0	 0.35	 0.40	 0.4	 0.6	 0.4716	 0.7000
5.0	 6.0	 0.40	 0.45	 0.0	 0.2	 0.0000	 0.4369
5.0	 6.0	 0.40	 0.45	 0.0	 0.2	 0.4369	 0.5523
5.0	 6.0	 0.40	 0.45	 0.0	 0.2	 0.5523	 0.7000
5.0	 6.0	 0.40	 0.45	 0.2	 0.4	 0.0000	 0.4250
5.0	 6.0	 0.40	 0.45	 0.2	 0.4	 0.4250	 0.4900
5.0	 6.0	 0.40	 0.45	 0.2	 0.4	 0.4900	 0.7000
5.0	 6.0	 0.40	 0.45	 0.4	 0.6	 0.0000	 0.4975
5.0	 6.0	 0.40	 0.45	 0.4	 0.6	 0.4975	 0.7000
5.0	 6.0	 0.45	 0.50	 0.0	 0.2	 0.0000	 0.4612
5.0	 6.0	 0.45	 0.50	 0.0	 0.2	 0.4612	 0.7000
5.0	 6.0	 0.45	 0.50	 0.2	 0.4	 0.0000	 0.4366
5.0	 6.0	 0.45	 0.50	 0.2	 0.4	 0.4366	 0.7000
5.0	 6.0	 0.45	 0.50	 0.4	 0.8	 0.0000	 0.4716
5.0	 6.0	 0.45	 0.50	 0.4	 0.8	 0.4716	 0.7000
5.0	 6.0	 0.50	 0.55	 0.0	 0.2	 0.0000	 0.5322
5.0	 6.0	 0.50	 0.55	 0.0	 0.2	 0.5322	 0.7000
5.0	 6.0	 0.50	 0.55	 0.2	 0.4	 0.0000	 0.4552
5.0	 6.0	 0.50	 0.55	 0.2	 0.4	 0.4552	 0.7000
5.0	 6.0	 0.50	 0.55	 0.4	 0.8	 0.0000	 0.4988
5.0	 6.0	 0.50	 0.55	 0.4	 0.8	 0.4988	 0.7000
5.0	 6.0	 0.55	 0.60	 0.0	 0.4	 0.0000	 0.4374
5.0	 6.0	 0.55	 0.60	 0.0	 0.4	 0.4374	 0.7000
5.0	 6.0	 0.55	 0.60	 0.4	 1.6	 0.0000	 0.7000
5.0	 6.0	 0.60	 0.65	 0.0	 0.4	 0.0000	 0.4600
5.0	 6.0	 0.60	 0.65	 0.0	 0.4	 0.4600	 0.7000
5.0	 6.0	 0.60	 0.65	 0.4	 1.6	 0.0000	 0.7000
5.0	 6.0	 0.65	 0.70	 0.0	 0.6	 0.0000	 0.4584
5.0	 6.0	 0.65	 0.70	 0.0	 0.6	 0.4584	 0.7000
6.0	 8.0	 0.30	 0.35	 0.0	 0.2	 0.0000	 0.5203
6.0	 8.0	 0.30	 0.35	 0.0	 0.2	 0.5203	 0.7000
6.0	 8.0	 0.30	 0.35	 0.2	 0.4	 0.0000	 0.5313
6.0	 8.0	 0.30	 0.35	 0.2	 0.4	 0.5313	 0.7000
6.0	 8.0	 0.30	 0.35	 0.4	 1.6	 0.0000	 0.7000
6.0	 8.0	 0.35	 0.40	 0.0	 0.2	 0.0000	 0.5492
6.0	 8.0	 0.35	 0.40	 0.0	 0.2	 0.5492	 0.7000
6.0	 8.0	 0.35	 0.40	 0.2	 0.4	 0.0000	 0.5507
6.0	 8.0	 0.35	 0.40	 0.2	 0.4	 0.5507	 0.7000
6.0	 8.0	 0.35	 0.40	 0.4	 1.6	 0.0000	 0.7000
6.0	 8.0	 0.40	 0.45	 0.0	 0.4	 0.0000	 0.5135
6.0	 8.0	 0.40	 0.45	 0.0	 0.4	 0.5135	 0.5955
6.0	 8.0	 0.40	 0.45	 0.0	 0.4	 0.5955	 0.7000
6.0	 8.0	 0.40	 0.45	 0.4	 1.6	 0.0000	 0.7000
6.0	 8.0	 0.45	 0.50	 0.0	 0.4	 0.0000	 0.5343
6.0	 8.0	 0.45	 0.50	 0.0	 0.4	 0.5343	 0.7000
6.0	 8.0	 0.45	 0.50	 0.4	 1.6	 0.0000	 0.7000
6.0	 8.0	 0.50	 0.55	 0.0	 0.4	 0.0000	 0.5661
6.0	 8.0	 0.50	 0.55	 0.0	 0.4	 0.5661	 0.7000
6.0	 8.0	 0.50	 0.55	 0.4	 1.6	 0.0000	 0.7000
6.0	 8.0	 0.55	 0.60	 0.0	 0.6	 0.0000	 0.5706
6.0	 8.0	 0.55	 0.60	 0.0	 0.6	 0.5706	 0.7000
6.0	 8.0	 0.60	 0.65	 0.0	 1.6	 0.0000	 0.7000
6.0	 8.0	 0.65	 0.70	 0.0	 1.6	 0.0000	 0.7000
