Q2l	 Q2u	 zl	 zu	 Ptl	 Ptu	 xl	 xu
1.0	 2.0	 0.30	 0.35	 0.0	 0.2	 0.0000	 0.1235
1.0	 2.0	 0.30	 0.35	 0.0	 0.2	 0.1235	 0.1436
1.0	 2.0	 0.30	 0.35	 0.0	 0.2	 0.1436	 0.1627
1.0	 2.0	 0.30	 0.35	 0.0	 0.2	 0.1627	 0.1827
1.0	 2.0	 0.30	 0.35	 0.0	 0.2	 0.1827	 0.2086
1.0	 2.0	 0.30	 0.35	 0.0	 0.2	 0.2086	 0.2762
1.0	 2.0	 0.30	 0.35	 0.0	 0.2	 0.2762	 0.7000
1.0	 2.0	 0.30	 0.35	 0.2	 0.4	 0.0000	 0.0965
1.0	 2.0	 0.30	 0.35	 0.2	 0.4	 0.0965	 0.1086
1.0	 2.0	 0.30	 0.35	 0.2	 0.4	 0.1086	 0.1203
1.0	 2.0	 0.30	 0.35	 0.2	 0.4	 0.1203	 0.1333
1.0	 2.0	 0.30	 0.35	 0.2	 0.4	 0.1333	 0.1482
1.0	 2.0	 0.30	 0.35	 0.2	 0.4	 0.1482	 0.1656
1.0	 2.0	 0.30	 0.35	 0.2	 0.4	 0.1656	 0.1877
1.0	 2.0	 0.30	 0.35	 0.2	 0.4	 0.1877	 0.2238
1.0	 2.0	 0.30	 0.35	 0.2	 0.4	 0.2238	 0.7000
1.0	 2.0	 0.30	 0.35	 0.4	 0.6	 0.0000	 0.1022
1.0	 2.0	 0.30	 0.35	 0.4	 0.6	 0.1022	 0.1223
1.0	 2.0	 0.30	 0.35	 0.4	 0.6	 0.1223	 0.1470
1.0	 2.0	 0.30	 0.35	 0.4	 0.6	 0.1470	 0.1785
1.0	 2.0	 0.30	 0.35	 0.4	 0.6	 0.1785	 0.2374
1.0	 2.0	 0.30	 0.35	 0.4	 0.6	 0.2374	 0.7000
1.0	 2.0	 0.30	 0.35	 0.6	 1.6	 0.0000	 0.7000
1.0	 2.0	 0.35	 0.40	 0.0	 0.2	 0.0000	 0.1355
1.0	 2.0	 0.35	 0.40	 0.0	 0.2	 0.1355	 0.1617
1.0	 2.0	 0.35	 0.40	 0.0	 0.2	 0.1617	 0.1885
1.0	 2.0	 0.35	 0.40	 0.0	 0.2	 0.1885	 0.2325
1.0	 2.0	 0.35	 0.40	 0.0	 0.2	 0.2325	 0.7000
1.0	 2.0	 0.35	 0.40	 0.2	 0.4	 0.0000	 0.1024
1.0	 2.0	 0.35	 0.40	 0.2	 0.4	 0.1024	 0.1177
1.0	 2.0	 0.35	 0.40	 0.2	 0.4	 0.1177	 0.1339
1.0	 2.0	 0.35	 0.40	 0.2	 0.4	 0.1339	 0.1536
1.0	 2.0	 0.35	 0.40	 0.2	 0.4	 0.1536	 0.1788
1.0	 2.0	 0.35	 0.40	 0.2	 0.4	 0.1788	 0.2176
1.0	 2.0	 0.35	 0.40	 0.2	 0.4	 0.2176	 0.7000
1.0	 2.0	 0.35	 0.40	 0.4	 0.6	 0.0000	 0.1057
1.0	 2.0	 0.35	 0.40	 0.4	 0.6	 0.1057	 0.1312
1.0	 2.0	 0.35	 0.40	 0.4	 0.6	 0.1312	 0.1644
1.0	 2.0	 0.35	 0.40	 0.4	 0.6	 0.1644	 0.2144
1.0	 2.0	 0.35	 0.40	 0.4	 0.6	 0.2144	 0.7000
1.0	 2.0	 0.35	 0.40	 0.6	 0.8	 0.0000	 0.2059
1.0	 2.0	 0.35	 0.40	 0.6	 0.8	 0.2059	 0.7000
1.0	 2.0	 0.40	 0.45	 0.0	 0.2	 0.0000	 0.1484
1.0	 2.0	 0.40	 0.45	 0.0	 0.2	 0.1484	 0.1837
1.0	 2.0	 0.40	 0.45	 0.0	 0.2	 0.1837	 0.2461
1.0	 2.0	 0.40	 0.45	 0.0	 0.2	 0.2461	 0.7000
1.0	 2.0	 0.40	 0.45	 0.2	 0.4	 0.0000	 0.1103
1.0	 2.0	 0.40	 0.45	 0.2	 0.4	 0.1103	 0.1311
1.0	 2.0	 0.40	 0.45	 0.2	 0.4	 0.1311	 0.1551
1.0	 2.0	 0.40	 0.45	 0.2	 0.4	 0.1551	 0.1882
1.0	 2.0	 0.40	 0.45	 0.2	 0.4	 0.1882	 0.7000
1.0	 2.0	 0.40	 0.45	 0.4	 0.6	 0.0000	 0.1117
1.0	 2.0	 0.40	 0.45	 0.4	 0.6	 0.1117	 0.1480
1.0	 2.0	 0.40	 0.45	 0.4	 0.6	 0.1480	 0.2037
1.0	 2.0	 0.40	 0.45	 0.4	 0.6	 0.2037	 0.7000
1.0	 2.0	 0.40	 0.45	 0.6	 0.8	 0.0000	 0.1606
1.0	 2.0	 0.40	 0.45	 0.6	 0.8	 0.1606	 0.7000
1.0	 2.0	 0.45	 0.50	 0.0	 0.2	 0.0000	 0.1633
1.0	 2.0	 0.45	 0.50	 0.0	 0.2	 0.1633	 0.2217
1.0	 2.0	 0.45	 0.50	 0.0	 0.2	 0.2217	 0.7000
1.0	 2.0	 0.45	 0.50	 0.2	 0.4	 0.0000	 0.1195
1.0	 2.0	 0.45	 0.50	 0.2	 0.4	 0.1195	 0.1481
1.0	 2.0	 0.45	 0.50	 0.2	 0.4	 0.1481	 0.1872
1.0	 2.0	 0.45	 0.50	 0.2	 0.4	 0.1872	 0.7000
1.0	 2.0	 0.45	 0.50	 0.4	 0.6	 0.0000	 0.1200
1.0	 2.0	 0.45	 0.50	 0.4	 0.6	 0.1200	 0.1726
1.0	 2.0	 0.45	 0.50	 0.4	 0.6	 0.1726	 0.7000
1.0	 2.0	 0.45	 0.50	 0.6	 0.8	 0.0000	 0.1688
1.0	 2.0	 0.45	 0.50	 0.6	 0.8	 0.1688	 0.7000
1.0	 2.0	 0.50	 0.55	 0.0	 0.2	 0.0000	 0.1826
1.0	 2.0	 0.50	 0.55	 0.0	 0.2	 0.1826	 0.7000
1.0	 2.0	 0.50	 0.55	 0.2	 0.4	 0.0000	 0.1316
1.0	 2.0	 0.50	 0.55	 0.2	 0.4	 0.1316	 0.1760
1.0	 2.0	 0.50	 0.55	 0.2	 0.4	 0.1760	 0.7000
1.0	 2.0	 0.50	 0.55	 0.4	 0.6	 0.0000	 0.1290
1.0	 2.0	 0.50	 0.55	 0.4	 0.6	 0.1290	 0.2167
1.0	 2.0	 0.50	 0.55	 0.4	 0.6	 0.2167	 0.7000
1.0	 2.0	 0.50	 0.55	 0.6	 0.8	 0.0000	 0.2077
1.0	 2.0	 0.50	 0.55	 0.6	 0.8	 0.2077	 0.7000
1.0	 2.0	 0.50	 0.55	 0.8	 1.6	 0.0000	 0.7000
1.0	 2.0	 0.55	 0.60	 0.0	 0.2	 0.0000	 0.2147
1.0	 2.0	 0.55	 0.60	 0.0	 0.2	 0.2147	 0.7000
1.0	 2.0	 0.55	 0.60	 0.2	 0.4	 0.0000	 0.1464
1.0	 2.0	 0.55	 0.60	 0.2	 0.4	 0.1464	 0.2294
1.0	 2.0	 0.55	 0.60	 0.2	 0.4	 0.2294	 0.7000
1.0	 2.0	 0.55	 0.60	 0.4	 0.6	 0.0000	 0.1437
1.0	 2.0	 0.55	 0.60	 0.4	 0.6	 0.1437	 0.7000
1.0	 2.0	 0.55	 0.60	 0.6	 1.0	 0.0000	 0.1781
1.0	 2.0	 0.55	 0.60	 0.6	 1.0	 0.1781	 0.7000
1.0	 2.0	 0.60	 0.65	 0.0	 0.4	 0.0000	 0.1489
1.0	 2.0	 0.60	 0.65	 0.0	 0.4	 0.1489	 0.2044
1.0	 2.0	 0.60	 0.65	 0.0	 0.4	 0.2044	 0.7000
1.0	 2.0	 0.60	 0.65	 0.4	 0.6	 0.0000	 0.1683
1.0	 2.0	 0.60	 0.65	 0.4	 0.6	 0.1683	 0.7000
1.0	 2.0	 0.60	 0.65	 0.6	 1.6	 0.0000	 0.7000
1.0	 2.0	 0.65	 0.70	 0.0	 0.4	 0.0000	 0.1697
1.0	 2.0	 0.65	 0.70	 0.0	 0.4	 0.1697	 0.7000
1.0	 2.0	 0.65	 0.70	 0.4	 0.8	 0.0000	 0.1473
1.0	 2.0	 0.65	 0.70	 0.4	 0.8	 0.1473	 0.7000
2.0	 3.0	 0.30	 0.35	 0.0	 0.2	 0.0000	 0.2994
2.0	 3.0	 0.30	 0.35	 0.0	 0.2	 0.2994	 0.7000
2.0	 3.0	 0.30	 0.35	 0.2	 0.4	 0.0000	 0.3179
2.0	 3.0	 0.30	 0.35	 0.2	 0.4	 0.3179	 0.7000
2.0	 3.0	 0.30	 0.35	 0.4	 1.6	 0.0000	 0.7000
2.0	 3.0	 0.35	 0.40	 0.0	 0.2	 0.0000	 0.3407
2.0	 3.0	 0.35	 0.40	 0.0	 0.2	 0.3407	 0.7000
2.0	 3.0	 0.35	 0.40	 0.2	 0.6	 0.0000	 0.2965
2.0	 3.0	 0.35	 0.40	 0.2	 0.6	 0.2965	 0.7000
2.0	 3.0	 0.40	 0.45	 0.0	 0.4	 0.0000	 0.2944
2.0	 3.0	 0.40	 0.45	 0.0	 0.4	 0.2944	 0.7000
2.0	 3.0	 0.40	 0.45	 0.4	 1.6	 0.0000	 0.7000
2.0	 3.0	 0.45	 0.50	 0.0	 0.4	 0.0000	 0.3221
2.0	 3.0	 0.45	 0.50	 0.0	 0.4	 0.3221	 0.7000
2.0	 3.0	 0.45	 0.50	 0.4	 1.6	 0.0000	 0.7000
2.0	 3.0	 0.50	 0.55	 0.0	 0.6	 0.0000	 0.3278
2.0	 3.0	 0.50	 0.55	 0.0	 0.6	 0.3278	 0.7000
2.0	 3.0	 0.55	 0.60	 0.0	 1.6	 0.0000	 0.7000
2.0	 3.0	 0.60	 0.65	 0.0	 1.6	 0.0000	 0.7000
2.0	 3.0	 0.65	 0.70	 0.0	 1.6	 0.0000	 0.7000
3.0	 4.0	 0.30	 0.35	 0.0	 0.4	 0.0000	 0.4018
3.0	 4.0	 0.30	 0.35	 0.0	 0.4	 0.4018	 0.7000
3.0	 4.0	 0.30	 0.35	 0.4	 1.6	 0.0000	 0.7000
3.0	 4.0	 0.35	 0.40	 0.0	 0.4	 0.0000	 0.4437
3.0	 4.0	 0.35	 0.40	 0.0	 0.4	 0.4437	 0.7000
3.0	 4.0	 0.35	 0.40	 0.4	 1.6	 0.0000	 0.7000
3.0	 4.0	 0.40	 0.45	 0.0	 0.8	 0.0000	 0.4393
3.0	 4.0	 0.40	 0.45	 0.0	 0.8	 0.4393	 0.7000
3.0	 4.0	 0.45	 0.50	 0.0	 1.6	 0.0000	 0.7000
3.0	 4.0	 0.50	 0.55	 0.0	 1.6	 0.0000	 0.7000
3.0	 4.0	 0.55	 0.60	 0.0	 1.6	 0.0000	 0.7000
4.0	 5.0	 0.30	 0.35	 0.0	 1.6	 0.0000	 0.7000
4.0	 5.0	 0.35	 0.40	 0.0	 1.6	 0.0000	 0.7000
4.0	 5.0	 0.40	 0.45	 0.0	 1.6	 0.0000	 0.7000
4.0	 5.0	 0.45	 0.50	 0.0	 1.6	 0.0000	 0.7000
