kt	u	d	ub	db	uv	dv	du	dd	dub	ddb	duv	ddv
0.000000E+00	-4.553108E+00	7.408867E+00	-3.261212E+00	7.370336E+00	-1.291896E+00	3.191272E-02	2.027200E+00	2.693376E+00	1.411336E+00	2.692407E+00	1.136788E+00	6.960966E-02
1.000000E-02	-4.551974E+00	7.407035E+00	-3.260403E+00	7.368514E+00	-1.298030E+00	3.868134E-02	2.026478E+00	2.692353E+00	1.410838E+00	2.691387E+00	1.136479E+00	6.927594E-02
2.000000E-02	-4.548575E+00	7.401544E+00	-3.257978E+00	7.363050E+00	-1.297086E+00	3.868739E-02	2.024316E+00	2.689286E+00	1.409345E+00	2.688328E+00	1.135498E+00	6.922513E-02
3.000000E-02	-4.542915E+00	7.392401E+00	-3.253941E+00	7.353953E+00	-1.295459E+00	3.864115E-02	2.020716E+00	2.684181E+00	1.406860E+00	2.683238E+00	1.133864E+00	6.914037E-02
4.000000E-02	-4.535003E+00	7.379620E+00	-3.248298E+00	7.341237E+00	-1.293182E+00	3.857624E-02	2.015687E+00	2.677050E+00	1.403388E+00	2.676128E+00	1.131581E+00	6.902190E-02
5.000000E-02	-4.524852E+00	7.363221E+00	-3.241057E+00	7.324920E+00	-1.290260E+00	3.849293E-02	2.009240E+00	2.667908E+00	1.398938E+00	2.667013E+00	1.128653E+00	6.886988E-02
6.000000E-02	-4.512477E+00	7.343228E+00	-3.232230E+00	7.305029E+00	-1.286698E+00	3.839132E-02	2.001388E+00	2.656776E+00	1.393518E+00	2.655913E+00	1.125086E+00	6.868456E-02
7.000000E-02	-4.497896E+00	7.319673E+00	-3.221830E+00	7.281593E+00	-1.282500E+00	3.827159E-02	1.992147E+00	2.643678E+00	1.387140E+00	2.642852E+00	1.120885E+00	6.846621E-02
8.000000E-02	-4.481133E+00	7.292590E+00	-3.209873E+00	7.254648E+00	-1.277673E+00	3.813389E-02	1.981539E+00	2.628642E+00	1.379818E+00	2.627860E+00	1.116059E+00	6.821516E-02
9.000000E-02	-4.462213E+00	7.262022E+00	-3.196376E+00	7.224234E+00	-1.272225E+00	3.797845E-02	1.969584E+00	2.611701E+00	1.371568E+00	2.610968E+00	1.110616E+00	6.793180E-02
1.000000E-01	-4.441164E+00	7.228013E+00	-3.181361E+00	7.190397E+00	-1.266164E+00	3.780547E-02	1.956308E+00	2.592892E+00	1.362406E+00	2.592213E+00	1.104566E+00	6.761655E-02
1.100000E-01	-4.418019E+00	7.190615E+00	-3.164850E+00	7.153189E+00	-1.259500E+00	3.761522E-02	1.941739E+00	2.572256E+00	1.352353E+00	2.571636E+00	1.097920E+00	6.726988E-02
1.200000E-01	-4.392812E+00	7.149885E+00	-3.146868E+00	7.112665E+00	-1.252241E+00	3.740797E-02	1.925906E+00	2.549836E+00	1.341430E+00	2.549280E+00	1.090690E+00	6.689232E-02
1.300000E-01	-4.365581E+00	7.105882E+00	-3.127442E+00	7.068885E+00	-1.244400E+00	3.718403E-02	1.908844E+00	2.525681E+00	1.329659E+00	2.525194E+00	1.082888E+00	6.648443E-02
1.400000E-01	-4.336367E+00	7.058672E+00	-3.106600E+00	7.021915E+00	-1.235989E+00	3.694371E-02	1.890586E+00	2.499841E+00	1.317065E+00	2.499429E+00	1.074530E+00	6.604681E-02
1.500000E-01	-4.305214E+00	7.008326E+00	-3.084374E+00	6.971823E+00	-1.227019E+00	3.668737E-02	1.871171E+00	2.472372E+00	1.303674E+00	2.472038E+00	1.065628E+00	6.558010E-02
1.600000E-01	-4.272167E+00	6.954916E+00	-3.060797E+00	6.918684E+00	-1.217505E+00	3.641536E-02	1.850637E+00	2.443331E+00	1.289514E+00	2.443079E+00	1.056199E+00	6.508500E-02
1.700000E-01	-4.237275E+00	6.898521E+00	-3.035902E+00	6.862575E+00	-1.207461E+00	3.612808E-02	1.829026E+00	2.412779E+00	1.274612E+00	2.412613E+00	1.046260E+00	6.456222E-02
1.800000E-01	-4.200590E+00	6.839223E+00	-3.009726E+00	6.803577E+00	-1.196900E+00	3.582593E-02	1.806381E+00	2.380778E+00	1.259001E+00	2.380702E+00	1.035826E+00	6.401253E-02
1.900000E-01	-4.162164E+00	6.777107E+00	-2.982308E+00	6.741777E+00	-1.185840E+00	3.550934E-02	1.782748E+00	2.347394E+00	1.242710E+00	2.347412E+00	1.024917E+00	6.343671E-02
2.000000E-01	-4.122053E+00	6.712263E+00	-2.953686E+00	6.677261E+00	-1.174296E+00	3.517875E-02	1.758172E+00	2.312695E+00	1.225773E+00	2.312810E+00	1.013551E+00	6.283559E-02
2.100000E-01	-4.080314E+00	6.644782E+00	-2.923902E+00	6.610123E+00	-1.162284E+00	3.483461E-02	1.732702E+00	2.276751E+00	1.208223E+00	2.276966E+00	1.001747E+00	6.221002E-02
2.200000E-01	-4.037007E+00	6.574760E+00	-2.892996E+00	6.540457E+00	-1.149822E+00	3.447740E-02	1.706386E+00	2.239633E+00	1.190093E+00	2.239950E+00	9.895236E-01	6.156087E-02
2.300000E-01	-3.992193E+00	6.502295E+00	-2.861014E+00	6.468360E+00	-1.136928E+00	3.410761E-02	1.679275E+00	2.201414E+00	1.171419E+00	2.201836E+00	9.769020E-01	6.088907E-02
2.400000E-01	-3.945935E+00	6.427487E+00	-2.828000E+00	6.393932E+00	-1.123620E+00	3.372574E-02	1.651420E+00	2.162169E+00	1.152236E+00	2.162698E+00	9.639024E-01	6.019553E-02
2.500000E-01	-3.898296E+00	6.350440E+00	-2.793998E+00	6.317276E+00	-1.109916E+00	3.333229E-02	1.622873E+00	2.121972E+00	1.132581E+00	2.122611E+00	9.505459E-01	5.948120E-02
2.600000E-01	-3.849341E+00	6.271258E+00	-2.759055E+00	6.238497E+00	-1.095836E+00	3.292780E-02	1.593685E+00	2.080902E+00	1.112490E+00	2.081651E+00	9.368535E-01	5.874706E-02
2.700000E-01	-3.799138E+00	6.190048E+00	-2.723219E+00	6.157700E+00	-1.081398E+00	3.251278E-02	1.563911E+00	2.039033E+00	1.091999E+00	2.039895E+00	9.228468E-01	5.799408E-02
2.800000E-01	-3.747753E+00	6.106918E+00	-2.686538E+00	6.074993E+00	-1.066622E+00	3.208779E-02	1.533604E+00	1.996445E+00	1.071146E+00	1.997420E+00	9.085474E-01	5.722328E-02
2.900000E-01	-3.695256E+00	6.021978E+00	-2.649060E+00	5.990485E+00	-1.051529E+00	3.165337E-02	1.502816E+00	1.953213E+00	1.049969E+00	1.954303E+00	8.939772E-01	5.643565E-02
3.000000E-01	-3.641713E+00	5.935338E+00	-2.610833E+00	5.904286E+00	-1.036138E+00	3.121008E-02	1.471601E+00	1.909416E+00	1.028503E+00	1.910622E+00	8.791581E-01	5.563222E-02
3.100000E-01	-3.587196E+00	5.847110E+00	-2.571908E+00	5.816508E+00	-1.020468E+00	3.075846E-02	1.440013E+00	1.865132E+00	1.006785E+00	1.866453E+00	8.641120E-01	5.481402E-02
3.200000E-01	-3.531773E+00	5.757407E+00	-2.532334E+00	5.727262E+00	-1.004541E+00	3.029908E-02	1.408104E+00	1.820436E+00	9.848535E-01	1.821872E+00	8.488608E-01	5.398208E-02
3.300000E-01	-3.475515E+00	5.666341E+00	-2.492161E+00	5.636660E+00	-9.883770E-01	2.983252E-02	1.375927E+00	1.775404E+00	9.627437E-01	1.776956E+00	8.334263E-01	5.313744E-02
3.400000E-01	-3.418492E+00	5.574024E+00	-2.451438E+00	5.544814E+00	-9.719956E-01	2.935932E-02	1.343534E+00	1.730112E+00	9.404916E-01	1.731779E+00	8.178302E-01	5.228114E-02
3.500000E-01	-3.360773E+00	5.480569E+00	-2.410216E+00	5.451836E+00	-9.554173E-01	2.888005E-02	1.310976E+00	1.684634E+00	9.181328E-01	1.686415E+00	8.020940E-01	5.141421E-02
3.600000E-01	-3.302429E+00	5.386088E+00	-2.368544E+00	5.357837E+00	-9.386623E-01	2.839529E-02	1.278303E+00	1.639043E+00	8.957021E-01	1.640937E+00	7.862390E-01	5.053769E-02
3.700000E-01	-3.243528E+00	5.290694E+00	-2.326471E+00	5.262930E+00	-9.217507E-01	2.790558E-02	1.245565E+00	1.593410E+00	8.732336E-01	1.595416E+00	7.702862E-01	4.965261E-02
3.800000E-01	-3.184139E+00	5.194496E+00	-2.284046E+00	5.167224E+00	-9.047024E-01	2.741150E-02	1.212810E+00	1.547804E+00	8.507606E-01	1.549921E+00	7.542563E-01	4.875998E-02
3.900000E-01	-3.124332E+00	5.097605E+00	-2.241318E+00	5.070828E+00	-8.875372E-01	2.691358E-02	1.180086E+00	1.502294E+00	8.283157E-01	1.504521E+00	7.381696E-01	4.786081E-02
4.000000E-01	-3.064172E+00	5.000129E+00	-2.198335E+00	4.973851E+00	-8.702745E-01	2.641239E-02	1.147438E+00	1.456946E+00	8.059306E-01	1.459280E+00	7.220459E-01	4.695612E-02
4.100000E-01	-3.003727E+00	4.902176E+00	-2.155145E+00	4.876400E+00	-8.529335E-01	2.590846E-02	1.114911E+00	1.411824E+00	7.836358E-01	1.414264E+00	7.059048E-01	4.604689E-02
4.200000E-01	-2.943062E+00	4.803853E+00	-2.111794E+00	4.778580E+00	-8.355333E-01	2.540232E-02	1.082548E+00	1.366990E+00	7.614610E-01	1.369533E+00	6.897653E-01	4.513408E-02
4.300000E-01	-2.882243E+00	4.705262E+00	-2.068328E+00	4.680494E+00	-8.180924E-01	2.489452E-02	1.050390E+00	1.322503E+00	7.394346E-01	1.325147E+00	6.736458E-01	4.421867E-02
4.400000E-01	-2.821331E+00	4.606506E+00	-2.024792E+00	4.582245E+00	-8.006290E-01	2.438556E-02	1.018479E+00	1.278422E+00	7.175841E-01	1.281163E+00	6.575642E-01	4.330158E-02
4.500000E-01	-2.760389E+00	4.507685E+00	-1.981231E+00	4.483931E+00	-7.831612E-01	2.387595E-02	9.868513E-01	1.234800E+00	6.959357E-01	1.237637E+00	6.415379E-01	4.238374E-02
4.600000E-01	-2.699478E+00	4.408898E+00	-1.937688E+00	4.385651E+00	-7.657062E-01	2.336619E-02	9.555444E-01	1.191690E+00	6.745143E-01	1.194620E+00	6.255837E-01	4.146606E-02
4.700000E-01	-2.638657E+00	4.310239E+00	-1.894204E+00	4.287499E+00	-7.482812E-01	2.285677E-02	9.245931E-01	1.149142E+00	6.533436E-01	1.152161E+00	6.097177E-01	4.054940E-02
4.800000E-01	-2.577983E+00	4.211802E+00	-1.850822E+00	4.189568E+00	-7.309026E-01	2.234817E-02	8.940303E-01	1.107203E+00	6.324460E-01	1.110309E+00	5.939554E-01	3.963463E-02
4.900000E-01	-2.517512E+00	4.113677E+00	-1.807580E+00	4.091948E+00	-7.135866E-01	2.184084E-02	8.638872E-01	1.065918E+00	6.118427E-01	1.069106E+00	5.783117E-01	3.872258E-02
5.000000E-01	-2.457298E+00	4.015951E+00	-1.764517E+00	3.994725E+00	-6.963487E-01	2.133523E-02	8.341933E-01	1.025328E+00	5.915535E-01	1.028596E+00	5.628007E-01	3.781405E-02
5.100000E-01	-2.397394E+00	3.918711E+00	-1.721672E+00	3.897985E+00	-6.792039E-01	2.083179E-02	8.049760E-01	9.854720E-01	5.715968E-01	9.888158E-01	5.474360E-01	3.690983E-02
5.200000E-01	-2.337850E+00	3.822036E+00	-1.679080E+00	3.801810E+00	-6.621668E-01	2.033092E-02	7.762608E-01	9.463867E-01	5.519897E-01	9.498027E-01	5.322303E-01	3.601067E-02
5.300000E-01	-2.278715E+00	3.726008E+00	-1.636775E+00	3.706276E+00	-6.452513E-01	1.983305E-02	7.480714E-01	9.081054E-01	5.327480E-01	9.115898E-01	5.171957E-01	3.511730E-02
5.400000E-01	-2.220036E+00	3.630700E+00	-1.594791E+00	3.611461E+00	-6.284707E-01	1.933856E-02	7.204295E-01	8.706589E-01	5.138861E-01	8.742078E-01	5.023437E-01	3.423042E-02
5.500000E-01	-2.161857E+00	3.536186E+00	-1.553161E+00	3.517435E+00	-6.118379E-01	1.884782E-02	6.933550E-01	8.340754E-01	4.954171E-01	8.376847E-01	4.876849E-01	3.335070E-02
5.600000E-01	-2.104220E+00	3.442536E+00	-1.511914E+00	3.424269E+00	-5.953651E-01	1.836121E-02	6.668659E-01	7.983801E-01	4.773526E-01	8.020458E-01	4.732292E-01	3.247878E-02
5.700000E-01	-2.047168E+00	3.349815E+00	-1.471081E+00	3.332028E+00	-5.790638E-01	1.787905E-02	6.409782E-01	7.635958E-01	4.597031E-01	7.673138E-01	4.589860E-01	3.161527E-02
5.800000E-01	-1.990737E+00	3.258087E+00	-1.430688E+00	3.240775E+00	-5.629452E-01	1.740169E-02	6.157063E-01	7.297427E-01	4.424777E-01	7.335086E-01	4.449638E-01	3.076075E-02
5.900000E-01	-1.934966E+00	3.167411E+00	-1.390761E+00	3.150568E+00	-5.470196E-01	1.692944E-02	5.910626E-01	6.968383E-01	4.256842E-01	7.006479E-01	4.311705E-01	2.991578E-02
6.000000E-01	-1.879888E+00	3.077843E+00	-1.351326E+00	3.061465E+00	-5.312968E-01	1.646258E-02	5.670578E-01	6.648977E-01	4.093292E-01	6.687465E-01	4.176133E-01	2.908087E-02
6.100000E-01	-1.825536E+00	2.989436E+00	-1.312406E+00	2.973517E+00	-5.157860E-01	1.600141E-02	5.437008E-01	6.339336E-01	3.934179E-01	6.378170E-01	4.042986E-01	2.825653E-02
6.200000E-01	-1.771939E+00	2.902240E+00	-1.274023E+00	2.886774E+00	-5.004958E-01	1.554618E-02	5.209988E-01	6.039561E-01	3.779546E-01	6.078697E-01	3.912322E-01	2.744320E-02
6.300000E-01	-1.719128E+00	2.816302E+00	-1.236196E+00	2.801282E+00	-4.854343E-01	1.509715E-02	4.989575E-01	5.749734E-01	3.629422E-01	5.789125E-01	3.784194E-01	2.664133E-02
6.400000E-01	-1.667127E+00	2.731663E+00	-1.198945E+00	2.717084E+00	-4.706088E-01	1.465454E-02	4.775808E-01	5.469911E-01	3.483825E-01	5.509509E-01	3.658647E-01	2.585131E-02
6.500000E-01	-1.615960E+00	2.648364E+00	-1.162287E+00	2.634219E+00	-4.560261E-01	1.421856E-02	4.568712E-01	5.200129E-01	3.342761E-01	5.239885E-01	3.535720E-01	2.507351E-02
6.600000E-01	-1.565651E+00	2.566442E+00	-1.126238E+00	2.552724E+00	-4.416924E-01	1.378942E-02	4.368295E-01	4.940403E-01	3.206228E-01	4.980268E-01	3.415445E-01	2.430828E-02
6.700000E-01	-1.516218E+00	2.485929E+00	-1.090813E+00	2.472631E+00	-4.276135E-01	1.336730E-02	4.174553E-01	4.690729E-01	3.074212E-01	4.730651E-01	3.297851E-01	2.355592E-02
6.800000E-01	-1.467681E+00	2.406856E+00	-1.056025E+00	2.393971E+00	-4.137942E-01	1.295236E-02	3.987466E-01	4.451081E-01	2.946688E-01	4.491009E-01	3.182957E-01	2.281673E-02
6.900000E-01	-1.420055E+00	2.329250E+00	-1.021885E+00	2.316770E+00	-4.002392E-01	1.254476E-02	3.807003E-01	4.221419E-01	2.823625E-01	4.261299E-01	3.070781E-01	2.209096E-02
7.000000E-01	-1.373355E+00	2.253134E+00	-9.884042E-01	2.241052E+00	-3.869524E-01	1.214462E-02	3.633116E-01	4.001682E-01	2.704981E-01	4.041458E-01	2.961332E-01	2.137884E-02
7.100000E-01	-1.327594E+00	2.178529E+00	-9.555915E-01	2.166838E+00	-3.739372E-01	1.175207E-02	3.465751E-01	3.791792E-01	2.590704E-01	3.831407E-01	2.854615E-01	2.068056E-02
7.200000E-01	-1.282782E+00	2.105454E+00	-9.234546E-01	2.094146E+00	-3.611966E-01	1.136722E-02	3.304836E-01	3.591654E-01	2.480737E-01	3.631050E-01	2.750632E-01	1.999630E-02
7.300000E-01	-1.238927E+00	2.033924E+00	-8.920002E-01	2.022991E+00	-3.487329E-01	1.099016E-02	3.150293E-01	3.401158E-01	2.375013E-01	3.440274E-01	2.649379E-01	1.932621E-02
7.400000E-01	-1.196038E+00	1.963951E+00	-8.612337E-01	1.953385E+00	-3.365481E-01	1.062095E-02	3.002031E-01	3.220177E-01	2.273460E-01	3.258950E-01	2.550846E-01	1.867042E-02
7.500000E-01	-1.154120E+00	1.895544E+00	-8.311590E-01	1.885337E+00	-3.246435E-01	1.025968E-02	2.859950E-01	3.048566E-01	2.175997E-01	3.086933E-01	2.455020E-01	1.802901E-02
7.600000E-01	-1.113176E+00	1.828711E+00	-8.017793E-01	1.818856E+00	-3.130201E-01	9.906372E-03	2.723941E-01	2.886168E-01	2.082539E-01	2.924061E-01	2.361886E-01	1.740207E-02
7.700000E-01	-1.073210E+00	1.763457E+00	-7.730964E-01	1.753945E+00	-3.016784E-01	9.561081E-03	2.593885E-01	2.732806E-01	1.992994E-01	2.770157E-01	2.271423E-01	1.678965E-02
7.800000E-01	-1.034221E+00	1.699783E+00	-7.451111E-01	1.690607E+00	-2.906186E-01	9.223825E-03	2.469656E-01	2.588288E-01	1.907266E-01	2.625027E-01	2.183606E-01	1.619178E-02
7.900000E-01	-9.962105E-01	1.637689E+00	-7.178233E-01	1.628841E+00	-2.798402E-01	8.894619E-03	2.351121E-01	2.452407E-01	1.825252E-01	2.488462E-01	2.098409E-01	1.560846E-02
8.000000E-01	-9.591752E-01	1.577173E+00	-6.912317E-01	1.568644E+00	-2.693426E-01	8.573461E-03	2.238139E-01	2.324935E-01	1.746848E-01	2.360234E-01	2.015801E-01	1.503968E-02
8.100000E-01	-9.231122E-01	1.518231E+00	-6.653342E-01	1.510013E+00	-2.591247E-01	8.260342E-03	2.130561E-01	2.205630E-01	1.671944E-01	2.240099E-01	1.935749E-01	1.448541E-02
8.200000E-01	-8.880171E-01	1.460855E+00	-6.401278E-01	1.452941E+00	-2.491849E-01	7.955240E-03	2.028236E-01	2.094229E-01	1.600428E-01	2.127797E-01	1.858217E-01	1.394560E-02
8.300000E-01	-8.538841E-01	1.405037E+00	-6.156085E-01	1.397419E+00	-2.395215E-01	7.658123E-03	1.931005E-01	1.990452E-01	1.532186E-01	2.023047E-01	1.783168E-01	1.342017E-02
8.400000E-01	-8.207064E-01	1.350767E+00	-5.917716E-01	1.343437E+00	-2.301325E-01	7.368951E-03	1.838704E-01	1.894001E-01	1.467099E-01	1.925554E-01	1.710560E-01	1.290905E-02
8.500000E-01	-7.884762E-01	1.298033E+00	-5.686116E-01	1.290982E+00	-2.210152E-01	7.087673E-03	1.751164E-01	1.804557E-01	1.405051E-01	1.835004E-01	1.640352E-01	1.241213E-02
8.600000E-01	-7.571844E-01	1.246820E+00	-5.461224E-01	1.240041E+00	-2.121671E-01	6.814230E-03	1.668215E-01	1.721788E-01	1.345920E-01	1.751066E-01	1.572500E-01	1.192928E-02
8.700000E-01	-7.268213E-01	1.197113E+00	-5.242970E-01	1.190598E+00	-2.035851E-01	6.548553E-03	1.589683E-01	1.645341E-01	1.289588E-01	1.673397E-01	1.506957E-01	1.146039E-02
8.800000E-01	-6.973760E-01	1.148895E+00	-5.031279E-01	1.142637E+00	-1.952660E-01	6.290568E-03	1.515388E-01	1.574850E-01	1.235933E-01	1.601637E-01	1.443678E-01	1.100529E-02
8.900000E-01	-6.688369E-01	1.102149E+00	-4.826068E-01	1.096140E+00	-1.872064E-01	6.040191E-03	1.445153E-01	1.509940E-01	1.184838E-01	1.535418E-01	1.382613E-01	1.056384E-02
9.000000E-01	-6.411917E-01	1.056854E+00	-4.627253E-01	1.051087E+00	-1.794025E-01	5.797333E-03	1.378796E-01	1.450222E-01	1.136182E-01	1.474362E-01	1.323715E-01	1.013586E-02
9.100000E-01	-6.144274E-01	1.012990E+00	-4.434739E-01	1.007457E+00	-1.718504E-01	5.561897E-03	1.316137E-01	1.395306E-01	1.089850E-01	1.418088E-01	1.266932E-01	9.721160E-03
9.200000E-01	-5.885301E-01	9.705348E-01	-4.248432E-01	9.652289E-01	-1.645462E-01	5.333782E-03	1.256995E-01	1.344798E-01	1.045725E-01	1.366213E-01	1.212215E-01	9.319558E-03
9.300000E-01	-5.634856E-01	9.294663E-01	-4.068228E-01	9.243800E-01	-1.574855E-01	5.112880E-03	1.201188E-01	1.298308E-01	1.003695E-01	1.318358E-01	1.159511E-01	8.930848E-03
9.400000E-01	-5.392789E-01	8.897604E-01	-3.894023E-01	8.848868E-01	-1.506640E-01	4.899077E-03	1.148539E-01	1.255454E-01	9.636504E-02	1.274149E-01	1.108770E-01	8.554820E-03
9.500000E-01	-5.158947E-01	8.513927E-01	-3.725709E-01	8.467249E-01	-1.440771E-01	4.692257E-03	1.098870E-01	1.215865E-01	9.254837E-02	1.233227E-01	1.059939E-01	8.191253E-03
9.600000E-01	-4.933172E-01	8.143380E-01	-3.563174E-01	8.098691E-01	-1.377202E-01	4.492298E-03	1.052008E-01	1.179185E-01	8.890914E-02	1.195243E-01	1.012967E-01	7.839923E-03
9.700000E-01	-4.715302E-01	7.785704E-01	-3.406302E-01	7.742938E-01	-1.315886E-01	4.299074E-03	1.007784E-01	1.145075E-01	8.543737E-02	1.159869E-01	9.678015E-02	7.500597E-03
9.800000E-01	-4.505172E-01	7.440635E-01	-3.254977E-01	7.399725E-01	-1.256774E-01	4.112457E-03	9.660307E-02	1.113221E-01	8.212347E-02	1.126794E-01	9.243911E-02	7.173036E-03
9.900000E-01	-4.302614E-01	7.107903E-01	-3.109080E-01	7.068785E-01	-1.199818E-01	3.932315E-03	9.265891E-02	1.083329E-01	7.895825E-02	1.095732E-01	8.826840E-02	6.856997E-03
1.000000E+00	-4.107456E-01	6.787235E-01	-2.968489E-01	6.749847E-01	-1.144966E-01	3.758513E-03	8.893040E-02	1.055131E-01	7.593299E-02	1.066418E-01	8.426292E-02	6.552234E-03
1.010000E+00	-3.919527E-01	6.478354E-01	-2.833081E-01	6.442633E-01	-1.092170E-01	3.590914E-03	8.540267E-02	1.028384E-01	7.303936E-02	1.038613E-01	8.041759E-02	6.258494E-03
1.020000E+00	-3.738651E-01	6.180980E-01	-2.702734E-01	6.146866E-01	-1.041378E-01	3.429381E-03	8.206154E-02	1.002869E-01	7.026951E-02	1.012099E-01	7.672737E-02	5.975525E-03
1.030000E+00	-3.564654E-01	5.894832E-01	-2.577321E-01	5.862266E-01	-9.925399E-02	3.273772E-03	7.889350E-02	9.783943E-02	6.761602E-02	9.866861E-02	7.318731E-02	5.703069E-03
1.040000E+00	-3.397360E-01	5.619625E-01	-2.456719E-01	5.588549E-01	-9.456038E-02	3.123947E-03	7.588580E-02	9.547895E-02	6.507193E-02	9.622038E-02	6.979250E-02	5.440869E-03
1.050000E+00	-3.236591E-01	5.355075E-01	-2.340800E-01	5.325434E-01	-9.005187E-02	2.979764E-03	7.302645E-02	9.319081E-02	6.263072E-02	9.385048E-02	6.653812E-02	5.188664E-03
1.060000E+00	-3.082171E-01	5.100898E-01	-2.229440E-01	5.072636E-01	-8.572336E-02	2.841079E-03	7.030419E-02	9.096244E-02	6.028631E-02	9.154623E-02	6.341943E-02	4.946195E-03
1.070000E+00	-2.933924E-01	4.856809E-01	-2.122512E-01	4.829874E-01	-8.156974E-02	2.707749E-03	6.770857E-02	8.878321E-02	5.803301E-02	8.929682E-02	6.043177E-02	4.713202E-03
1.080000E+00	-2.791673E-01	4.622524E-01	-2.019892E-01	4.596863E-01	-7.758593E-02	2.579631E-03	6.522989E-02	8.664428E-02	5.586559E-02	8.709318E-02	5.757056E-02	4.489424E-03
1.090000E+00	-2.655244E-01	4.397761E-01	-1.921454E-01	4.373324E-01	-7.376688E-02	2.456581E-03	6.285918E-02	8.453839E-02	5.377915E-02	8.492784E-02	5.483132E-02	4.274601E-03
1.100000E+00	-2.524463E-01	4.182238E-01	-1.827075E-01	4.158976E-01	-7.010758E-02	2.338458E-03	6.058823E-02	8.245973E-02	5.176923E-02	8.279470E-02	5.220968E-02	4.068477E-03
1.110000E+00	-2.399157E-01	3.975677E-01	-1.736632E-01	3.953543E-01	-6.660306E-02	2.225120E-03	5.840954E-02	8.040374E-02	4.983166E-02	8.068894E-02	4.970135E-02	3.870793E-03
1.120000E+00	-2.279155E-01	3.777802E-01	-1.650001E-01	3.756749E-01	-6.324840E-02	2.116425E-03	5.631626E-02	7.836698E-02	4.796266E-02	7.860684E-02	4.730214E-02	3.681295E-03
1.130000E+00	-2.164289E-01	3.588338E-01	-1.567064E-01	3.568322E-01	-6.003876E-02	2.012233E-03	5.430220E-02	7.634695E-02	4.615872E-02	7.654564E-02	4.500799E-02	3.499731E-03
1.140000E+00	-2.054392E-01	3.407016E-01	-1.487701E-01	3.387993E-01	-5.696933E-02	1.912407E-03	5.236177E-02	7.434200E-02	4.441666E-02	7.450338E-02	4.281493E-02	3.325851E-03
1.150000E+00	-1.949299E-01	3.233569E-01	-1.411793E-01	3.215497E-01	-5.403540E-02	1.816808E-03	5.048996E-02	7.235116E-02	4.273353E-02	7.247886E-02	4.071908E-02	3.159408E-03
1.160000E+00	-1.848848E-01	3.067733E-01	-1.339226E-01	3.050571E-01	-5.123232E-02	1.725301E-03	4.868226E-02	7.037407E-02	4.110667E-02	7.047143E-02	3.871669E-02	3.000159E-03
1.170000E+00	-1.752878E-01	2.909250E-01	-1.269885E-01	2.892959E-01	-4.855551E-02	1.637754E-03	4.693466E-02	6.841084E-02	3.953362E-02	6.848097E-02	3.680411E-02	2.847863E-03
1.180000E+00	-1.661235E-01	2.757865E-01	-1.203658E-01	2.742406E-01	-4.600049E-02	1.554032E-03	4.524359E-02	6.646198E-02	3.801215E-02	6.650777E-02	3.497779E-02	2.702285E-03
1.190000E+00	-1.573763E-01	2.613327E-01	-1.140434E-01	2.598665E-01	-4.356285E-02	1.474008E-03	4.360589E-02	6.452835E-02	3.654021E-02	6.455243E-02	3.323431E-02	2.563191E-03
1.200000E+00	-1.490311E-01	2.475392E-01	-1.080106E-01	2.461490E-01	-4.123829E-02	1.397554E-03	4.201875E-02	6.261102E-02	3.511592E-02	6.261582E-02	3.157034E-02	2.430353E-03
1.210000E+00	-1.410732E-01	2.343818E-01	-1.022568E-01	2.330643E-01	-3.902258E-02	1.324544E-03	4.047971E-02	6.071127E-02	3.373758E-02	6.069903E-02	2.998264E-02	2.303547E-03
1.220000E+00	-1.334880E-01	2.218371E-01	-9.677157E-02	2.205889E-01	-3.691159E-02	1.254855E-03	3.898659E-02	5.883051E-02	3.240360E-02	5.880328E-02	2.846811E-02	2.182555E-03
1.230000E+00	-1.262616E-01	2.098820E-01	-9.154482E-02	2.086999E-01	-3.490130E-02	1.188368E-03	3.753747E-02	5.697024E-02	3.111253E-02	5.692988E-02	2.702373E-02	2.067160E-03
1.240000E+00	-1.193799E-01	1.984940E-01	-8.656664E-02	1.973749E-01	-3.298778E-02	1.124963E-03	3.613067E-02	5.513200E-02	2.986302E-02	5.508024E-02	2.564659E-02	1.957153E-03
1.250000E+00	-1.128296E-01	1.876510E-01	-8.182737E-02	1.865921E-01	-3.116718E-02	1.064526E-03	3.476468E-02	5.331736E-02	2.865383E-02	5.325575E-02	2.433387E-02	1.852328E-03
1.260000E+00	-1.065975E-01	1.773318E-01	-7.731758E-02	1.763302E-01	-2.943577E-02	1.006944E-03	3.343821E-02	5.152787E-02	2.748380E-02	5.145782E-02	2.308286E-02	1.752485E-03
1.270000E+00	-1.006709E-01	1.675154E-01	-7.302811E-02	1.665684E-01	-2.778993E-02	9.521065E-04	3.215009E-02	4.976505E-02	2.635185E-02	4.968785E-02	2.189095E-02	1.657429E-03
1.280000E+00	-9.503717E-02	1.581816E-01	-6.895001E-02	1.572864E-01	-2.622611E-02	8.999069E-04	3.089928E-02	4.803035E-02	2.525695E-02	4.794717E-02	2.075560E-02	1.566969E-03
1.290000E+00	-8.968437E-02	1.493104E-01	-6.507460E-02	1.484647E-01	-2.474090E-02	8.502405E-04	2.968486E-02	4.632516E-02	2.419816E-02	4.623706E-02	1.967440E-02	1.480920E-03
1.300000E+00	-8.460071E-02	1.408829E-01	-6.139346E-02	1.400841E-01	-2.333096E-02	8.030053E-04	2.850600E-02	4.465078E-02	2.317454E-02	4.455871E-02	1.864500E-02	1.399101E-03
1.310000E+00	-7.977478E-02	1.328802E-01	-5.789838E-02	1.321261E-01	-2.199306E-02	7.581024E-04	2.736194E-02	4.300843E-02	2.218525E-02	4.291324E-02	1.766514E-02	1.321338E-03
1.320000E+00	-7.519554E-02	1.252844E-01	-5.458143E-02	1.245728E-01	-2.072408E-02	7.154356E-04	2.625199E-02	4.139921E-02	2.122943E-02	4.130167E-02	1.673267E-02	1.247460E-03
1.330000E+00	-7.085227E-02	1.180779E-01	-5.143491E-02	1.174066E-01	-1.952098E-02	6.749114E-04	2.517549E-02	3.982412E-02	2.030628E-02	3.972492E-02	1.584549E-02	1.177303E-03
1.340000E+00	-6.673461E-02	1.112438E-01	-4.845137E-02	1.106107E-01	-1.838085E-02	6.364391E-04	2.413185E-02	3.828406E-02	1.941502E-02	3.818382E-02	1.500161E-02	1.110707E-03
1.350000E+00	-6.283253E-02	1.047656E-01	-4.562359E-02	1.041688E-01	-1.730085E-02	5.999308E-04	2.312049E-02	3.677980E-02	1.855491E-02	3.667906E-02	1.419910E-02	1.047517E-03
1.360000E+00	-5.913635E-02	9.862740E-02	-4.294461E-02	9.806509E-02	-1.627824E-02	5.653015E-04	2.214086E-02	3.531201E-02	1.772518E-02	3.521127E-02	1.343612E-02	9.875830E-04
1.370000E+00	-5.563670E-02	9.281392E-02	-4.040770E-02	9.228428E-02	-1.531040E-02	5.324686E-04	2.119242E-02	3.388126E-02	1.692513E-02	3.378093E-02	1.271088E-02	9.307609E-04
1.380000E+00	-5.232456E-02	8.731034E-02	-3.800634E-02	8.681165E-02	-1.439477E-02	5.013526E-04	2.027464E-02	3.248799E-02	1.615403E-02	3.238845E-02	1.202168E-02	8.769105E-04
1.390000E+00	-4.919120E-02	8.210235E-02	-3.573427E-02	8.163298E-02	-1.352890E-02	4.718763E-04	1.938700E-02	3.113253E-02	1.541119E-02	3.103412E-02	1.136690E-02	8.258968E-04
1.400000E+00	-4.622825E-02	7.717617E-02	-3.358545E-02	7.673457E-02	-1.271044E-02	4.439653E-04	1.852899E-02	2.981514E-02	1.469591E-02	2.971814E-02	1.074496E-02	7.775895E-04
1.410000E+00	-4.342761E-02	7.251853E-02	-3.155405E-02	7.210321E-02	-1.193711E-02	4.175479E-04	1.770007E-02	2.853595E-02	1.400750E-02	2.844061E-02	1.015435E-02	7.318631E-04
1.420000E+00	-4.078152E-02	6.811666E-02	-2.963447E-02	6.772619E-02	-1.120673E-02	3.925547E-04	1.689973E-02	2.729501E-02	1.334528E-02	2.720153E-02	9.593643E-03	6.885966E-04
1.430000E+00	-3.828248E-02	6.395824E-02	-2.782132E-02	6.359128E-02	-1.051720E-02	3.689191E-04	1.612743E-02	2.609226E-02	1.270858E-02	2.600083E-02	9.061451E-03	6.476735E-04
1.440000E+00	-3.592332E-02	6.003147E-02	-2.610941E-02	5.968673E-02	-9.866496E-03	3.465768E-04	1.538263E-02	2.492758E-02	1.209673E-02	2.483835E-02	8.556450E-03	6.089819E-04
1.450000E+00	-3.369713E-02	5.632498E-02	-2.449377E-02	5.600125E-02	-9.252694E-03	3.254659E-04	1.466480E-02	2.380076E-02	1.150907E-02	2.371384E-02	8.077372E-03	5.724140E-04
1.460000E+00	-3.159729E-02	5.282787E-02	-2.296962E-02	5.252397E-02	-8.673935E-03	3.055270E-04	1.397337E-02	2.271151E-02	1.094492E-02	2.262700E-02	7.623003E-03	5.378665E-04
1.470000E+00	-2.961744E-02	4.952968E-02	-2.153237E-02	4.924451E-02	-8.128441E-03	2.867029E-04	1.330778E-02	2.165947E-02	1.040365E-02	2.157745E-02	7.192179E-03	5.052399E-04
1.480000E+00	-2.775149E-02	4.642038E-02	-2.017763E-02	4.615288E-02	-7.614508E-03	2.689386E-04	1.266748E-02	2.064422E-02	9.884594E-03	2.056475E-02	6.783788E-03	4.744390E-04
1.490000E+00	-2.599362E-02	4.349035E-02	-1.890118E-02	4.323952E-02	-7.130505E-03	2.521816E-04	1.205186E-02	1.966528E-02	9.387109E-03	1.958840E-02	6.396762E-03	4.453725E-04
1.500000E+00	-2.433823E-02	4.073039E-02	-1.769901E-02	4.049527E-02	-6.674875E-03	2.363812E-04	1.146037E-02	1.872212E-02	8.910554E-03	1.864785E-02	6.030082E-03	4.179529E-04
1.510000E+00	-2.277999E-02	3.813169E-02	-1.656724E-02	3.791138E-02	-6.246124E-03	2.214890E-04	1.089239E-02	1.781415E-02	8.454297E-03	1.774250E-02	5.682773E-03	3.920962E-04
1.520000E+00	-2.131378E-02	3.568581E-02	-1.550219E-02	3.547946E-02	-5.842829E-03	2.074585E-04	1.034735E-02	1.694073E-02	8.017707E-03	1.687171E-02	5.353900E-03	3.677223E-04
1.530000E+00	-1.993474E-02	3.338470E-02	-1.450033E-02	3.319149E-02	-5.463628E-03	1.942454E-04	9.824630E-03	1.610122E-02	7.600164E-03	1.603480E-02	5.042572E-03	3.447544E-04
1.540000E+00	-1.863820E-02	3.122067E-02	-1.355829E-02	3.103984E-02	-5.107225E-03	1.818072E-04	9.323638E-03	1.529489E-02	7.201052E-03	1.523105E-02	4.747935E-03	3.231192E-04
1.550000E+00	-1.741971E-02	2.918637E-02	-1.267286E-02	2.901718E-02	-4.772380E-03	1.701030E-04	8.843765E-03	1.452102E-02	6.819765E-03	1.445973E-02	4.469173E-03	3.027467E-04
1.560000E+00	-1.627503E-02	2.727479E-02	-1.184098E-02	2.711655E-02	-4.457912E-03	1.590942E-04	8.384406E-03	1.377884E-02	6.455704E-03	1.372007E-02	4.205505E-03	2.835699E-04
1.570000E+00	-1.520012E-02	2.547924E-02	-1.105971E-02	2.533129E-02	-4.162699E-03	1.487436E-04	7.944955E-03	1.306757E-02	6.108278E-03	1.301128E-02	3.956188E-03	2.655250E-04
1.580000E+00	-1.419112E-02	2.379335E-02	-1.032627E-02	2.365508E-02	-3.885668E-03	1.390158E-04	7.524806E-03	1.238642E-02	5.776907E-03	1.233255E-02	3.720508E-03	2.485512E-04
1.590000E+00	-1.324437E-02	2.221106E-02	-9.638000E-03	2.208187E-02	-3.625801E-03	1.298770E-04	7.123356E-03	1.173456E-02	5.461018E-03	1.168306E-02	3.497786E-03	2.325903E-04
1.600000E+00	-1.235638E-02	2.072657E-02	-8.992382E-03	2.060592E-02	-3.382129E-03	1.212949E-04	6.740005E-03	1.111118E-02	5.160050E-03	1.106198E-02	3.287372E-03	2.175872E-04
1.610000E+00	-1.152383E-02	1.933440E-02	-8.387009E-03	1.922177E-02	-3.153731E-03	1.132390E-04	6.374160E-03	1.051542E-02	4.873453E-03	1.046848E-02	3.088646E-03	2.034892E-04
1.620000E+00	-1.074356E-02	1.802932E-02	-7.819596E-03	1.792420E-02	-2.939731E-03	1.056798E-04	6.025229E-03	9.946463E-03	4.600685E-03	9.901701E-03	2.901016E-03	1.902462E-04
1.630000E+00	-1.001257E-02	1.680635E-02	-7.287971E-03	1.670829E-02	-2.739300E-03	9.858976E-05	5.692629E-03	9.403453E-03	4.341219E-03	9.360812E-03	2.723918E-03	1.778106E-04
1.640000E+00	-9.328024E-03	1.566078E-02	-6.790072E-03	1.556933E-02	-2.551648E-03	9.194225E-05	5.375783E-03	8.885552E-03	4.094536E-03	8.844963E-03	2.556813E-03	1.661371E-04
1.650000E+00	-8.687211E-03	1.458813E-02	-6.323942E-03	1.450288E-02	-2.376027E-03	8.571215E-05	5.074124E-03	8.391918E-03	3.860130E-03	8.353315E-03	2.399185E-03	1.551827E-04
1.660000E+00	-8.087571E-03	1.358415E-02	-5.887722E-03	1.350470E-02	-2.211729E-03	7.987555E-05	4.787090E-03	7.921718E-03	3.637509E-03	7.885031E-03	2.250545E-03	1.449064E-04
1.670000E+00	-7.526676E-03	1.264480E-02	-5.479653E-03	1.257079E-02	-2.058081E-03	7.440975E-05	4.514132E-03	7.474122E-03	3.426190E-03	7.439283E-03	2.110425E-03	1.352695E-04
1.680000E+00	-7.002222E-03	1.176626E-02	-5.098065E-03	1.169734E-02	-1.914448E-03	6.929320E-05	4.254709E-03	7.048311E-03	3.225705E-03	7.015252E-03	1.978380E-03	1.262353E-04
1.690000E+00	-6.512031E-03	1.094491E-02	-4.741377E-03	1.088075E-02	-1.780227E-03	6.450545E-05	4.008291E-03	6.643476E-03	3.035597E-03	6.612128E-03	1.853985E-03	1.177688E-04
1.700000E+00	-6.054039E-03	1.017732E-02	-4.408092E-03	1.011762E-02	-1.654848E-03	6.002713E-05	3.774360E-03	6.258819E-03	2.855423E-03	6.229115E-03	1.736835E-03	1.098368E-04
1.710000E+00	-5.626293E-03	9.460253E-03	-4.096795E-03	9.404714E-03	-1.537772E-03	5.583986E-05	3.552408E-03	5.893556E-03	2.684751E-03	5.865430E-03	1.626545E-03	1.024082E-04
1.720000E+00	-5.226947E-03	8.790631E-03	-3.806145E-03	8.738984E-03	-1.428491E-03	5.192624E-05	3.341941E-03	5.546917E-03	2.523164E-03	5.520303E-03	1.522748E-03	9.545321E-05
1.730000E+00	-4.854258E-03	8.165554E-03	-3.534878E-03	8.117544E-03	-1.326523E-03	4.826981E-05	3.142475E-03	5.218148E-03	2.370257E-03	5.192982E-03	1.425095E-03	8.894372E-05
1.740000E+00	-4.506577E-03	7.582281E-03	-3.281796E-03	7.537667E-03	-1.231413E-03	4.485499E-05	2.953539E-03	4.906512E-03	2.225636E-03	4.882730E-03	1.333252E-03	8.285317E-05
1.750000E+00	-4.182348E-03	7.038221E-03	-3.045770E-03	6.996778E-03	-1.142735E-03	4.166702E-05	2.774678E-03	4.611286E-03	2.088923E-03	4.588827E-03	1.246905E-03	7.715643E-05
1.760000E+00	-3.880102E-03	6.530930E-03	-2.825734E-03	6.492446E-03	-1.060082E-03	3.869199E-05	2.605445E-03	4.331767E-03	1.959749E-03	4.310572E-03	1.165751E-03	7.182974E-05
1.770000E+00	-3.598456E-03	6.058100E-03	-2.620682E-03	6.022377E-03	-9.830740E-04	3.591673E-05	2.445409E-03	4.067273E-03	1.837761E-03	4.047281E-03	1.089505E-03	6.685065E-05
1.780000E+00	-3.336101E-03	5.617556E-03	-2.429665E-03	5.584406E-03	-9.113517E-04	3.332882E-05	2.294153E-03	3.817135E-03	1.722617E-03	3.798291E-03	1.017896E-03	6.219796E-05
1.790000E+00	-3.091809E-03	5.207246E-03	-2.251790E-03	5.176496E-03	-8.445765E-04	3.091653E-05	2.151271E-03	3.580707E-03	1.613986E-03	3.562955E-03	9.506643E-04	5.785165E-05
1.800000E+00	-2.864420E-03	4.825239E-03	-2.086214E-03	4.796725E-03	-7.824298E-04	2.866879E-05	2.016372E-03	3.357363E-03	1.511551E-03	3.340650E-03	8.875651E-04	5.379282E-05
1.810000E+00	-2.652844E-03	4.469714E-03	-1.932144E-03	4.443282E-03	-7.246118E-04	2.657517E-05	1.889076E-03	3.146493E-03	1.415006E-03	3.130768E-03	8.283654E-04	5.000367E-05
1.820000E+00	-2.456052E-03	4.138959E-03	-1.788835E-03	4.114466E-03	-6.708405E-04	2.462583E-05	1.769019E-03	2.947511E-03	1.324057E-03	2.932724E-03	7.728439E-04	4.646739E-05
1.830000E+00	-2.273080E-03	3.831361E-03	-1.655584E-03	3.808672E-03	-6.208507E-04	2.281153E-05	1.655848E-03	2.759848E-03	1.238422E-03	2.745950E-03	7.207908E-04	4.316814E-05
1.840000E+00	-2.103020E-03	3.545405E-03	-1.531731E-03	3.524395E-03	-5.743933E-04	2.112354E-05	1.549223E-03	2.582954E-03	1.157830E-03	2.569900E-03	6.720070E-04	4.009101E-05
1.850000E+00	-1.945018E-03	3.279666E-03	-1.416656E-03	3.260218E-03	-5.312341E-04	1.955366E-05	1.448818E-03	2.416301E-03	1.082020E-03	2.404046E-03	6.263037E-04	3.722193E-05
1.860000E+00	-1.798273E-03	3.032807E-03	-1.309776E-03	3.014810E-03	-4.911534E-04	1.809416E-05	1.354318E-03	2.259379E-03	1.010743E-03	2.247881E-03	5.835020E-04	3.454770E-05
1.870000E+00	-1.662034E-03	2.803569E-03	-1.210545E-03	2.786921E-03	-4.539449E-04	1.673780E-05	1.265421E-03	2.111697E-03	9.437595E-04	2.100915E-03	5.434323E-04	3.205584E-05
1.880000E+00	-1.535593E-03	2.590773E-03	-1.118448E-03	2.575379E-03	-4.194151E-04	1.547775E-05	1.181838E-03	1.972784E-03	8.808420E-04	1.962679E-03	5.059340E-04	2.973467E-05
1.890000E+00	-1.418290E-03	2.393311E-03	-1.033004E-03	2.379081E-03	-3.873826E-04	1.430761E-05	1.103290E-03	1.842186E-03	8.217714E-04	1.832721E-03	4.708549E-04	2.757315E-05
1.900000E+00	-1.309502E-03	2.210146E-03	-9.537620E-04	2.196996E-03	-3.576773E-04	1.322137E-05	1.029511E-03	1.719470E-03	7.663389E-04	1.710608E-03	4.380511E-04	2.556095E-05
1.910000E+00	-1.208650E-03	2.040304E-03	-8.802980E-04	2.028157E-03	-3.301400E-04	1.221338E-05	9.602464E-04	1.604217E-03	7.143449E-04	1.595925E-03	4.073865E-04	2.368833E-05
1.920000E+00	-1.115186E-03	1.882874E-03	-8.122155E-04	1.871657E-03	-3.046214E-04	1.127835E-05	8.952517E-04	1.496030E-03	6.655991E-04	1.488274E-03	3.787321E-04	2.194617E-05
1.930000E+00	-1.028602E-03	1.737001E-03	-7.491434E-04	1.726646E-03	-2.809820E-04	1.041133E-05	8.342941E-04	1.394525E-03	6.199200E-04	1.387276E-03	3.519663E-04	2.032588E-05
1.940000E+00	-9.484203E-04	1.601885E-03	-6.907341E-04	1.592329E-03	-2.590911E-04	9.607651E-06	7.771506E-04	1.299339E-03	5.771346E-04	1.292566E-03	3.269738E-04	1.881940E-05
1.950000E+00	-8.741935E-04	1.476779E-03	-6.366625E-04	1.467964E-03	-2.388264E-04	8.862970E-06	7.236089E-04	1.210122E-03	5.370782E-04	1.203797E-03	3.036460E-04	1.741920E-05
1.960000E+00	-8.055042E-04	1.360982E-03	-5.866246E-04	1.352853E-03	-2.200738E-04	8.173206E-06	6.734662E-04	1.126541E-03	4.995942E-04	1.120638E-03	2.818802E-04	1.611817E-05
1.970000E+00	-7.419622E-04	1.253842E-03	-5.403361E-04	1.246348E-03	-2.027265E-04	7.534542E-06	6.265294E-04	1.048279E-03	4.645335E-04	1.042772E-03	2.615795E-04	1.490969E-05
1.980000E+00	-6.832027E-04	1.154745E-03	-4.975315E-04	1.147839E-03	-1.866849E-04	6.943409E-06	5.826147E-04	9.750322E-04	4.317546E-04	9.698980E-04	2.426524E-04	1.378751E-05
1.990000E+00	-6.288851E-04	1.063121E-03	-4.579628E-04	1.056759E-03	-1.718558E-04	6.396467E-06	5.415472E-04	9.065137E-04	4.011229E-04	9.017289E-04	2.250127E-04	1.274581E-05
