kt	u	d	ub	db	uv	dv	du	dd	dub	ddb	duv	ddv
0.000000E+00	-4.156166E-01	4.561913E-01	-1.259750E-02	3.981649E-02	-4.030195E-01	4.163754E-01	3.095459E-02	9.454857E-03	2.083795E-03	1.124538E-03	3.087628E-02	8.952077E-03
1.000000E-02	-4.155200E-01	4.560853E-01	-1.259458E-02	3.980723E-02	-4.049405E-01	4.183599E-01	3.094741E-02	9.451934E-03	2.083307E-03	1.124222E-03	3.093515E-02	9.189515E-03
2.000000E-02	-4.152304E-01	4.557673E-01	-1.258579E-02	3.977948E-02	-4.046693E-01	4.180796E-01	3.092586E-02	9.443172E-03	2.081844E-03	1.123278E-03	3.091436E-02	9.183873E-03
3.000000E-02	-4.147481E-01	4.552379E-01	-1.257117E-02	3.973327E-02	-4.042003E-01	4.175950E-01	3.088999E-02	9.428587E-03	2.079407E-03	1.121704E-03	3.087860E-02	9.170390E-03
4.000000E-02	-4.140738E-01	4.544977E-01	-1.255073E-02	3.966866E-02	-4.035441E-01	4.169170E-01	3.083984E-02	9.408204E-03	2.076001E-03	1.119506E-03	3.082858E-02	9.151443E-03
5.000000E-02	-4.132086E-01	4.535478E-01	-1.252450E-02	3.958575E-02	-4.027018E-01	4.160466E-01	3.077549E-02	9.382061E-03	2.071629E-03	1.116685E-03	3.076436E-02	9.127077E-03
6.000000E-02	-4.121534E-01	4.523895E-01	-1.249251E-02	3.948465E-02	-4.016744E-01	4.149850E-01	3.069701E-02	9.350207E-03	2.066299E-03	1.113248E-03	3.068605E-02	9.097336E-03
7.000000E-02	-4.109099E-01	4.510244E-01	-1.245481E-02	3.936550E-02	-4.004635E-01	4.137338E-01	3.060454E-02	9.312698E-03	2.060017E-03	1.109199E-03	3.059375E-02	9.062274E-03
8.000000E-02	-4.094798E-01	4.494544E-01	-1.241145E-02	3.922847E-02	-3.990707E-01	4.122946E-01	3.049818E-02	9.269603E-03	2.052792E-03	1.104547E-03	3.048758E-02	9.021954E-03
9.000000E-02	-4.078650E-01	4.476816E-01	-1.236250E-02	3.907374E-02	-3.974979E-01	4.106694E-01	3.037810E-02	9.221001E-03	2.044635E-03	1.099297E-03	3.036771E-02	8.976446E-03
1.000000E-01	-4.060678E-01	4.457086E-01	-1.230801E-02	3.890153E-02	-3.957472E-01	4.088604E-01	3.024446E-02	9.166978E-03	2.035556E-03	1.093460E-03	3.023429E-02	8.925834E-03
1.100000E-01	-4.040905E-01	4.435381E-01	-1.224807E-02	3.871208E-02	-3.938212E-01	4.068703E-01	3.009745E-02	9.107632E-03	2.025570E-03	1.087045E-03	3.008751E-02	8.870206E-03
1.200000E-01	-4.019361E-01	4.411729E-01	-1.218275E-02	3.850565E-02	-3.917224E-01	4.047016E-01	2.993727E-02	9.043070E-03	2.014688E-03	1.080063E-03	2.992758E-02	8.809661E-03
1.300000E-01	-3.996073E-01	4.386164E-01	-1.211215E-02	3.828251E-02	-3.894537E-01	4.023574E-01	2.976414E-02	8.973406E-03	2.002926E-03	1.072526E-03	2.975472E-02	8.744306E-03
1.400000E-01	-3.971073E-01	4.358720E-01	-1.203636E-02	3.804297E-02	-3.870182E-01	3.998408E-01	2.957830E-02	8.898766E-03	1.990301E-03	1.064445E-03	2.956915E-02	8.674255E-03
1.500000E-01	-3.944396E-01	4.329434E-01	-1.195548E-02	3.778735E-02	-3.844192E-01	3.971552E-01	2.938001E-02	8.819280E-03	1.976830E-03	1.055834E-03	2.937115E-02	8.599630E-03
1.600000E-01	-3.916078E-01	4.298346E-01	-1.186963E-02	3.751601E-02	-3.816602E-01	3.943044E-01	2.916953E-02	8.735090E-03	1.962531E-03	1.046708E-03	2.916097E-02	8.520561E-03
1.700000E-01	-3.886155E-01	4.265498E-01	-1.177891E-02	3.722931E-02	-3.787449E-01	3.912920E-01	2.894716E-02	8.646342E-03	1.947423E-03	1.037081E-03	2.893891E-02	8.437185E-03
1.800000E-01	-3.854669E-01	4.230933E-01	-1.168346E-02	3.692762E-02	-3.756772E-01	3.881221E-01	2.871320E-02	8.553192E-03	1.931527E-03	1.026969E-03	2.870526E-02	8.349644E-03
1.900000E-01	-3.821661E-01	4.194697E-01	-1.158339E-02	3.661135E-02	-3.724611E-01	3.847990E-01	2.846795E-02	8.455800E-03	1.914864E-03	1.016388E-03	2.846033E-02	8.258088E-03
2.000000E-01	-3.787175E-01	4.156839E-01	-1.147884E-02	3.628091E-02	-3.691010E-01	3.813270E-01	2.821174E-02	8.354334E-03	1.897456E-03	1.005355E-03	2.820446E-02	8.162671E-03
2.100000E-01	-3.751256E-01	4.117408E-01	-1.136994E-02	3.593675E-02	-3.656012E-01	3.777107E-01	2.794492E-02	8.248967E-03	1.879327E-03	9.938867E-04	2.793798E-02	8.063555E-03
2.200000E-01	-3.713951E-01	4.076455E-01	-1.125685E-02	3.557930E-02	-3.619663E-01	3.739548E-01	2.766784E-02	8.139877E-03	1.860501E-03	9.820024E-04	2.766124E-02	7.960903E-03
2.300000E-01	-3.675308E-01	4.034034E-01	-1.113970E-02	3.520904E-02	-3.582009E-01	3.700641E-01	2.738086E-02	8.027248E-03	1.841001E-03	9.697201E-04	2.737460E-02	7.854887E-03
2.400000E-01	-3.635377E-01	3.990198E-01	-1.101864E-02	3.482643E-02	-3.543100E-01	3.660437E-01	2.708435E-02	7.911268E-03	1.820853E-03	9.570588E-04	2.707844E-02	7.745679E-03
2.500000E-01	-3.594208E-01	3.945004E-01	-1.089383E-02	3.443197E-02	-3.502985E-01	3.618987E-01	2.677869E-02	7.792128E-03	1.800083E-03	9.440379E-04	2.677313E-02	7.633457E-03
2.600000E-01	-3.551854E-01	3.898509E-01	-1.076543E-02	3.402616E-02	-3.461715E-01	3.576343E-01	2.646428E-02	7.670022E-03	1.778718E-03	9.306772E-04	2.645907E-02	7.518401E-03
2.700000E-01	-3.508368E-01	3.850772E-01	-1.063360E-02	3.360949E-02	-3.419341E-01	3.532559E-01	2.614151E-02	7.545148E-03	1.756785E-03	9.169968E-04	2.613665E-02	7.400695E-03
2.800000E-01	-3.463804E-01	3.801851E-01	-1.049850E-02	3.318250E-02	-3.375916E-01	3.487689E-01	2.581078E-02	7.417707E-03	1.734311E-03	9.030169E-04	2.580628E-02	7.280523E-03
2.900000E-01	-3.418217E-01	3.751807E-01	-1.036029E-02	3.274571E-02	-3.331494E-01	3.441788E-01	2.547251E-02	7.287900E-03	1.711324E-03	8.887582E-04	2.546836E-02	7.158074E-03
3.000000E-01	-3.371662E-01	3.700700E-01	-1.021916E-02	3.229964E-02	-3.286128E-01	3.394913E-01	2.512711E-02	7.155930E-03	1.687852E-03	8.742412E-04	2.512330E-02	7.033534E-03
3.100000E-01	-3.324195E-01	3.648593E-01	-1.007526E-02	3.184484E-02	-3.239873E-01	3.347120E-01	2.477500E-02	7.022001E-03	1.663923E-03	8.594869E-04	2.477154E-02	6.907093E-03
3.200000E-01	-3.275874E-01	3.595548E-01	-9.928772E-03	3.138186E-02	-3.192786E-01	3.298465E-01	2.441660E-02	6.886318E-03	1.639568E-03	8.445160E-04	2.441348E-02	6.778941E-03
3.300000E-01	-3.226755E-01	3.541627E-01	-9.779864E-03	3.091122E-02	-3.144920E-01	3.249007E-01	2.405235E-02	6.749085E-03	1.614814E-03	8.293495E-04	2.404956E-02	6.649267E-03
3.400000E-01	-3.176895E-01	3.486894E-01	-9.628712E-03	3.043350E-02	-3.096332E-01	3.198804E-01	2.368265E-02	6.610504E-03	1.589690E-03	8.140082E-04	2.368020E-02	6.518259E-03
3.500000E-01	-3.126352E-01	3.431410E-01	-9.475489E-03	2.994923E-02	-3.047079E-01	3.147912E-01	2.330796E-02	6.470779E-03	1.564227E-03	7.985128E-04	2.330582E-02	6.386105E-03
3.600000E-01	-3.075183E-01	3.375240E-01	-9.320370E-03	2.945897E-02	-2.997215E-01	3.096390E-01	2.292868E-02	6.330111E-03	1.538452E-03	7.828841E-04	2.292686E-02	6.252993E-03
3.700000E-01	-3.023447E-01	3.318446E-01	-9.163529E-03	2.896326E-02	-2.946797E-01	3.044295E-01	2.254525E-02	6.188698E-03	1.512395E-03	7.671425E-04	2.254374E-02	6.119105E-03
3.800000E-01	-2.971199E-01	3.261091E-01	-9.005140E-03	2.846266E-02	-2.895881E-01	2.991686E-01	2.215810E-02	6.046737E-03	1.486086E-03	7.513082E-04	2.215688E-02	5.984626E-03
3.900000E-01	-2.918497E-01	3.203239E-01	-8.845375E-03	2.795771E-02	-2.844522E-01	2.938620E-01	2.176764E-02	5.904422E-03	1.459552E-03	7.354012E-04	2.176671E-02	5.849733E-03
4.000000E-01	-2.865397E-01	3.144950E-01	-8.684406E-03	2.744896E-02	-2.792776E-01	2.885153E-01	2.137430E-02	5.761942E-03	1.432823E-03	7.194414E-04	2.137365E-02	5.714605E-03
4.100000E-01	-2.811957E-01	3.086286E-01	-8.522403E-03	2.693693E-02	-2.740697E-01	2.831343E-01	2.097850E-02	5.619485E-03	1.405927E-03	7.034480E-04	2.097811E-02	5.579414E-03
4.200000E-01	-2.758231E-01	3.027309E-01	-8.359535E-03	2.642217E-02	-2.688339E-01	2.777244E-01	2.058064E-02	5.477234E-03	1.378892E-03	6.874401E-04	2.058050E-02	5.444330E-03
4.300000E-01	-2.704274E-01	2.968079E-01	-8.195967E-03	2.590521E-02	-2.635756E-01	2.722914E-01	2.018113E-02	5.335366E-03	1.351746E-03	6.714363E-04	2.018124E-02	5.309519E-03
4.400000E-01	-2.650140E-01	2.908656E-01	-8.031866E-03	2.538655E-02	-2.583000E-01	2.668405E-01	1.978037E-02	5.194056E-03	1.324516E-03	6.554547E-04	1.978071E-02	5.175143E-03
4.500000E-01	-2.595883E-01	2.849097E-01	-7.867391E-03	2.486671E-02	-2.530124E-01	2.613772E-01	1.937876E-02	5.053471E-03	1.297230E-03	6.395130E-04	1.937932E-02	5.041357E-03
4.600000E-01	-2.541556E-01	2.789461E-01	-7.702702E-03	2.434620E-02	-2.477179E-01	2.559068E-01	1.897669E-02	4.913777E-03	1.269913E-03	6.236285E-04	1.897744E-02	4.908314E-03
4.700000E-01	-2.487209E-01	2.729804E-01	-7.537956E-03	2.382550E-02	-2.424215E-01	2.504344E-01	1.857452E-02	4.775129E-03	1.242592E-03	6.078179E-04	1.857547E-02	4.776160E-03
4.800000E-01	-2.432893E-01	2.670180E-01	-7.373305E-03	2.330510E-02	-2.371281E-01	2.449651E-01	1.817264E-02	4.637681E-03	1.215292E-03	5.920971E-04	1.817377E-02	4.645037E-03
4.900000E-01	-2.378657E-01	2.610646E-01	-7.208897E-03	2.278548E-02	-2.318424E-01	2.395039E-01	1.777140E-02	4.501578E-03	1.188038E-03	5.764819E-04	1.777269E-02	4.515080E-03
5.000000E-01	-2.324550E-01	2.551252E-01	-7.044880E-03	2.226709E-02	-2.265693E-01	2.340557E-01	1.737117E-02	4.366959E-03	1.160855E-03	5.609871E-04	1.737261E-02	4.386420E-03
5.100000E-01	-2.270617E-01	2.492051E-01	-6.881394E-03	2.175037E-02	-2.213132E-01	2.286250E-01	1.697227E-02	4.233959E-03	1.133764E-03	5.456271E-04	1.697385E-02	4.259181E-03
5.200000E-01	-2.216906E-01	2.433092E-01	-6.718579E-03	2.123577E-02	-2.160786E-01	2.232166E-01	1.657505E-02	4.102703E-03	1.106791E-03	5.304156E-04	1.657675E-02	4.133479E-03
5.300000E-01	-2.163459E-01	2.374425E-01	-6.556566E-03	2.072372E-02	-2.108697E-01	2.178348E-01	1.617984E-02	3.973312E-03	1.079956E-03	5.153657E-04	1.618165E-02	4.009428E-03
5.400000E-01	-2.110320E-01	2.316094E-01	-6.395487E-03	2.021460E-02	-2.056908E-01	2.124840E-01	1.578693E-02	3.845898E-03	1.053281E-03	5.004897E-04	1.578883E-02	3.887131E-03
5.500000E-01	-2.057529E-01	2.258147E-01	-6.235465E-03	1.970884E-02	-2.005459E-01	2.071683E-01	1.539663E-02	3.720568E-03	1.026787E-03	4.857993E-04	1.539862E-02	3.766689E-03
5.600000E-01	-2.005127E-01	2.200627E-01	-6.076622E-03	1.920679E-02	-1.954388E-01	2.018917E-01	1.500924E-02	3.597420E-03	1.000494E-03	4.713057E-04	1.501130E-02	3.648193E-03
5.700000E-01	-1.953151E-01	2.143575E-01	-5.919073E-03	1.870884E-02	-1.903733E-01	1.966581E-01	1.462503E-02	3.476547E-03	9.744208E-04	4.570193E-04	1.462714E-02	3.531728E-03
5.800000E-01	-1.901639E-01	2.087031E-01	-5.762928E-03	1.821532E-02	-1.853528E-01	1.914711E-01	1.424427E-02	3.358032E-03	9.485856E-04	4.429495E-04	1.424642E-02	3.417375E-03
5.900000E-01	-1.850625E-01	2.031035E-01	-5.608295E-03	1.772659E-02	-1.803810E-01	1.863343E-01	1.386721E-02	3.241953E-03	9.230062E-04	4.291056E-04	1.386939E-02	3.305205E-03
6.000000E-01	-1.800143E-01	1.975623E-01	-5.455275E-03	1.724294E-02	-1.754609E-01	1.812510E-01	1.349409E-02	3.128381E-03	8.976992E-04	4.154958E-04	1.349629E-02	3.195285E-03
6.100000E-01	-1.750224E-01	1.920829E-01	-5.303964E-03	1.676470E-02	-1.705957E-01	1.762245E-01	1.312515E-02	3.017378E-03	8.726804E-04	4.021276E-04	1.312735E-02	3.087672E-03
6.200000E-01	-1.700898E-01	1.866687E-01	-5.154452E-03	1.629215E-02	-1.657883E-01	1.712577E-01	1.276061E-02	2.909000E-03	8.479648E-04	3.890081E-04	1.276280E-02	2.982421E-03
6.300000E-01	-1.652195E-01	1.813229E-01	-5.006828E-03	1.582556E-02	-1.610416E-01	1.663536E-01	1.240066E-02	2.803296E-03	8.235666E-04	3.761434E-04	1.240283E-02	2.879577E-03
6.400000E-01	-1.604140E-01	1.760482E-01	-4.861170E-03	1.536519E-02	-1.563581E-01	1.615148E-01	1.204550E-02	2.700308E-03	7.994990E-04	3.635393E-04	1.204765E-02	2.779179E-03
6.500000E-01	-1.556760E-01	1.708476E-01	-4.717557E-03	1.491127E-02	-1.517402E-01	1.567439E-01	1.169532E-02	2.600069E-03	7.757746E-04	3.512005E-04	1.169742E-02	2.681261E-03
6.600000E-01	-1.510077E-01	1.657235E-01	-4.576059E-03	1.446404E-02	-1.471903E-01	1.520432E-01	1.135028E-02	2.502609E-03	7.524050E-04	3.391313E-04	1.135233E-02	2.585850E-03
6.700000E-01	-1.464113E-01	1.606785E-01	-4.436742E-03	1.402371E-02	-1.427105E-01	1.474150E-01	1.101053E-02	2.407946E-03	7.294009E-04	3.273354E-04	1.101253E-02	2.492966E-03
6.800000E-01	-1.418889E-01	1.557146E-01	-4.299667E-03	1.359046E-02	-1.383028E-01	1.428612E-01	1.067623E-02	2.316097E-03	7.067722E-04	3.158158E-04	1.067816E-02	2.402625E-03
6.900000E-01	-1.374423E-01	1.508339E-01	-4.164891E-03	1.316448E-02	-1.339689E-01	1.383838E-01	1.034751E-02	2.227068E-03	6.845281E-04	3.045748E-04	1.034936E-02	2.314834E-03
7.000000E-01	-1.330731E-01	1.460384E-01	-4.032465E-03	1.274592E-02	-1.297105E-01	1.339844E-01	1.002448E-02	2.140860E-03	6.626769E-04	2.936143E-04	1.002625E-02	2.229596E-03
7.100000E-01	-1.287830E-01	1.413295E-01	-3.902435E-03	1.233493E-02	-1.255292E-01	1.296645E-01	9.707249E-03	2.057468E-03	6.412260E-04	2.829354E-04	9.708928E-03	2.146910E-03
7.200000E-01	-1.245733E-01	1.367090E-01	-3.774842E-03	1.193165E-02	-1.214261E-01	1.254257E-01	9.395924E-03	1.976880E-03	6.201822E-04	2.725388E-04	9.397505E-03	2.066766E-03
7.300000E-01	-1.204453E-01	1.321781E-01	-3.649725E-03	1.153620E-02	-1.174027E-01	1.212690E-01	9.090586E-03	1.899080E-03	5.995513E-04	2.624246E-04	9.092064E-03	1.989152E-03
7.400000E-01	-1.163999E-01	1.277379E-01	-3.527114E-03	1.114866E-02	-1.134598E-01	1.171956E-01	8.791311E-03	1.824044E-03	5.793385E-04	2.525925E-04	8.792679E-03	1.914050E-03
7.500000E-01	-1.124381E-01	1.233896E-01	-3.407039E-03	1.076914E-02	-1.095983E-01	1.132064E-01	8.498161E-03	1.751742E-03	5.595481E-04	2.430413E-04	8.499416E-03	1.841435E-03
7.600000E-01	-1.085607E-01	1.191338E-01	-3.289522E-03	1.039770E-02	-1.058191E-01	1.093022E-01	8.211192E-03	1.682141E-03	5.401839E-04	2.337699E-04	8.212329E-03	1.771280E-03
7.700000E-01	-1.047683E-01	1.149715E-01	-3.174582E-03	1.003441E-02	-1.021228E-01	1.054836E-01	7.930445E-03	1.615202E-03	5.212487E-04	2.247763E-04	7.931460E-03	1.703553E-03
7.800000E-01	-1.010614E-01	1.109029E-01	-3.062235E-03	9.679311E-03	-9.850978E-02	1.017511E-01	7.655954E-03	1.550879E-03	5.027448E-04	2.160581E-04	7.656845E-03	1.638218E-03
7.900000E-01	-9.744039E-02	1.069287E-01	-2.952492E-03	9.332441E-03	-9.498044E-02	9.810501E-02	7.387743E-03	1.489124E-03	4.846738E-04	2.076128E-04	7.388507E-03	1.575234E-03
8.000000E-01	-9.390546E-02	1.030490E-01	-2.845358E-03	8.993820E-03	-9.153501E-02	9.454566E-02	7.125826E-03	1.429883E-03	4.670366E-04	1.994373E-04	7.126460E-03	1.514557E-03
8.100000E-01	-9.045673E-02	9.926384E-02	-2.740838E-03	8.663459E-03	-8.817357E-02	9.107311E-02	6.870208E-03	1.373099E-03	4.498334E-04	1.915279E-04	6.870711E-03	1.456139E-03
8.200000E-01	-8.709418E-02	9.557333E-02	-2.638930E-03	8.341354E-03	-8.489612E-02	8.768734E-02	6.620885E-03	1.318708E-03	4.330640E-04	1.838811E-04	6.621256E-03	1.399932E-03
8.300000E-01	-8.381767E-02	9.197727E-02	-2.539630E-03	8.027493E-03	-8.170252E-02	8.438822E-02	6.377845E-03	1.266647E-03	4.167274E-04	1.764926E-04	6.378084E-03	1.345880E-03
8.400000E-01	-8.062694E-02	8.847539E-02	-2.442932E-03	7.721853E-03	-7.859252E-02	8.117548E-02	6.141069E-03	1.216847E-03	4.008221E-04	1.693580E-04	6.141176E-03	1.293928E-03
8.500000E-01	-7.752165E-02	8.506730E-02	-2.348823E-03	7.424398E-03	-7.556579E-02	7.804877E-02	5.910528E-03	1.169236E-03	3.853463E-04	1.624727E-04	5.910503E-03	1.244019E-03
8.600000E-01	-7.450133E-02	8.175248E-02	-2.257290E-03	7.135084E-03	-7.262187E-02	7.500764E-02	5.686187E-03	1.123741E-03	3.702972E-04	1.558317E-04	5.686031E-03	1.196093E-03
8.700000E-01	-7.156542E-02	7.853032E-02	-2.168316E-03	6.853859E-03	-6.976021E-02	7.205150E-02	5.468004E-03	1.080286E-03	3.556721E-04	1.494300E-04	5.467719E-03	1.150087E-03
8.800000E-01	-6.871327E-02	7.540011E-02	-2.081882E-03	6.580658E-03	-6.698019E-02	6.917971E-02	5.255931E-03	1.038793E-03	3.414672E-04	1.432621E-04	5.255519E-03	1.105939E-03
8.900000E-01	-6.594414E-02	7.236104E-02	-1.997964E-03	6.315412E-03	-6.428108E-02	6.639153E-02	5.049913E-03	9.991829E-04	3.276788E-04	1.373226E-04	5.049376E-03	1.063585E-03
9.000000E-01	-6.325721E-02	6.941219E-02	-1.916538E-03	6.058042E-03	-6.166208E-02	6.368611E-02	4.849889E-03	9.613762E-04	3.143026E-04	1.316058E-04	4.849228E-03	1.022961E-03
9.100000E-01	-6.065157E-02	6.655258E-02	-1.837576E-03	5.808459E-03	-5.912231E-02	6.106255E-02	4.655792E-03	9.252925E-04	3.013338E-04	1.261060E-04	4.655012E-03	9.840015E-04
9.200000E-01	-5.812625E-02	6.378113E-02	-1.761049E-03	5.566572E-03	-5.666081E-02	5.851987E-02	4.467551E-03	8.908516E-04	2.887673E-04	1.208172E-04	4.466654E-03	9.466414E-04
9.300000E-01	-5.568020E-02	6.109670E-02	-1.686924E-03	5.332279E-03	-5.427658E-02	5.605702E-02	4.285089E-03	8.579734E-04	2.765978E-04	1.157336E-04	4.284079E-03	9.108160E-04
9.400000E-01	-5.331230E-02	5.849805E-02	-1.615169E-03	5.105475E-03	-5.196851E-02	5.367287E-02	4.108326E-03	8.265789E-04	2.648194E-04	1.108490E-04	4.107207E-03	8.764609E-04
9.500000E-01	-5.102139E-02	5.598392E-02	-1.545747E-03	4.886046E-03	-4.973549E-02	5.136624E-02	3.937177E-03	7.965901E-04	2.534263E-04	1.061574E-04	3.935952E-03	8.435125E-04
9.600000E-01	-4.880624E-02	5.355294E-02	-1.478622E-03	4.673875E-03	-4.757630E-02	4.913590E-02	3.771552E-03	7.679307E-04	2.424120E-04	1.016529E-04	3.770226E-03	8.119080E-04
9.700000E-01	-4.666558E-02	5.120373E-02	-1.413755E-03	4.468841E-03	-4.548971E-02	4.698057E-02	3.611359E-03	7.405261E-04	2.317701E-04	9.732916E-05	3.609937E-03	7.815862E-04
9.800000E-01	-4.459809E-02	4.893482E-02	-1.351106E-03	4.270816E-03	-4.347443E-02	4.489891E-02	3.456503E-03	7.143041E-04	2.214938E-04	9.318028E-05	3.454989E-03	7.524870E-04
9.900000E-01	-4.260239E-02	4.674473E-02	-1.290632E-03	4.079669E-03	-4.152913E-02	4.288955E-02	3.306885E-03	6.891950E-04	2.115761E-04	8.920021E-05	3.305284E-03	7.245520E-04
1.000000E+00	-4.067710E-02	4.463191E-02	-1.232293E-03	3.895268E-03	-3.965245E-02	4.095109E-02	3.162404E-03	6.651318E-04	2.020100E-04	8.538298E-05	3.160721E-03	6.977248E-04
1.010000E+00	-3.882077E-02	4.259479E-02	-1.176044E-03	3.717473E-03	-3.784299E-02	3.908207E-02	3.022958E-03	6.420503E-04	1.927881E-04	8.172268E-05	3.021197E-03	6.719507E-04
1.020000E+00	-3.703195E-02	4.063176E-02	-1.121841E-03	3.546145E-03	-3.609933E-02	3.728103E-02	2.888440E-03	6.198897E-04	1.839030E-04	7.821351E-05	2.886607E-03	6.471773E-04
1.030000E+00	-3.530915E-02	3.874120E-02	-1.069640E-03	3.381142E-03	-3.442001E-02	3.554647E-02	2.758745E-03	5.985923E-04	1.753472E-04	7.484974E-05	2.756845E-03	6.233543E-04
1.040000E+00	-3.365087E-02	3.692145E-02	-1.019393E-03	3.222319E-03	-3.280357E-02	3.387686E-02	2.633763E-03	5.781037E-04	1.671130E-04	7.162576E-05	2.631801E-03	6.004336E-04
1.050000E+00	-3.205556E-02	3.517082E-02	-9.710555E-04	3.069530E-03	-3.124852E-02	3.227068E-02	2.513386E-03	5.583729E-04	1.591927E-04	6.853608E-05	2.511367E-03	5.783694E-04
1.060000E+00	-3.052171E-02	3.348764E-02	-9.245803E-04	2.922627E-03	-2.975337E-02	3.072637E-02	2.397502E-03	5.393523E-04	1.515786E-04	6.557533E-05	2.395432E-03	5.571185E-04
1.070000E+00	-2.904775E-02	3.187020E-02	-8.799205E-04	2.781462E-03	-2.831659E-02	2.924237E-02	2.286002E-03	5.209977E-04	1.442628E-04	6.273829E-05	2.283885E-03	5.366399E-04
1.080000E+00	-2.763213E-02	3.031680E-02	-8.370288E-04	2.645886E-03	-2.693668E-02	2.781712E-02	2.178773E-03	5.032680E-04	1.372374E-04	6.001987E-05	2.176615E-03	5.168947E-04
1.090000E+00	-2.627329E-02	2.882571E-02	-7.958580E-04	2.515748E-03	-2.561212E-02	2.644904E-02	2.075704E-03	4.861257E-04	1.304946E-04	5.741514E-05	2.073510E-03	4.978467E-04
1.100000E+00	-2.496967E-02	2.739523E-02	-7.563608E-04	2.390901E-03	-2.434137E-02	2.513657E-02	1.976684E-03	4.695360E-04	1.240266E-04	5.491933E-05	1.974458E-03	4.794619E-04
1.110000E+00	-2.371972E-02	2.602364E-02	-7.184898E-04	2.271193E-03	-2.312293E-02	2.387813E-02	1.881600E-03	4.534673E-04	1.178254E-04	5.252783E-05	1.879348E-03	4.617084E-04
1.120000E+00	-2.252187E-02	2.470924E-02	-6.821980E-04	2.156477E-03	-2.195528E-02	2.267215E-02	1.790342E-03	4.378908E-04	1.118834E-04	5.023617E-05	1.788069E-03	4.445564E-04
1.130000E+00	-2.137458E-02	2.345033E-02	-6.474384E-04	2.046605E-03	-2.083692E-02	2.151708E-02	1.702799E-03	4.227804E-04	1.061926E-04	4.804009E-05	1.700509E-03	4.279784E-04
1.140000E+00	-2.027631E-02	2.224522E-02	-6.141645E-04	1.941428E-03	-1.976633E-02	2.041138E-02	1.618862E-03	4.081126E-04	1.007455E-04	4.593545E-05	1.616560E-03	4.119486E-04
1.150000E+00	-1.922555E-02	2.109224E-02	-5.823300E-04	1.840800E-03	-1.874205E-02	1.935350E-02	1.538422E-03	3.938661E-04	9.553435E-05	4.391831E-05	1.536112E-03	3.964434E-04
1.160000E+00	-1.822077E-02	1.998973E-02	-5.518891E-04	1.744578E-03	-1.776259E-02	1.834192E-02	1.461370E-03	3.800219E-04	9.055158E-05	4.198487E-05	1.459056E-03	3.814406E-04
1.170000E+00	-1.726048E-02	1.893606E-02	-5.227966E-04	1.652617E-03	-1.682650E-02	1.737515E-02	1.387600E-03	3.665629E-04	8.578974E-05	4.013152E-05	1.385287E-03	3.669199E-04
1.180000E+00	-1.634321E-02	1.792959E-02	-4.950076E-04	1.564777E-03	-1.593234E-02	1.645169E-02	1.317006E-03	3.534740E-04	8.124141E-05	3.835477E-05	1.314697E-03	3.528625E-04
1.190000E+00	-1.546750E-02	1.696873E-02	-4.684780E-04	1.480917E-03	-1.507868E-02	1.557007E-02	1.249485E-03	3.407415E-04	7.689933E-05	3.665133E-05	1.247184E-03	3.392510E-04
1.200000E+00	-1.463192E-02	1.605190E-02	-4.431644E-04	1.400901E-03	-1.426415E-02	1.472885E-02	1.184933E-03	3.283534E-04	7.275633E-05	3.501805E-05	1.182645E-03	3.260693E-04
1.210000E+00	-1.383504E-02	1.517756E-02	-4.190238E-04	1.324593E-03	-1.348734E-02	1.392661E-02	1.123250E-03	3.162992E-04	6.880534E-05	3.345191E-05	1.120978E-03	3.133028E-04
1.220000E+00	-1.307550E-02	1.434418E-02	-3.960142E-04	1.251859E-03	-1.274692E-02	1.316195E-02	1.064337E-03	3.045691E-04	6.503944E-05	3.195005E-05	1.062083E-03	3.009376E-04
1.230000E+00	-1.235191E-02	1.355026E-02	-3.740943E-04	1.182570E-03	-1.204155E-02	1.243350E-02	1.008096E-03	2.931549E-04	6.145183E-05	3.050976E-05	1.005864E-03	2.889610E-04
1.240000E+00	-1.166295E-02	1.279434E-02	-3.532235E-04	1.116597E-03	-1.136993E-02	1.173991E-02	9.544319E-04	2.820489E-04	5.803586E-05	2.912845E-05	9.522242E-04	2.773614E-04
1.250000E+00	-1.100730E-02	1.207498E-02	-3.333623E-04	1.053815E-03	-1.073079E-02	1.107987E-02	9.032501E-04	2.712446E-04	5.478499E-05	2.780366E-05	9.010699E-04	2.661278E-04
1.260000E+00	-1.038369E-02	1.139077E-02	-3.144716E-04	9.941011E-04	-1.012287E-02	1.045207E-02	8.544593E-04	2.607357E-04	5.169285E-05	2.653305E-05	8.523090E-04	2.552500E-04
1.270000E+00	-9.790856E-03	1.074035E-02	-2.965137E-04	9.373353E-04	-9.544956E-03	9.855271E-03	8.079697E-04	2.505169E-04	4.875321E-05	2.531441E-05	8.058517E-04	2.447185E-04
1.280000E+00	-9.227585E-03	1.012236E-02	-2.794514E-04	8.834005E-04	-8.995858E-03	9.288232E-03	7.636936E-04	2.405832E-04	4.595999E-05	2.414562E-05	7.616100E-04	2.345243E-04
1.290000E+00	-8.692681E-03	9.535494E-03	-2.632487E-04	8.321825E-04	-8.474411E-03	8.749752E-03	7.215454E-04	2.309300E-04	4.330726E-05	2.302469E-05	7.194982E-04	2.246590E-04
1.300000E+00	-8.184982E-03	8.978484E-03	-2.478702E-04	7.835699E-04	-7.979484E-03	8.238663E-03	6.814416E-04	2.215529E-04	4.078924E-05	2.194971E-05	6.794327E-04	2.151146E-04
1.310000E+00	-7.703357E-03	8.450087E-03	-2.332817E-04	7.374545E-04	-7.509973E-03	7.753826E-03	6.433009E-04	2.124482E-04	3.840032E-05	2.091886E-05	6.413318E-04	2.058836E-04
1.320000E+00	-7.246707E-03	7.949093E-03	-2.194498E-04	6.937308E-04	-7.064807E-03	7.294131E-03	6.070440E-04	2.036117E-04	3.613503E-05	1.993044E-05	6.051162E-04	1.969585E-04
1.330000E+00	-6.813961E-03	7.474330E-03	-2.063422E-04	6.522965E-04	-6.642942E-03	6.858504E-03	5.725939E-04	1.950400E-04	3.398807E-05	1.898279E-05	5.707086E-04	1.883326E-04
1.340000E+00	-6.404082E-03	7.024659E-03	-1.939274E-04	6.130521E-04	-6.243369E-03	6.445900E-03	5.398757E-04	1.867293E-04	3.195429E-05	1.807436E-05	5.380342E-04	1.799989E-04
1.350000E+00	-6.016064E-03	6.598976E-03	-1.821750E-04	5.759012E-04	-5.865106E-03	6.055304E-03	5.088167E-04	1.786761E-04	3.002871E-05	1.720365E-05	5.070198E-04	1.719511E-04
1.360000E+00	-5.648933E-03	6.196210E-03	-1.710552E-04	5.407504E-04	-5.507203E-03	5.685736E-03	4.793464E-04	1.708768E-04	2.820648E-05	1.636925E-05	4.775950E-04	1.641826E-04
1.370000E+00	-5.301743E-03	5.815325E-03	-1.605397E-04	5.075093E-04	-5.168739E-03	5.336244E-03	4.513964E-04	1.633278E-04	2.648294E-05	1.556980E-05	4.496911E-04	1.566873E-04
1.380000E+00	-4.973581E-03	5.455319E-03	-1.506006E-04	4.760905E-04	-4.848824E-03	5.005910E-03	4.249005E-04	1.560255E-04	2.485355E-05	1.480400E-05	4.232418E-04	1.494591E-04
1.390000E+00	-4.663566E-03	5.115224E-03	-1.412112E-04	4.464093E-04	-4.546599E-03	4.693844E-03	3.997944E-04	1.489662E-04	2.331395E-05	1.407060E-05	3.981827E-04	1.424919E-04
1.400000E+00	-4.370845E-03	4.794104E-03	-1.323458E-04	4.183843E-04	-4.261232E-03	4.399189E-03	3.760162E-04	1.421461E-04	2.185992E-05	1.336841E-05	3.744518E-04	1.357797E-04
1.410000E+00	-4.094595E-03	4.491056E-03	-1.239793E-04	3.919365E-04	-3.991922E-03	4.121116E-03	3.535060E-04	1.355614E-04	2.048740E-05	1.269629E-05	3.519890E-04	1.293167E-04
1.420000E+00	-3.834025E-03	4.205212E-03	-1.160879E-04	3.669902E-04	-3.737897E-03	3.858828E-03	3.322058E-04	1.292080E-04	1.919245E-05	1.205314E-05	3.307362E-04	1.230970E-04
1.430000E+00	-3.588370E-03	3.935733E-03	-1.086482E-04	3.434721E-04	-3.498411E-03	3.611555E-03	3.120598E-04	1.230820E-04	1.797131E-05	1.143789E-05	3.106375E-04	1.171148E-04
1.440000E+00	-3.356896E-03	3.681813E-03	-1.016381E-04	3.213118E-04	-3.272750E-03	3.378559E-03	2.930142E-04	1.171791E-04	1.682034E-05	1.084954E-05	2.916389E-04	1.113642E-04
1.450000E+00	-3.138896E-03	3.442675E-03	-9.503619E-05	3.004418E-04	-3.060223E-03	3.159126E-03	2.750169E-04	1.114950E-04	1.573604E-05	1.028710E-05	2.736884E-04	1.058395E-04
1.460000E+00	-2.933690E-03	3.217575E-03	-8.882183E-05	2.807969E-04	-2.860170E-03	2.952574E-03	2.580180E-04	1.060254E-04	1.471507E-05	9.749625E-06	2.567359E-04	1.005349E-04
1.470000E+00	-2.740627E-03	3.005798E-03	-8.297528E-05	2.623147E-04	-2.671953E-03	2.758246E-03	2.419695E-04	1.007658E-04	1.375420E-05	9.236194E-06	2.407332E-04	9.544474E-05
1.480000E+00	-2.559081E-03	2.806656E-03	-7.747758E-05	2.449352E-04	-2.494963E-03	2.575512E-03	2.268249E-04	9.571161E-05	1.285033E-05	8.745926E-06	2.256340E-04	9.056323E-05
1.490000E+00	-2.388452E-03	2.619490E-03	-7.231056E-05	2.286010E-04	-2.328616E-03	2.403767E-03	2.125400E-04	9.085817E-05	1.200051E-05	8.277963E-06	2.113937E-04	8.588467E-05
1.500000E+00	-2.228165E-03	2.443672E-03	-6.745680E-05	2.132570E-04	-2.172352E-03	2.242433E-03	1.990719E-04	8.620074E-05	1.120189E-05	7.831478E-06	1.979696E-04	8.140338E-05
1.510000E+00	-2.077670E-03	2.278595E-03	-6.289962E-05	1.988506E-04	-2.025632E-03	2.090957E-03	1.863797E-04	8.173453E-05	1.045176E-05	7.405668E-06	1.853206E-04	7.711370E-05
1.520000E+00	-1.936441E-03	2.123684E-03	-5.862309E-05	1.853314E-04	-1.887946E-03	1.948808E-03	1.744241E-04	7.745465E-05	9.747528E-06	6.999754E-06	1.734074E-04	7.300999E-05
1.530000E+00	-1.803974E-03	1.978386E-03	-5.461195E-05	1.726511E-04	-1.758801E-03	1.815479E-03	1.631674E-04	7.335621E-05	9.086698E-06	6.612981E-06	1.621923E-04	6.908665E-05
1.540000E+00	-1.679788E-03	1.842173E-03	-5.085165E-05	1.607637E-04	-1.637731E-03	1.690487E-03	1.525735E-04	6.943424E-05	8.466902E-06	6.244617E-06	1.516390E-04	6.533811E-05
1.550000E+00	-1.563426E-03	1.714543E-03	-4.732828E-05	1.496253E-04	-1.524286E-03	1.573370E-03	1.426079E-04	6.568376E-05	7.885875E-06	5.893951E-06	1.417132E-04	6.175885E-05
1.560000E+00	-1.454449E-03	1.595014E-03	-4.402859E-05	1.391939E-04	-1.418042E-03	1.463687E-03	1.332376E-04	6.209977E-05	7.341457E-06	5.560295E-06	1.323816E-04	5.834339E-05
1.570000E+00	-1.352440E-03	1.483129E-03	-4.093993E-05	1.294297E-04	-1.318590E-03	1.361018E-03	1.244309E-04	5.867726E-05	6.831591E-06	5.242977E-06	1.236126E-04	5.508632E-05
1.580000E+00	-1.257002E-03	1.378453E-03	-3.805028E-05	1.202946E-04	-1.225545E-03	1.264963E-03	1.161577E-04	5.541122E-05	6.354314E-06	4.941348E-06	1.153761E-04	5.198225E-05
1.590000E+00	-1.167757E-03	1.280569E-03	-3.534817E-05	1.117523E-04	-1.138536E-03	1.175142E-03	1.083891E-04	5.229666E-05	5.907760E-06	4.654778E-06	1.076432E-04	4.902590E-05
1.600000E+00	-1.084344E-03	1.189085E-03	-3.282271E-05	1.037684E-04	-1.057214E-03	1.091192E-03	1.010977E-04	4.932860E-05	5.490153E-06	4.382653E-06	1.003864E-04	4.621204E-05
1.610000E+00	-1.006423E-03	1.103623E-03	-3.046353E-05	9.631025E-05	-9.812452E-04	1.012769E-03	9.425725E-05	4.650210E-05	5.099806E-06	4.124381E-06	9.357947E-05	4.353550E-05
1.620000E+00	-9.336670E-04	1.023828E-03	-2.826080E-05	8.934661E-05	-9.103124E-04	9.395456E-04	8.784267E-05	4.381225E-05	4.735115E-06	3.879383E-06	8.719737E-05	4.099122E-05
1.630000E+00	-8.657690E-04	9.493623E-04	-2.620517E-05	8.284800E-05	-8.441154E-04	8.712120E-04	8.183020E-05	4.125421E-05	4.394558E-06	3.647101E-06	8.121629E-05	3.857421E-05
1.640000E+00	-8.024362E-04	8.799037E-04	-2.428779E-05	7.678641E-05	-7.823690E-04	8.074734E-04	7.619715E-05	3.882316E-05	4.076690E-06	3.426993E-06	7.561356E-05	3.627957E-05
1.650000E+00	-7.433912E-04	8.151485E-04	-2.250025E-05	7.113529E-05	-7.248028E-04	7.480506E-04	7.092195E-05	3.651439E-05	3.780142E-06	3.218533E-06	7.036761E-05	3.410250E-05
1.660000E+00	-6.883713E-04	7.548084E-04	-2.083460E-05	6.586948E-05	-6.711607E-04	6.926792E-04	6.598409E-05	3.432321E-05	3.503618E-06	3.021213E-06	6.545794E-05	3.203829E-05
1.670000E+00	-6.371277E-04	6.986105E-04	-1.928329E-05	6.096517E-05	-6.212003E-04	6.411088E-04	6.136408E-05	3.224505E-05	3.245887E-06	2.834538E-06	6.086506E-05	3.008233E-05
1.680000E+00	-5.894252E-04	6.462967E-04	-1.783921E-05	5.639982E-05	-5.746920E-04	5.931024E-04	5.704341E-05	3.027541E-05	3.005788E-06	2.658033E-06	5.657047E-05	2.823014E-05
1.690000E+00	-5.450413E-04	5.976228E-04	-1.649562E-05	5.215213E-05	-5.314191E-04	5.484362E-04	5.300448E-05	2.840985E-05	2.782221E-06	2.491236E-06	5.255660E-05	2.647732E-05
1.700000E+00	-5.037656E-04	5.523582E-04	-1.524614E-05	4.820197E-05	-4.911765E-04	5.068984E-04	4.923063E-05	2.664407E-05	2.574147E-06	2.333700E-06	4.880680E-05	2.481959E-05
1.710000E+00	-4.653997E-04	5.102850E-04	-1.408477E-05	4.453033E-05	-4.537708E-04	4.682892E-04	4.570606E-05	2.497384E-05	2.380585E-06	2.184995E-06	4.530528E-05	2.325279E-05
1.720000E+00	-4.297561E-04	4.711979E-04	-1.300582E-05	4.111928E-05	-4.190192E-04	4.324200E-04	4.241577E-05	2.339503E-05	2.200608E-06	2.044705E-06	4.203706E-05	2.177286E-05
1.730000E+00	-3.966583E-04	4.349028E-04	-1.200395E-05	3.795190E-05	-3.867494E-04	3.991130E-04	3.934558E-05	2.190361E-05	2.033341E-06	1.912428E-06	3.898799E-05	2.037588E-05
1.740000E+00	-3.659397E-04	4.012172E-04	-1.107412E-05	3.501224E-05	-3.567993E-04	3.682005E-04	3.648206E-05	2.049569E-05	1.877961E-06	1.787777E-06	3.614466E-05	1.905801E-05
1.750000E+00	-3.374434E-04	3.699690E-04	-1.021157E-05	3.228530E-05	-3.290158E-04	3.395247E-04	3.381250E-05	1.916744E-05	1.733692E-06	1.670379E-06	3.349437E-05	1.781557E-05
1.760000E+00	-3.110218E-04	3.409962E-04	-9.411839E-06	2.975693E-05	-3.032550E-04	3.129369E-04	3.132488E-05	1.791519E-05	1.599802E-06	1.559876E-06	3.102514E-05	1.664496E-05
1.770000E+00	-2.865360E-04	3.141465E-04	-8.670712E-06	2.741383E-05	-2.793816E-04	2.882973E-04	2.900785E-05	1.673534E-05	1.475603E-06	1.455921E-06	2.872564E-05	1.554272E-05
1.780000E+00	-2.638554E-04	2.892766E-04	-7.984238E-06	2.524352E-05	-2.572681E-04	2.654746E-04	2.685069E-05	1.562442E-05	1.360448E-06	1.358183E-06	2.658517E-05	1.450551E-05
1.790000E+00	-2.428574E-04	2.662520E-04	-7.348701E-06	2.323425E-05	-2.367951E-04	2.443451E-04	2.484328E-05	1.457909E-05	1.253729E-06	1.266343E-06	2.459363E-05	1.353010E-05
1.800000E+00	-2.234268E-04	2.449463E-04	-6.760614E-06	2.137498E-05	-2.178501E-04	2.247930E-04	2.297607E-05	1.359610E-05	1.154874E-06	1.180094E-06	2.274150E-05	1.261337E-05
1.810000E+00	-2.054554E-04	2.252410E-04	-6.216704E-06	1.965537E-05	-2.003279E-04	2.067096E-04	2.124004E-05	1.267231E-05	1.063347E-06	1.099141E-06	2.101981E-05	1.175232E-05
1.820000E+00	-1.888419E-04	2.070248E-04	-5.713900E-06	1.806571E-05	-1.841297E-04	1.899926E-04	1.962673E-05	1.180473E-05	9.786441E-07	1.023205E-06	1.942009E-05	1.094407E-05
1.830000E+00	-1.734913E-04	1.901935E-04	-5.249326E-06	1.659692E-05	-1.691626E-04	1.745466E-04	1.812812E-05	1.099043E-05	9.002935E-07	9.520142E-07	1.793438E-05	1.018585E-05
1.840000E+00	-1.593146E-04	1.746496E-04	-4.820288E-06	1.524048E-05	-1.553401E-04	1.602819E-04	1.673671E-05	1.022664E-05	8.278525E-07	8.853113E-07	1.655517E-05	9.475002E-06
1.850000E+00	-1.462285E-04	1.603016E-04	-4.424262E-06	1.398840E-05	-1.425809E-04	1.471147E-04	1.544540E-05	9.510661E-06	7.609069E-07	8.228490E-07	1.527542E-05	8.808966E-06
1.860000E+00	-1.341550E-04	1.470642E-04	-4.058889E-06	1.283322E-05	-1.308090E-04	1.349665E-04	1.424755E-05	8.839929E-06	6.990686E-07	7.643916E-07	1.408849E-05	8.185301E-06
1.870000E+00	-1.230213E-04	1.348572E-04	-3.721962E-06	1.176799E-05	-1.199534E-04	1.237641E-04	1.313688E-05	8.211974E-06	6.419745E-07	7.097137E-07	1.298816E-05	7.601666E-06
1.880000E+00	-1.127592E-04	1.236061E-04	-3.411420E-06	1.078616E-05	-1.099476E-04	1.134388E-04	1.210754E-05	7.624431E-06	5.892854E-07	6.586005E-07	1.196856E-05	7.055823E-06
1.890000E+00	-1.033053E-04	1.132412E-04	-3.125338E-06	9.881668E-06	-1.007297E-04	1.039267E-04	1.115399E-05	7.075041E-06	5.406840E-07	6.108470E-07	1.102421E-05	6.545632E-06
1.900000E+00	-9.460010E-05	1.036972E-04	-2.861918E-06	9.048823E-06	-9.224183E-05	9.516805E-05	1.027106E-05	6.561642E-06	4.958739E-07	5.662581E-07	1.014994E-05	6.069052E-06
1.910000E+00	-8.658828E-05	9.491362E-05	-2.619485E-06	8.282328E-06	-8.443000E-05	8.710713E-05	9.453898E-06	6.082170E-06	4.545787E-07	5.246480E-07	9.340940E-06	5.624137E-06
1.920000E+00	-7.921824E-05	8.683372E-05	-2.396477E-06	7.577243E-06	-7.724391E-05	7.969201E-05	8.697943E-06	5.634657E-06	4.165403E-07	4.858400E-07	8.592667E-06	5.209031E-06
1.930000E+00	-7.244190E-05	7.940480E-05	-2.191437E-06	6.928968E-06	-7.063668E-05	7.287429E-05	7.998934E-06	5.217228E-06	3.815180E-07	4.496662E-07	7.900880E-06	4.821968E-06
1.940000E+00	-6.621449E-05	7.257778E-05	-2.003011E-06	6.333218E-06	-6.456466E-05	6.660893E-05	7.352878E-06	4.828097E-06	3.492876E-07	4.159671E-07	7.261609E-06	4.461270E-06
1.950000E+00	-6.049434E-05	6.630695E-05	-1.829936E-06	5.786005E-06	-5.898723E-05	6.085399E-05	6.756035E-06	4.465564E-06	3.196404E-07	3.845914E-07	6.671138E-06	4.125339E-06
1.960000E+00	-5.524272E-05	6.054984E-05	-1.671042E-06	5.283621E-06	-5.386661E-05	5.557049E-05	6.204912E-06	4.128015E-06	2.923818E-07	3.553957E-07	6.125991E-06	3.812660E-06
1.970000E+00	-5.042361E-05	5.526695E-05	-1.525236E-06	4.822620E-06	-4.916771E-05	5.072218E-05	5.696239E-06	3.813917E-06	2.673311E-07	3.282440E-07	5.622921E-06	3.521797E-06
1.980000E+00	-4.600355E-05	5.042159E-05	-1.391507E-06	4.399801E-06	-4.485788E-05	4.627540E-05	5.226963E-06	3.521817E-06	2.443199E-07	3.030077E-07	5.158894E-06	3.251385E-06
1.990000E+00	-4.195149E-05	4.597969E-05	-1.268914E-06	4.012190E-06	-4.090687E-05	4.219888E-05	4.794231E-06	3.250335E-06	2.231921E-07	2.795650E-07	4.731075E-06	3.000136E-06
