kt	u	d	ub	db	uv	dv	du	dd	dub	ddb	duv	ddv
0.000000E+00	-1.101280E+00	1.186126E+00	-1.747372E-01	4.015211E-01	-9.265432E-01	7.846053E-01	3.822308E-01	4.337716E-01	7.562001E-02	1.466769E-01	3.264861E-01	3.131307E-01
1.000000E-02	-1.101007E+00	1.185833E+00	-1.746938E-01	4.014218E-01	-9.309463E-01	7.883340E-01	3.820803E-01	4.336022E-01	7.559332E-02	1.466213E-01	3.263928E-01	3.130378E-01
2.000000E-02	-1.100191E+00	1.184953E+00	-1.745639E-01	4.011241E-01	-9.302821E-01	7.877700E-01	3.816293E-01	4.330945E-01	7.551332E-02	1.464547E-01	3.260142E-01	3.126857E-01
3.000000E-02	-1.098832E+00	1.183487E+00	-1.743476E-01	4.006286E-01	-9.291363E-01	7.867972E-01	3.808788E-01	4.322494E-01	7.538017E-02	1.461774E-01	3.253837E-01	3.120993E-01
4.000000E-02	-1.096933E+00	1.181438E+00	-1.740453E-01	3.999358E-01	-9.275335E-01	7.854364E-01	3.798304E-01	4.310690E-01	7.519416E-02	1.457901E-01	3.245030E-01	3.112802E-01
5.000000E-02	-1.094496E+00	1.178810E+00	-1.736573E-01	3.990469E-01	-9.254763E-01	7.836899E-01	3.784865E-01	4.295559E-01	7.495570E-02	1.452935E-01	3.233739E-01	3.102301E-01
6.000000E-02	-1.091525E+00	1.175605E+00	-1.731843E-01	3.979633E-01	-9.229679E-01	7.815602E-01	3.768500E-01	4.277133E-01	7.466530E-02	1.446888E-01	3.219991E-01	3.089514E-01
7.000000E-02	-1.088024E+00	1.171829E+00	-1.726271E-01	3.966865E-01	-9.200120E-01	7.790506E-01	3.749246E-01	4.255456E-01	7.432358E-02	1.439773E-01	3.203815E-01	3.074470E-01
8.000000E-02	-1.083999E+00	1.167488E+00	-1.719864E-01	3.952186E-01	-9.166131E-01	7.761650E-01	3.727145E-01	4.230573E-01	7.393127E-02	1.431605E-01	3.185247E-01	3.057202E-01
9.000000E-02	-1.079457E+00	1.162589E+00	-1.712633E-01	3.935617E-01	-9.127764E-01	7.729077E-01	3.702246E-01	4.202541E-01	7.348921E-02	1.422403E-01	3.164329E-01	3.037748E-01
1.000000E-01	-1.074402E+00	1.157138E+00	-1.704587E-01	3.917184E-01	-9.085076E-01	7.692837E-01	3.674604E-01	4.171421E-01	7.299834E-02	1.412186E-01	3.141106E-01	3.016150E-01
1.100000E-01	-1.068845E+00	1.151143E+00	-1.695741E-01	3.896914E-01	-9.038131E-01	7.652983E-01	3.644278E-01	4.137280E-01	7.245970E-02	1.400976E-01	3.115628E-01	2.992456E-01
1.200000E-01	-1.062792E+00	1.144615E+00	-1.686106E-01	3.874837E-01	-8.987001E-01	7.609577E-01	3.611335E-01	4.100195E-01	7.187441E-02	1.388797E-01	3.087952E-01	2.966717E-01
1.300000E-01	-1.056252E+00	1.137562E+00	-1.675697E-01	3.850986E-01	-8.931761E-01	7.562683E-01	3.575846E-01	4.060245E-01	7.124372E-02	1.375675E-01	3.058137E-01	2.938989E-01
1.400000E-01	-1.049236E+00	1.129996E+00	-1.664530E-01	3.825398E-01	-8.872492E-01	7.512371E-01	3.537888E-01	4.017516E-01	7.056893E-02	1.361638E-01	3.026247E-01	2.909331E-01
1.500000E-01	-1.041754E+00	1.121926E+00	-1.652621E-01	3.798109E-01	-8.809283E-01	7.458715E-01	3.497541E-01	3.972099E-01	6.985143E-02	1.346716E-01	2.992350E-01	2.877808E-01
1.600000E-01	-1.033817E+00	1.113366E+00	-1.639988E-01	3.769160E-01	-8.742227E-01	7.401794E-01	3.454891E-01	3.924092E-01	6.909271E-02	1.330940E-01	2.956519E-01	2.844485E-01
1.700000E-01	-1.025436E+00	1.104328E+00	-1.626650E-01	3.738593E-01	-8.671421E-01	7.341693E-01	3.410028E-01	3.873596E-01	6.829430E-02	1.314343E-01	2.918828E-01	2.809433E-01
1.800000E-01	-1.016624E+00	1.094824E+00	-1.612625E-01	3.706452E-01	-8.596968E-01	7.278498E-01	3.363045E-01	3.820717E-01	6.745783E-02	1.296959E-01	2.879357E-01	2.772726E-01
1.900000E-01	-1.007392E+00	1.084869E+00	-1.597934E-01	3.672784E-01	-8.518975E-01	7.212300E-01	3.314040E-01	3.765564E-01	6.658498E-02	1.278823E-01	2.838187E-01	2.734438E-01
2.000000E-01	-9.977558E-01	1.074477E+00	-1.582598E-01	3.637638E-01	-8.437555E-01	7.143196E-01	3.263114E-01	3.708251E-01	6.567747E-02	1.259972E-01	2.795402E-01	2.694650E-01
2.100000E-01	-9.877274E-01	1.063663E+00	-1.566639E-01	3.601062E-01	-8.352823E-01	7.071283E-01	3.210370E-01	3.648896E-01	6.473710E-02	1.240445E-01	2.751091E-01	2.653441E-01
2.200000E-01	-9.773214E-01	1.052442E+00	-1.550080E-01	3.563109E-01	-8.264898E-01	6.996664E-01	3.155914E-01	3.587617E-01	6.376570E-02	1.220280E-01	2.705341E-01	2.610895E-01
2.300000E-01	-9.665523E-01	1.040829E+00	-1.532944E-01	3.523832E-01	-8.173903E-01	6.919442E-01	3.099855E-01	3.524537E-01	6.276514E-02	1.199516E-01	2.658245E-01	2.567097E-01
2.400000E-01	-9.554351E-01	1.028841E+00	-1.515255E-01	3.483286E-01	-8.079966E-01	6.839726E-01	3.042303E-01	3.459781E-01	6.173733E-02	1.178194E-01	2.609894E-01	2.522131E-01
2.500000E-01	-9.439850E-01	1.016495E+00	-1.497036E-01	3.441525E-01	-7.983214E-01	6.757625E-01	2.983369E-01	3.393474E-01	6.068419E-02	1.156356E-01	2.560383E-01	2.476086E-01
2.600000E-01	-9.322177E-01	1.003807E+00	-1.478314E-01	3.398608E-01	-7.883779E-01	6.673252E-01	2.923168E-01	3.325745E-01	5.960769E-02	1.134042E-01	2.509808E-01	2.429050E-01
2.700000E-01	-9.201490E-01	9.907944E-01	-1.459113E-01	3.354591E-01	-7.781796E-01	6.586719E-01	2.861813E-01	3.256722E-01	5.850980E-02	1.111294E-01	2.458263E-01	2.381111E-01
2.800000E-01	-9.077950E-01	9.774744E-01	-1.439459E-01	3.309534E-01	-7.677400E-01	6.498144E-01	2.799419E-01	3.186534E-01	5.739250E-02	1.088154E-01	2.405845E-01	2.332360E-01
2.900000E-01	-8.951720E-01	9.638648E-01	-1.419378E-01	3.263496E-01	-7.570729E-01	6.407643E-01	2.736099E-01	3.115311E-01	5.625778E-02	1.064665E-01	2.352650E-01	2.282885E-01
3.000000E-01	-8.822964E-01	9.499832E-01	-1.398896E-01	3.216536E-01	-7.461922E-01	6.315334E-01	2.671970E-01	3.043181E-01	5.510762E-02	1.040868E-01	2.298776E-01	2.232775E-01
3.100000E-01	-8.691849E-01	9.358476E-01	-1.378040E-01	3.168717E-01	-7.351119E-01	6.221336E-01	2.607145E-01	2.970273E-01	5.394400E-02	1.016806E-01	2.244317E-01	2.182121E-01
3.200000E-01	-8.558540E-01	9.214760E-01	-1.356836E-01	3.120097E-01	-7.238460E-01	6.125770E-01	2.541737E-01	2.896715E-01	5.276889E-02	9.925192E-02	2.189369E-01	2.131008E-01
3.300000E-01	-8.423206E-01	9.068864E-01	-1.335311E-01	3.070739E-01	-7.124087E-01	6.028754E-01	2.475859E-01	2.822633E-01	5.158423E-02	9.680498E-02	2.134027E-01	2.079526E-01
3.400000E-01	-8.286013E-01	8.920970E-01	-1.313492E-01	3.020703E-01	-7.008142E-01	5.930411E-01	2.409622E-01	2.748152E-01	5.039196E-02	9.434383E-02	2.078383E-01	2.027761E-01
3.500000E-01	-8.147129E-01	8.771256E-01	-1.291404E-01	2.970050E-01	-6.890766E-01	5.830858E-01	2.343134E-01	2.673395E-01	4.919396E-02	9.187251E-02	2.022530E-01	1.975797E-01
3.600000E-01	-8.006721E-01	8.619905E-01	-1.269076E-01	2.918842E-01	-6.772098E-01	5.730217E-01	2.276504E-01	2.598483E-01	4.799212E-02	8.939497E-02	1.966558E-01	1.923717E-01
3.700000E-01	-7.864954E-01	8.467093E-01	-1.246533E-01	2.867138E-01	-6.652281E-01	5.628606E-01	2.209835E-01	2.523535E-01	4.678824E-02	8.691507E-02	1.910555E-01	1.871604E-01
3.800000E-01	-7.721993E-01	8.313001E-01	-1.223802E-01	2.814999E-01	-6.531453E-01	5.526144E-01	2.143232E-01	2.448664E-01	4.558413E-02	8.443660E-02	1.854608E-01	1.819537E-01
3.900000E-01	-7.578002E-01	8.157802E-01	-1.200908E-01	2.762485E-01	-6.409751E-01	5.422948E-01	2.076794E-01	2.373985E-01	4.438152E-02	8.196327E-02	1.798800E-01	1.767594E-01
4.000000E-01	-7.433142E-01	8.001673E-01	-1.177878E-01	2.709654E-01	-6.287313E-01	5.319134E-01	2.010617E-01	2.299607E-01	4.318212E-02	7.949865E-02	1.743214E-01	1.715850E-01
4.100000E-01	-7.287574E-01	7.844785E-01	-1.154736E-01	2.656565E-01	-6.164274E-01	5.214816E-01	1.944797E-01	2.225634E-01	4.198755E-02	7.704623E-02	1.687929E-01	1.664378E-01
4.200000E-01	-7.141453E-01	7.687308E-01	-1.131509E-01	2.603274E-01	-6.040766E-01	5.110107E-01	1.879425E-01	2.152169E-01	4.079942E-02	7.460938E-02	1.633021E-01	1.613249E-01
4.300000E-01	-6.994935E-01	7.529408E-01	-1.108219E-01	2.549839E-01	-5.916919E-01	5.005119E-01	1.814586E-01	2.079311E-01	3.961924E-02	7.219133E-02	1.578563E-01	1.562529E-01
4.400000E-01	-6.848171E-01	7.371249E-01	-1.084893E-01	2.496315E-01	-5.792863E-01	4.899960E-01	1.750367E-01	2.007153E-01	3.844848E-02	6.979520E-02	1.524628E-01	1.512285E-01
4.500000E-01	-6.701311E-01	7.212992E-01	-1.061552E-01	2.442756E-01	-5.668723E-01	4.794736E-01	1.686846E-01	1.935786E-01	3.728854E-02	6.742396E-02	1.471281E-01	1.462577E-01
4.600000E-01	-6.554500E-01	7.054793E-01	-1.038222E-01	2.389214E-01	-5.544622E-01	4.689552E-01	1.624100E-01	1.865296E-01	3.614077E-02	6.508047E-02	1.418589E-01	1.413465E-01
4.700000E-01	-6.407879E-01	6.896806E-01	-1.014923E-01	2.335743E-01	-5.420679E-01	4.584510E-01	1.562202E-01	1.795763E-01	3.500644E-02	6.276743E-02	1.366611E-01	1.365005E-01
4.800000E-01	-6.261588E-01	6.739179E-01	-9.916784E-02	2.282392E-01	-5.297013E-01	4.479709E-01	1.501221E-01	1.727264E-01	3.388674E-02	6.048738E-02	1.315406E-01	1.317250E-01
4.900000E-01	-6.115759E-01	6.582057E-01	-9.685093E-02	2.229211E-01	-5.173735E-01	4.375245E-01	1.441221E-01	1.659873E-01	3.278281E-02	5.824276E-02	1.265029E-01	1.270248E-01
5.000000E-01	-5.970524E-01	6.425581E-01	-9.454363E-02	2.176246E-01	-5.050957E-01	4.271212E-01	1.382263E-01	1.593657E-01	3.169570E-02	5.603583E-02	1.215530E-01	1.224048E-01
5.100000E-01	-5.826009E-01	6.269887E-01	-9.224795E-02	2.123544E-01	-4.928784E-01	4.167699E-01	1.324404E-01	1.528679E-01	3.062641E-02	5.386870E-02	1.166957E-01	1.178691E-01
5.200000E-01	-5.682335E-01	6.115104E-01	-8.996583E-02	2.071149E-01	-4.807321E-01	4.064794E-01	1.267696E-01	1.464998E-01	2.957585E-02	5.174334E-02	1.119356E-01	1.134217E-01
5.300000E-01	-5.539620E-01	5.961361E-01	-8.769913E-02	2.019105E-01	-4.686665E-01	3.962580E-01	1.212187E-01	1.402668E-01	2.854488E-02	4.966158E-02	1.072766E-01	1.090664E-01
5.400000E-01	-5.397976E-01	5.808777E-01	-8.544963E-02	1.967451E-01	-4.566913E-01	3.861139E-01	1.157923E-01	1.341738E-01	2.753425E-02	4.762508E-02	1.027225E-01	1.048065E-01
5.500000E-01	-5.257510E-01	5.657470E-01	-8.321906E-02	1.916228E-01	-4.448154E-01	3.760548E-01	1.104943E-01	1.282254E-01	2.654467E-02	4.563538E-02	9.827685E-02	1.006450E-01
5.600000E-01	-5.118327E-01	5.507550E-01	-8.100905E-02	1.865473E-01	-4.330478E-01	3.660880E-01	1.053285E-01	1.224256E-01	2.557676E-02	4.369384E-02	9.394262E-02	9.658462E-02
5.700000E-01	-4.980525E-01	5.359123E-01	-7.882116E-02	1.815222E-01	-4.213966E-01	3.562205E-01	1.002981E-01	1.167781E-01	2.463110E-02	4.180171E-02	8.972263E-02	9.262773E-02
5.800000E-01	-4.844197E-01	5.212289E-01	-7.665688E-02	1.765509E-01	-4.098698E-01	3.464592E-01	9.540609E-02	1.112860E-01	2.370815E-02	3.996007E-02	8.561931E-02	8.877643E-02
5.900000E-01	-4.709431E-01	5.067145E-01	-7.451760E-02	1.716366E-01	-3.984749E-01	3.368102E-01	9.065492E-02	1.059521E-01	2.280835E-02	3.816989E-02	8.163481E-02	8.503249E-02
6.000000E-01	-4.576312E-01	4.923779E-01	-7.240466E-02	1.667824E-01	-3.872189E-01	3.272796E-01	8.604682E-02	1.007789E-01	2.193204E-02	3.643196E-02	7.777095E-02	8.139740E-02
6.100000E-01	-4.444918E-01	4.782277E-01	-7.031930E-02	1.619912E-01	-3.761085E-01	3.178729E-01	8.158365E-02	9.576821E-02	2.107951E-02	3.474699E-02	7.402929E-02	7.787233E-02
6.200000E-01	-4.315322E-01	4.642718E-01	-6.826270E-02	1.572656E-01	-3.651500E-01	3.085955E-01	7.726692E-02	9.092173E-02	2.025098E-02	3.311552E-02	7.041105E-02	7.445821E-02
6.300000E-01	-4.187593E-01	4.505175E-01	-6.623592E-02	1.526082E-01	-3.543492E-01	2.994523E-01	7.309786E-02	8.624069E-02	1.944660E-02	3.153799E-02	6.691722E-02	7.115565E-02
6.400000E-01	-4.061796E-01	4.369718E-01	-6.424000E-02	1.480213E-01	-3.437114E-01	2.904477E-01	6.907739E-02	8.172600E-02	1.866649E-02	3.001470E-02	6.354851E-02	6.796502E-02
6.500000E-01	-3.937989E-01	4.236409E-01	-6.227586E-02	1.435070E-01	-3.332416E-01	2.815861E-01	6.520614E-02	7.737821E-02	1.791066E-02	2.854584E-02	6.030535E-02	6.488640E-02
6.600000E-01	-3.816227E-01	4.105306E-01	-6.034435E-02	1.390673E-01	-3.229445E-01	2.728713E-01	6.148451E-02	7.319757E-02	1.717911E-02	2.713150E-02	5.718794E-02	6.191966E-02
6.700000E-01	-3.696558E-01	3.976464E-01	-5.844625E-02	1.347040E-01	-3.128243E-01	2.643068E-01	5.791264E-02	6.918405E-02	1.647176E-02	2.577163E-02	5.419625E-02	5.906438E-02
6.800000E-01	-3.579028E-01	3.849929E-01	-5.658228E-02	1.304187E-01	-3.028846E-01	2.558957E-01	5.449043E-02	6.533730E-02	1.578849E-02	2.446611E-02	5.133000E-02	5.631994E-02
6.900000E-01	-3.463676E-01	3.725744E-01	-5.475305E-02	1.262130E-01	-2.931290E-01	2.476409E-01	5.121762E-02	6.165674E-02	1.512911E-02	2.321470E-02	4.858870E-02	5.368547E-02
7.000000E-01	-3.350539E-01	3.603949E-01	-5.295913E-02	1.220880E-01	-2.835604E-01	2.395451E-01	4.809372E-02	5.814151E-02	1.449341E-02	2.201705E-02	4.597165E-02	5.115989E-02
7.100000E-01	-3.239647E-01	3.484575E-01	-5.120101E-02	1.180450E-01	-2.741814E-01	2.316102E-01	4.511810E-02	5.479053E-02	1.388111E-02	2.087274E-02	4.347793E-02	4.874191E-02
7.200000E-01	-3.131026E-01	3.367652E-01	-4.947911E-02	1.140849E-01	-2.649944E-01	2.238384E-01	4.228996E-02	5.160248E-02	1.329190E-02	1.978123E-02	4.110642E-02	4.643004E-02
7.300000E-01	-3.024701E-01	3.253203E-01	-4.779377E-02	1.102085E-01	-2.560013E-01	2.162310E-01	3.960840E-02	4.857582E-02	1.272543E-02	1.874192E-02	3.885580E-02	4.422258E-02
7.400000E-01	-2.920688E-01	3.141249E-01	-4.614528E-02	1.064165E-01	-2.472036E-01	2.087896E-01	3.707234E-02	4.570883E-02	1.218130E-02	1.775411E-02	3.672455E-02	4.211765E-02
7.500000E-01	-2.819003E-01	3.031804E-01	-4.453387E-02	1.027094E-01	-2.386025E-01	2.015149E-01	3.468064E-02	4.299953E-02	1.165909E-02	1.681699E-02	3.471093E-02	4.011320E-02
7.600000E-01	-2.719656E-01	2.924880E-01	-4.295969E-02	9.908762E-02	-2.301989E-01	1.944079E-01	3.243199E-02	4.044577E-02	1.115834E-02	1.592970E-02	3.281300E-02	3.820698E-02
7.700000E-01	-2.622654E-01	2.820483E-01	-4.142285E-02	9.555140E-02	-2.219935E-01	1.874690E-01	3.032499E-02	3.804516E-02	1.067855E-02	1.509126E-02	3.102861E-02	3.639661E-02
7.800000E-01	-2.528000E-01	2.718618E-01	-3.992339E-02	9.210085E-02	-2.139866E-01	1.806983E-01	2.835809E-02	3.579507E-02	1.021921E-02	1.430062E-02	2.935534E-02	3.467953E-02
7.900000E-01	-2.435693E-01	2.619283E-01	-3.846129E-02	8.873596E-02	-2.061780E-01	1.740958E-01	2.652954E-02	3.369262E-02	9.779782E-03	1.355664E-02	2.779056E-02	3.305303E-02
8.000000E-01	-2.345731E-01	2.522475E-01	-3.703650E-02	8.545659E-02	-1.985675E-01	1.676614E-01	2.483740E-02	3.173465E-02	9.359689E-03	1.285808E-02	2.633137E-02	3.151426E-02
8.100000E-01	-2.258106E-01	2.428185E-01	-3.564890E-02	8.226249E-02	-1.911545E-01	1.613943E-01	2.327941E-02	2.991765E-02	8.958351E-03	1.220361E-02	2.497460E-02	3.006024E-02
8.200000E-01	-2.172809E-01	2.336404E-01	-3.429833E-02	7.915331E-02	-1.839383E-01	1.552940E-01	2.185295E-02	2.823778E-02	8.575166E-03	1.159181E-02	2.371678E-02	2.868787E-02
8.300000E-01	-2.089826E-01	2.247117E-01	-3.298458E-02	7.612857E-02	-1.769178E-01	1.493596E-01	2.055494E-02	2.669077E-02	8.209519E-03	1.102115E-02	2.255413E-02	2.739394E-02
8.400000E-01	-2.009143E-01	2.160307E-01	-3.170738E-02	7.318772E-02	-1.700915E-01	1.435898E-01	1.938170E-02	2.527192E-02	7.860783E-03	1.049003E-02	2.148261E-02	2.617515E-02
8.500000E-01	-1.930742E-01	2.075955E-01	-3.046646E-02	7.033009E-02	-1.634582E-01	1.379833E-01	1.832888E-02	2.397605E-02	7.528323E-03	9.996731E-03	2.049783E-02	2.502810E-02
8.600000E-01	-1.854601E-01	1.994038E-01	-2.926148E-02	6.755493E-02	-1.570159E-01	1.325388E-01	1.739136E-02	2.279745E-02	7.211499E-03	9.539457E-03	1.959514E-02	2.394934E-02
8.700000E-01	-1.780698E-01	1.914532E-01	-2.809207E-02	6.486140E-02	-1.507628E-01	1.272545E-01	1.656318E-02	2.172992E-02	6.909668E-03	9.116329E-03	1.876963E-02	2.293537E-02
8.800000E-01	-1.709007E-01	1.837409E-01	-2.695781E-02	6.224858E-02	-1.446967E-01	1.221286E-01	1.583752E-02	2.076676E-02	6.622186E-03	8.725396E-03	1.801615E-02	2.198266E-02
8.900000E-01	-1.639503E-01	1.762640E-01	-2.585829E-02	5.971550E-02	-1.388155E-01	1.171592E-01	1.520676E-02	1.990083E-02	6.348413E-03	8.364647E-03	1.732941E-02	2.108765E-02
9.000000E-01	-1.572155E-01	1.690194E-01	-2.479303E-02	5.726109E-02	-1.331166E-01	1.123441E-01	1.466260E-02	1.912460E-02	6.087715E-03	8.032027E-03	1.670396E-02	2.024683E-02
9.100000E-01	-1.506934E-01	1.620038E-01	-2.376153E-02	5.488422E-02	-1.275975E-01	1.076813E-01	1.419621E-02	1.843028E-02	5.839462E-03	7.725457E-03	1.613435E-02	1.945670E-02
9.200000E-01	-1.443807E-01	1.552136E-01	-2.276328E-02	5.258373E-02	-1.222554E-01	1.031683E-01	1.379848E-02	1.780993E-02	5.603040E-03	7.442853E-03	1.561514E-02	1.871382E-02
9.300000E-01	-1.382739E-01	1.486453E-01	-2.179775E-02	5.035836E-02	-1.170875E-01	9.880276E-02	1.346024E-02	1.725558E-02	5.377843E-03	7.182147E-03	1.514099E-02	1.801483E-02
9.400000E-01	-1.323697E-01	1.422949E-01	-2.086435E-02	4.820686E-02	-1.120908E-01	9.458210E-02	1.317252E-02	1.675941E-02	5.163282E-03	6.941310E-03	1.470675E-02	1.735646E-02
9.500000E-01	-1.266643E-01	1.361587E-01	-1.996252E-02	4.612787E-02	-1.072623E-01	9.050374E-02	1.292677E-02	1.631383E-02	4.958783E-03	6.718373E-03	1.430748E-02	1.673556E-02
9.600000E-01	-1.211541E-01	1.302325E-01	-1.909164E-02	4.412004E-02	-1.025987E-01	8.656499E-02	1.271501E-02	1.591164E-02	4.763791E-03	6.511446E-03	1.393855E-02	1.614912E-02
9.700000E-01	-1.158351E-01	1.245122E-01	-1.825112E-02	4.218197E-02	-9.809696E-02	8.276308E-02	1.252999E-02	1.554611E-02	4.577772E-03	6.318733E-03	1.359564E-02	1.559426E-02
9.800000E-01	-1.107035E-01	1.189936E-01	-1.744031E-02	4.031221E-02	-9.375364E-02	7.909521E-02	1.236523E-02	1.521105E-02	4.400212E-03	6.138549E-03	1.327481E-02	1.506828E-02
9.900000E-01	-1.057552E-01	1.136723E-01	-1.665859E-02	3.850932E-02	-8.956538E-02	7.555849E-02	1.221509E-02	1.490085E-02	4.230618E-03	5.969328E-03	1.297247E-02	1.456863E-02
1.000000E+00	-1.009862E-01	1.085440E-01	-1.590529E-02	3.677181E-02	-8.552877E-02	7.215003E-02	1.207472E-02	1.461052E-02	4.068523E-03	5.809632E-03	1.268542E-02	1.409294E-02
1.010000E+00	-9.639246E-02	1.036043E-01	-1.517978E-02	3.509817E-02	-8.164033E-02	6.886687E-02	1.194003E-02	1.433568E-02	3.913481E-03	5.658152E-03	1.241084E-02	1.363901E-02
1.020000E+00	-9.196971E-02	9.884858E-02	-1.448137E-02	3.348689E-02	-7.789655E-02	6.570602E-02	1.180764E-02	1.407253E-02	3.765071E-03	5.513713E-03	1.214626E-02	1.320483E-02
1.030000E+00	-8.771381E-02	9.427242E-02	-1.380940E-02	3.193644E-02	-7.429389E-02	6.266450E-02	1.167484E-02	1.381783E-02	3.622896E-03	5.375267E-03	1.188956E-02	1.278856E-02
1.040000E+00	-8.362054E-02	8.987125E-02	-1.316321E-02	3.044529E-02	-7.082880E-02	5.973928E-02	1.153946E-02	1.356888E-02	3.486583E-03	5.241893E-03	1.163892E-02	1.238852E-02
1.050000E+00	-7.968568E-02	8.564054E-02	-1.254211E-02	2.901189E-02	-6.749771E-02	5.692734E-02	1.139984E-02	1.332343E-02	3.355782E-03	5.112786E-03	1.139285E-02	1.200320E-02
1.060000E+00	-7.590501E-02	8.157572E-02	-1.194544E-02	2.763470E-02	-6.429706E-02	5.422565E-02	1.125476E-02	1.307966E-02	3.230167E-03	4.987254E-03	1.115010E-02	1.163126E-02
1.070000E+00	-7.227429E-02	7.767223E-02	-1.137252E-02	2.631218E-02	-6.122326E-02	5.163118E-02	1.110335E-02	1.283617E-02	3.109435E-03	4.864711E-03	1.090966E-02	1.127151E-02
1.080000E+00	-6.878933E-02	7.392555E-02	-1.082267E-02	2.504279E-02	-5.827277E-02	4.914092E-02	1.094506E-02	1.259184E-02	2.993303E-03	4.744661E-03	1.067076E-02	1.092287E-02
1.090000E+00	-6.544590E-02	7.033113E-02	-1.029524E-02	2.382499E-02	-5.544203E-02	4.675185E-02	1.077960E-02	1.234588E-02	2.881511E-03	4.626698E-03	1.043279E-02	1.058442E-02
1.100000E+00	-6.223986E-02	6.688450E-02	-9.789550E-03	2.265727E-02	-5.272752E-02	4.446099E-02	1.060690E-02	1.209772E-02	2.773818E-03	4.510489E-03	1.019531E-02	1.025536E-02
1.110000E+00	-5.916705E-02	6.358119E-02	-9.304949E-03	2.153811E-02	-5.012574E-02	4.226538E-02	1.042704E-02	1.184703E-02	2.670003E-03	4.395771E-03	9.958034E-03	9.934971E-03
1.120000E+00	-5.622336E-02	6.041677E-02	-8.840781E-03	2.046601E-02	-4.763321E-02	4.016208E-02	1.024027E-02	1.159364E-02	2.569861E-03	4.282343E-03	9.720779E-03	9.622668E-03
1.130000E+00	-5.340475E-02	5.738687E-02	-8.396400E-03	1.943950E-02	-4.524651E-02	3.814818E-02	1.004693E-02	1.133754E-02	2.473205E-03	4.170052E-03	9.483474E-03	9.317934E-03
1.140000E+00	-5.070718E-02	5.448716E-02	-7.971167E-03	1.845710E-02	-4.296224E-02	3.622080E-02	9.847459E-03	1.107881E-02	2.379864E-03	4.058794E-03	9.246129E-03	9.020339E-03
1.150000E+00	-4.812669E-02	5.171338E-02	-7.564452E-03	1.751738E-02	-4.077705E-02	3.437711E-02	9.642357E-03	1.081768E-02	2.289681E-03	3.948502E-03	9.008826E-03	8.729521E-03
1.160000E+00	-4.565939E-02	4.906132E-02	-7.175633E-03	1.661890E-02	-3.868764E-02	3.261431E-02	9.432170E-03	1.055443E-02	2.202513E-03	3.839142E-03	8.771701E-03	8.445181E-03
1.170000E+00	-4.330141E-02	4.652684E-02	-6.804100E-03	1.576026E-02	-3.669075E-02	3.092965E-02	9.217477E-03	1.028938E-02	2.118229E-03	3.730706E-03	8.534938E-03	8.167075E-03
1.180000E+00	-4.104898E-02	4.410586E-02	-6.449251E-03	1.494008E-02	-3.478319E-02	2.932043E-02	8.998878E-03	1.002293E-02	2.036708E-03	3.623209E-03	8.298751E-03	7.895005E-03
1.190000E+00	-3.889838E-02	4.179438E-02	-6.110497E-03	1.415700E-02	-3.296180E-02	2.778398E-02	8.776980E-03	9.755499E-03	1.957840E-03	3.516686E-03	8.063384E-03	7.628814E-03
1.200000E+00	-3.684597E-02	3.958848E-02	-5.787257E-03	1.340970E-02	-3.122352E-02	2.631770E-02	8.552393E-03	9.487525E-03	1.881527E-03	3.411184E-03	7.829095E-03	7.368377E-03
1.210000E+00	-3.488816E-02	3.748431E-02	-5.478964E-03	1.269687E-02	-2.956532E-02	2.491903E-02	8.325718E-03	9.219458E-03	1.807675E-03	3.306761E-03	7.596157E-03	7.113598E-03
1.220000E+00	-3.302147E-02	3.547811E-02	-5.185064E-03	1.201724E-02	-2.798423E-02	2.358547E-02	8.097545E-03	8.951754E-03	1.736199E-03	3.203484E-03	7.364846E-03	6.864406E-03
1.230000E+00	-3.124246E-02	3.356619E-02	-4.905012E-03	1.136955E-02	-2.647737E-02	2.231456E-02	7.868447E-03	8.684864E-03	1.667023E-03	3.101426E-03	7.135439E-03	6.620747E-03
1.240000E+00	-2.954780E-02	3.174495E-02	-4.638279E-03	1.075259E-02	-2.504191E-02	2.110393E-02	7.638974E-03	8.419233E-03	1.600074E-03	3.000661E-03	6.908210E-03	6.382581E-03
1.250000E+00	-2.793421E-02	3.001088E-02	-4.384347E-03	1.016516E-02	-2.367508E-02	1.995123E-02	7.409653E-03	8.155291E-03	1.535285E-03	2.901266E-03	6.683426E-03	6.149882E-03
1.260000E+00	-2.639852E-02	2.836055E-02	-4.142710E-03	9.606115E-03	-2.237419E-02	1.885420E-02	7.180986E-03	7.893453E-03	1.472594E-03	2.803319E-03	6.461347E-03	5.922630E-03
1.270000E+00	-2.493762E-02	2.679064E-02	-3.912878E-03	9.074309E-03	-2.113662E-02	1.781060E-02	6.953446E-03	7.634115E-03	1.411944E-03	2.706894E-03	6.242219E-03	5.700813E-03
1.280000E+00	-2.354850E-02	2.529788E-02	-3.694372E-03	8.568647E-03	-1.995981E-02	1.681829E-02	6.727477E-03	7.377649E-03	1.353279E-03	2.612066E-03	6.026275E-03	5.484419E-03
1.290000E+00	-2.222822E-02	2.387912E-02	-3.486726E-03	8.088058E-03	-1.884129E-02	1.587516E-02	6.503494E-03	7.124409E-03	1.296548E-03	2.518902E-03	5.813735E-03	5.273441E-03
1.300000E+00	-2.097391E-02	2.253130E-02	-3.289489E-03	7.631500E-03	-1.777863E-02	1.497917E-02	6.281882E-03	6.874720E-03	1.241702E-03	2.427469E-03	5.604800E-03	5.067869E-03
1.310000E+00	-1.978282E-02	2.125142E-02	-3.102221E-03	7.197966E-03	-1.676950E-02	1.412835E-02	6.062996E-03	6.628885E-03	1.188695E-03	2.337827E-03	5.399659E-03	4.867693E-03
1.320000E+00	-1.865226E-02	2.003661E-02	-2.924497E-03	6.786474E-03	-1.581161E-02	1.332077E-02	5.847161E-03	6.387181E-03	1.137482E-03	2.250032E-03	5.198480E-03	4.672900E-03
1.330000E+00	-1.757962E-02	1.888405E-02	-2.755905E-03	6.396075E-03	-1.490277E-02	1.255458E-02	5.634674E-03	6.149859E-03	1.088019E-03	2.164134E-03	5.001418E-03	4.483472E-03
1.340000E+00	-1.656238E-02	1.779104E-02	-2.596046E-03	6.025849E-03	-1.404084E-02	1.182796E-02	5.425802E-03	5.917146E-03	1.040266E-03	2.080178E-03	4.808607E-03	4.299390E-03
1.350000E+00	-1.559809E-02	1.675494E-02	-2.444532E-03	5.674908E-03	-1.322376E-02	1.113918E-02	5.220785E-03	5.689242E-03	9.941801E-04	1.998202E-03	4.620168E-03	4.120626E-03
1.360000E+00	-1.468440E-02	1.577323E-02	-2.300991E-03	5.342389E-03	-1.244952E-02	1.048654E-02	5.019836E-03	5.466326E-03	9.497232E-04	1.918239E-03	4.436202E-03	3.947149E-03
1.370000E+00	-1.381902E-02	1.484345E-02	-2.165062E-03	5.027462E-03	-1.171620E-02	9.868418E-03	4.823143E-03	5.248550E-03	9.068559E-04	1.840317E-03	4.256796E-03	3.778923E-03
1.380000E+00	-1.299975E-02	1.396322E-02	-2.036397E-03	4.729324E-03	-1.102193E-02	9.283238E-03	4.630868E-03	5.036045E-03	8.655402E-04	1.764458E-03	4.082021E-03	3.615904E-03
1.390000E+00	-1.222447E-02	1.313027E-02	-1.914658E-03	4.447200E-03	-1.036492E-02	8.729482E-03	4.443150E-03	4.828920E-03	8.257384E-04	1.690677E-03	3.911930E-03	3.458046E-03
1.400000E+00	-1.149112E-02	1.234238E-02	-1.799523E-03	4.180345E-03	-9.743424E-03	8.205684E-03	4.260104E-03	4.627262E-03	7.874132E-04	1.618985E-03	3.746566E-03	3.305293E-03
1.410000E+00	-1.079774E-02	1.159744E-02	-1.690680E-03	3.928038E-03	-9.155777E-03	7.710435E-03	4.081827E-03	4.431138E-03	7.505279E-04	1.549387E-03	3.585956E-03	3.157587E-03
1.420000E+00	-1.014242E-02	1.089341E-02	-1.587828E-03	3.689586E-03	-8.600369E-03	7.242376E-03	3.908393E-03	4.240599E-03	7.150461E-04	1.481885E-03	3.430111E-03	3.014862E-03
1.430000E+00	-9.523330E-03	1.022831E-02	-1.490679E-03	3.464325E-03	-8.075654E-03	6.800201E-03	3.739859E-03	4.055673E-03	6.809315E-04	1.416473E-03	3.279035E-03	2.877050E-03
1.440000E+00	-8.938717E-03	9.600265E-03	-1.398954E-03	3.251613E-03	-7.580141E-03	6.382653E-03	3.576262E-03	3.876376E-03	6.481483E-04	1.353143E-03	3.132716E-03	2.744074E-03
1.450000E+00	-8.386889E-03	9.007448E-03	-1.312387E-03	3.050835E-03	-7.112403E-03	5.988526E-03	3.417624E-03	3.702705E-03	6.166609E-04	1.291882E-03	2.991133E-03	2.615855E-03
1.460000E+00	-7.866225E-03	8.448118E-03	-1.230722E-03	2.861400E-03	-6.671065E-03	5.616660E-03	3.263952E-03	3.534645E-03	5.864339E-04	1.232674E-03	2.854255E-03	2.492311E-03
1.470000E+00	-7.375168E-03	7.920603E-03	-1.153714E-03	2.682742E-03	-6.254810E-03	5.265945E-03	3.115239E-03	3.372164E-03	5.574322E-04	1.175496E-03	2.722039E-03	2.373352E-03
1.480000E+00	-6.912226E-03	7.423299E-03	-1.081126E-03	2.514316E-03	-5.862374E-03	4.935312E-03	2.971462E-03	3.215221E-03	5.296209E-04	1.120326E-03	2.594437E-03	2.258889E-03
1.490000E+00	-6.475969E-03	6.954667E-03	-1.012734E-03	2.355602E-03	-5.492547E-03	4.623742E-03	2.832589E-03	3.063762E-03	5.029654E-04	1.067137E-03	2.471390E-03	2.148826E-03
1.500000E+00	-6.065026E-03	6.513237E-03	-9.483206E-04	2.206101E-03	-5.144169E-03	4.330255E-03	2.698576E-03	2.917722E-03	4.774315E-04	1.015897E-03	2.352834E-03	2.043066E-03
1.510000E+00	-5.678088E-03	6.097598E-03	-8.876799E-04	2.065336E-03	-4.816129E-03	4.053914E-03	2.569369E-03	2.777028E-03	4.529850E-04	9.665758E-04	2.238697E-03	1.941509E-03
1.520000E+00	-5.313901E-03	5.706404E-03	-8.306140E-04	1.932849E-03	-4.507367E-03	3.793824E-03	2.444905E-03	2.641596E-03	4.295923E-04	9.191368E-04	2.128901E-03	1.844054E-03
1.530000E+00	-4.971264E-03	5.338366E-03	-7.769339E-04	1.808206E-03	-4.216867E-03	3.549129E-03	2.325112E-03	2.511337E-03	4.072202E-04	8.735436E-04	2.023363E-03	1.750597E-03
1.540000E+00	-4.649035E-03	4.992253E-03	-7.264593E-04	1.690988E-03	-3.943660E-03	3.319011E-03	2.209911E-03	2.386154E-03	3.858356E-04	8.297572E-04	1.921996E-03	1.661032E-03
1.550000E+00	-4.346118E-03	4.666890E-03	-6.790177E-04	1.580798E-03	-3.686819E-03	3.102687E-03	2.099217E-03	2.265943E-03	3.654061E-04	7.877373E-04	1.824710E-03	1.575253E-03
1.560000E+00	-4.061472E-03	4.361156E-03	-6.344448E-04	1.477255E-03	-3.445461E-03	2.899414E-03	1.992940E-03	2.150597E-03	3.458995E-04	7.474420E-04	1.731407E-03	1.493152E-03
1.570000E+00	-3.794100E-03	4.073981E-03	-5.925840E-04	1.379998E-03	-3.218744E-03	2.708481E-03	1.890984E-03	2.040002E-03	3.272843E-04	7.088283E-04	1.641992E-03	1.414623E-03
1.580000E+00	-3.543055E-03	3.804348E-03	-5.532859E-04	1.288681E-03	-3.005863E-03	2.529209E-03	1.793249E-03	1.934041E-03	3.095292E-04	6.718524E-04	1.556363E-03	1.339558E-03
1.590000E+00	-3.307434E-03	3.551283E-03	-5.164083E-04	1.202976E-03	-2.806055E-03	2.360953E-03	1.699630E-03	1.832596E-03	2.926038E-04	6.364696E-04	1.474419E-03	1.267848E-03
1.600000E+00	-3.086376E-03	3.313865E-03	-4.818158E-04	1.122569E-03	-2.618590E-03	2.203100E-03	1.610022E-03	1.735543E-03	2.764778E-04	6.026345E-04	1.396055E-03	1.199385E-03
1.610000E+00	-2.879063E-03	3.091212E-03	-4.493797E-04	1.047163E-03	-2.442776E-03	2.055065E-03	1.524315E-03	1.642758E-03	2.611218E-04	5.703015E-04	1.321166E-03	1.134064E-03
1.620000E+00	-2.684717E-03	2.882490E-03	-4.189774E-04	9.764745E-04	-2.277953E-03	1.916291E-03	1.442399E-03	1.554117E-03	2.465068E-04	5.394248E-04	1.249647E-03	1.071778E-03
1.630000E+00	-2.502598E-03	2.686903E-03	-3.904927E-04	9.102340E-04	-2.123495E-03	1.786250E-03	1.364161E-03	1.469491E-03	2.326044E-04	5.099582E-04	1.181392E-03	1.012422E-03
1.640000E+00	-2.332004E-03	2.503696E-03	-3.638151E-04	8.481860E-04	-1.978806E-03	1.664441E-03	1.289488E-03	1.388754E-03	2.193870E-04	4.818558E-04	1.116295E-03	9.558912E-04
1.650000E+00	-2.172268E-03	2.332153E-03	-3.388396E-04	7.900878E-04	-1.843322E-03	1.550388E-03	1.218267E-03	1.311778E-03	2.068275E-04	4.550718E-04	1.054251E-03	9.020837E-04
1.660000E+00	-2.022756E-03	2.171594E-03	-3.154668E-04	7.357090E-04	-1.716506E-03	1.443637E-03	1.150384E-03	1.238437E-03	1.948993E-04	4.295606E-04	9.951533E-04	8.508983E-04
1.670000E+00	-1.882870E-03	2.021373E-03	-2.936022E-04	6.848313E-04	-1.597850E-03	1.343760E-03	1.085726E-03	1.168605E-03	1.835768E-04	4.052772E-04	9.388989E-04	8.022356E-04
1.680000E+00	-1.752038E-03	1.880879E-03	-2.731566E-04	6.372475E-04	-1.486871E-03	1.250350E-03	1.024180E-03	1.102155E-03	1.728347E-04	3.821768E-04	8.853843E-04	7.559979E-04
1.690000E+00	-1.629724E-03	1.749533E-03	-2.540451E-04	5.927615E-04	-1.383113E-03	1.163023E-03	9.656337E-04	1.038966E-03	1.626486E-04	3.602154E-04	8.345076E-04	7.120896E-04
1.700000E+00	-1.515415E-03	1.626786E-03	-2.361875E-04	5.511875E-04	-1.286143E-03	1.081414E-03	9.099768E-04	9.789133E-04	1.529948E-04	3.393497E-04	7.861685E-04	6.704170E-04
1.710000E+00	-1.408629E-03	1.512120E-03	-2.195081E-04	5.123499E-04	-1.195552E-03	1.005178E-03	8.571002E-04	9.218774E-04	1.438502E-04	3.195368E-04	7.402683E-04	6.308885E-04
1.720000E+00	-1.308909E-03	1.405044E-03	-2.039350E-04	4.760823E-04	-1.110952E-03	9.339874E-04	8.068962E-04	8.677397E-04	1.351923E-04	3.007350E-04	6.967100E-04	5.934148E-04
1.730000E+00	-1.215823E-03	1.305092E-03	-1.894003E-04	4.422275E-04	-1.031978E-03	8.675349E-04	7.592591E-04	8.163840E-04	1.269994E-04	2.829032E-04	6.553987E-04	5.579088E-04
1.740000E+00	-1.128963E-03	1.211828E-03	-1.758401E-04	4.106369E-04	-9.582823E-04	8.055283E-04	7.140850E-04	7.676964E-04	1.192506E-04	2.660013E-04	6.162415E-04	5.242856E-04
1.750000E+00	-1.047942E-03	1.124835E-03	-1.631937E-04	3.811704E-04	-8.895395E-04	7.476922E-04	6.712724E-04	7.215655E-04	1.119254E-04	2.499901E-04	5.791477E-04	4.924629E-04
1.760000E+00	-9.723969E-04	1.043723E-03	-1.514041E-04	3.536954E-04	-8.254405E-04	6.937664E-04	6.307219E-04	6.778826E-04	1.050042E-04	2.348313E-04	5.440287E-04	4.623604E-04
1.770000E+00	-9.019843E-04	9.681237E-04	-1.404173E-04	3.280870E-04	-7.656942E-04	6.435056E-04	5.923366E-04	6.365417E-04	9.846806E-05	2.204877E-04	5.107983E-04	4.339005E-04
1.780000E+00	-8.363799E-04	8.976881E-04	-1.301825E-04	3.042272E-04	-7.100258E-04	5.966784E-04	5.560221E-04	5.974397E-04	9.229856E-05	2.069232E-04	4.793728E-04	4.070080E-04
1.790000E+00	-7.752783E-04	8.320882E-04	-1.206519E-04	2.820051E-04	-6.581765E-04	5.530665E-04	5.216863E-04	5.604762E-04	8.647807E-05	1.941026E-04	4.496708E-04	3.816100E-04
1.800000E+00	-7.183918E-04	7.710150E-04	-1.117802E-04	2.613159E-04	-6.099024E-04	5.124645E-04	4.892399E-04	5.255539E-04	8.098955E-05	1.819919E-04	4.216133E-04	3.576361E-04
1.810000E+00	-6.654493E-04	7.141774E-04	-1.035251E-04	2.420611E-04	-5.649736E-04	4.746786E-04	4.585963E-04	4.925785E-04	7.581664E-05	1.705580E-04	3.951238E-04	3.350183E-04
1.820000E+00	-6.161957E-04	6.613012E-04	-9.584656E-05	2.241478E-04	-5.231740E-04	4.395268E-04	4.296715E-04	4.614585E-04	7.094357E-05	1.597689E-04	3.701284E-04	3.136909E-04
1.830000E+00	-5.703910E-04	6.121288E-04	-8.870690E-05	2.074888E-04	-4.843000E-04	4.068376E-04	4.023842E-04	4.321057E-04	6.635521E-05	1.495938E-04	3.465555E-04	2.935907E-04
1.840000E+00	-5.278095E-04	5.664175E-04	-8.207081E-05	1.920020E-04	-4.481602E-04	3.764497E-04	3.766558E-04	4.044346E-04	6.203703E-05	1.400030E-04	3.243362E-04	2.746568E-04
1.850000E+00	-4.882390E-04	5.239395E-04	-7.590505E-05	1.776101E-04	-4.145747E-04	3.482116E-04	3.524104E-04	3.783629E-04	5.797509E-05	1.309676E-04	3.034037E-04	2.568307E-04
1.860000E+00	-4.514801E-04	4.844806E-04	-7.017839E-05	1.642408E-04	-3.833746E-04	3.219808E-04	3.295749E-04	3.538114E-04	5.415603E-05	1.224600E-04	2.836941E-04	2.400559E-04
1.870000E+00	-4.173457E-04	4.478398E-04	-6.486152E-05	1.518259E-04	-3.544010E-04	2.976238E-04	3.080789E-04	3.307035E-04	5.056705E-05	1.144536E-04	2.651455E-04	2.242785E-04
1.880000E+00	-3.856599E-04	4.138282E-04	-5.992694E-05	1.403014E-04	-3.275050E-04	2.750149E-04	2.878544E-04	3.089658E-04	4.719591E-05	1.069228E-04	2.476988E-04	2.094466E-04
1.890000E+00	-3.562579E-04	3.822689E-04	-5.534883E-05	1.296075E-04	-3.025466E-04	2.540364E-04	2.688363E-04	2.885277E-04	4.403088E-05	9.984294E-05	2.312969E-04	1.955104E-04
1.900000E+00	-3.289851E-04	3.529956E-04	-5.110299E-05	1.196879E-04	-2.793948E-04	2.345779E-04	2.509619E-04	2.693214E-04	4.106078E-05	9.319047E-05	2.158852E-04	1.824224E-04
1.910000E+00	-3.036965E-04	3.258528E-04	-4.716675E-05	1.104899E-04	-2.579267E-04	2.165358E-04	2.341713E-04	2.512820E-04	3.827492E-05	8.694277E-05	2.014112E-04	1.701369E-04
1.920000E+00	-2.802563E-04	3.006945E-04	-4.351887E-05	1.019641E-04	-2.380270E-04	1.998131E-04	2.184067E-04	2.343471E-04	3.566310E-05	8.107819E-05	1.878248E-04	1.586104E-04
1.930000E+00	-2.585372E-04	2.773841E-04	-4.013944E-05	9.406418E-05	-2.195879E-04	1.843190E-04	2.036131E-04	2.184573E-04	3.321559E-05	7.557601E-05	1.750780E-04	1.478013E-04
1.940000E+00	-2.384202E-04	2.557937E-04	-3.700984E-05	8.674690E-05	-2.025083E-04	1.699684E-04	1.897377E-04	2.035555E-04	3.092313E-05	7.041641E-05	1.631249E-04	1.376698E-04
1.950000E+00	-2.197939E-04	2.358037E-04	-3.411266E-05	7.997172E-05	-1.866938E-04	1.566818E-04	1.767301E-04	1.895873E-04	2.877689E-05	6.558046E-05	1.519217E-04	1.281780E-04
1.960000E+00	-2.025540E-04	2.173021E-04	-3.143161E-05	7.370074E-05	-1.720558E-04	1.443847E-04	1.645421E-04	1.765007E-04	2.676848E-05	6.105011E-05	1.414264E-04	1.192899E-04
1.970000E+00	-1.866030E-04	2.001842E-04	-2.895145E-05	6.789852E-05	-1.585119E-04	1.330076E-04	1.531278E-04	1.642460E-04	2.488991E-05	5.680813E-05	1.315991E-04	1.109709E-04
1.980000E+00	-1.718500E-04	1.843523E-04	-2.665796E-05	6.253196E-05	-1.459846E-04	1.224854E-04	1.424433E-04	1.527761E-04	2.313360E-05	5.283809E-05	1.224019E-04	1.031883E-04
1.990000E+00	-1.582099E-04	1.697151E-04	-2.453785E-05	5.757012E-05	-1.344019E-04	1.127574E-04	1.324468E-04	1.420459E-04	2.149234E-05	4.912438E-05	1.137986E-04	9.591105E-05
