kt	u	d	ub	db	uv	dv	du	dd	dub	ddb	duv	ddv
0.000000E+00	-4.058217E+00	7.033276E+00	-3.094467E+00	7.016217E+00	-9.637504E-01	1.705976E-02	4.356445E-01	1.976129E-01	5.118661E-01	1.981591E-01	3.502112E-01	2.272224E-03
1.000000E-02	-4.057274E+00	7.031642E+00	-3.093748E+00	7.014586E+00	-9.683449E-01	1.714075E-02	4.355421E-01	1.975575E-01	5.117463E-01	1.981036E-01	3.501631E-01	2.273300E-03
2.000000E-02	-4.054445E+00	7.026739E+00	-3.091591E+00	7.009696E+00	-9.676963E-01	1.712927E-02	4.352350E-01	1.973911E-01	5.113868E-01	1.979371E-01	3.499193E-01	2.271718E-03
3.000000E-02	-4.049735E+00	7.018576E+00	-3.087999E+00	7.001553E+00	-9.665748E-01	1.710941E-02	4.347236E-01	1.971142E-01	5.107883E-01	1.976599E-01	3.495128E-01	2.269056E-03
4.000000E-02	-4.043151E+00	7.007164E+00	-3.082978E+00	6.990168E+00	-9.650058E-01	1.708163E-02	4.340087E-01	1.967271E-01	5.099515E-01	1.972724E-01	3.489444E-01	2.265334E-03
5.000000E-02	-4.034700E+00	6.992519E+00	-3.076534E+00	6.975558E+00	-9.629917E-01	1.704597E-02	4.330913E-01	1.962306E-01	5.088776E-01	1.967754E-01	3.482150E-01	2.260558E-03
6.000000E-02	-4.024396E+00	6.974660E+00	-3.068676E+00	6.957743E+00	-9.605351E-01	1.700248E-02	4.319727E-01	1.956255E-01	5.075682E-01	1.961697E-01	3.473257E-01	2.254733E-03
7.000000E-02	-4.012253E+00	6.953613E+00	-3.059416E+00	6.936747E+00	-9.576397E-01	1.695121E-02	4.306544E-01	1.949128E-01	5.060251E-01	1.954563E-01	3.462775E-01	2.247868E-03
8.000000E-02	-3.998286E+00	6.929408E+00	-3.048765E+00	6.912600E+00	-9.543092E-01	1.689224E-02	4.291384E-01	1.940938E-01	5.042505E-01	1.946364E-01	3.450720E-01	2.239973E-03
9.000000E-02	-3.982516E+00	6.902076E+00	-3.036739E+00	6.885335E+00	-9.505484E-01	1.682566E-02	4.274267E-01	1.931697E-01	5.022467E-01	1.937114E-01	3.437108E-01	2.231059E-03
1.000000E-01	-3.964965E+00	6.871657E+00	-3.023355E+00	6.854990E+00	-9.463624E-01	1.675154E-02	4.255218E-01	1.921422E-01	5.000167E-01	1.926828E-01	3.421958E-01	2.221138E-03
1.100000E-01	-3.945656E+00	6.838192E+00	-3.008631E+00	6.821605E+00	-9.417570E-01	1.667000E-02	4.234263E-01	1.910130E-01	4.975635E-01	1.915525E-01	3.405292E-01	2.210225E-03
1.200000E-01	-3.924616E+00	6.801726E+00	-2.992586E+00	6.785228E+00	-9.367385E-01	1.658114E-02	4.211432E-01	1.897839E-01	4.948905E-01	1.903221E-01	3.387131E-01	2.198333E-03
1.300000E-01	-3.901873E+00	6.762310E+00	-2.975243E+00	6.745908E+00	-9.313138E-01	1.648510E-02	4.186755E-01	1.884571E-01	4.920014E-01	1.889939E-01	3.367501E-01	2.185481E-03
1.400000E-01	-3.877460E+00	6.719998E+00	-2.956626E+00	6.703698E+00	-9.254902E-01	1.638199E-02	4.160269E-01	1.870346E-01	4.889001E-01	1.875700E-01	3.346429E-01	2.171684E-03
1.500000E-01	-3.851407E+00	6.674846E+00	-2.936759E+00	6.658656E+00	-9.192756E-01	1.627195E-02	4.132008E-01	1.855190E-01	4.855910E-01	1.860527E-01	3.323942E-01	2.156964E-03
1.600000E-01	-3.823752E+00	6.626915E+00	-2.915670E+00	6.610841E+00	-9.126784E-01	1.615515E-02	4.102011E-01	1.839125E-01	4.820785E-01	1.844445E-01	3.300072E-01	2.141338E-03
1.700000E-01	-3.794531E+00	6.576271E+00	-2.893387E+00	6.560320E+00	-9.057075E-01	1.603173E-02	4.070321E-01	1.822180E-01	4.783674E-01	1.827481E-01	3.274850E-01	2.124830E-03
1.800000E-01	-3.763783E+00	6.522980E+00	-2.869939E+00	6.507158E+00	-8.983721E-01	1.590185E-02	4.036979E-01	1.804380E-01	4.744627E-01	1.809662E-01	3.248311E-01	2.107460E-03
1.900000E-01	-3.731548E+00	6.467113E+00	-2.845358E+00	6.451427E+00	-8.906821E-01	1.576570E-02	4.002031E-01	1.785756E-01	4.703696E-01	1.791016E-01	3.220489E-01	2.089254E-03
2.000000E-01	-3.697871E+00	6.408744E+00	-2.819676E+00	6.393200E+00	-8.826475E-01	1.562344E-02	3.965523E-01	1.766335E-01	4.660936E-01	1.771574E-01	3.191421E-01	2.070233E-03
2.100000E-01	-3.662793E+00	6.347950E+00	-2.792928E+00	6.332553E+00	-8.742789E-01	1.547527E-02	3.927505E-01	1.746151E-01	4.616404E-01	1.751366E-01	3.161145E-01	2.050426E-03
2.200000E-01	-3.626362E+00	6.284811E+00	-2.765146E+00	6.269567E+00	-8.655873E-01	1.532139E-02	3.888026E-01	1.725233E-01	4.570158E-01	1.730424E-01	3.129701E-01	2.029856E-03
2.300000E-01	-3.588625E+00	6.219406E+00	-2.736369E+00	6.204321E+00	-8.565838E-01	1.516198E-02	3.847139E-01	1.703616E-01	4.522258E-01	1.708781E-01	3.097130E-01	2.008551E-03
2.400000E-01	-3.549630E+00	6.151822E+00	-2.706632E+00	6.136900E+00	-8.472800E-01	1.499725E-02	3.804897E-01	1.681331E-01	4.472767E-01	1.686470E-01	3.063474E-01	1.986540E-03
2.500000E-01	-3.509426E+00	6.082144E+00	-2.675975E+00	6.067391E+00	-8.376878E-01	1.482743E-02	3.761354E-01	1.658415E-01	4.421748E-01	1.663526E-01	3.028774E-01	1.963849E-03
2.600000E-01	-3.468065E+00	6.010459E+00	-2.644434E+00	5.995881E+00	-8.278194E-01	1.465270E-02	3.716567E-01	1.634900E-01	4.369267E-01	1.639982E-01	2.993076E-01	1.940510E-03
2.700000E-01	-3.425598E+00	5.936859E+00	-2.612050E+00	5.922459E+00	-8.176871E-01	1.447331E-02	3.670592E-01	1.610824E-01	4.315389E-01	1.615875E-01	2.956425E-01	1.916550E-03
2.800000E-01	-3.382079E+00	5.861434E+00	-2.578864E+00	5.847217E+00	-8.073035E-01	1.428947E-02	3.623488E-01	1.586221E-01	4.260183E-01	1.591241E-01	2.918865E-01	1.892000E-03
2.900000E-01	-3.337561E+00	5.784278E+00	-2.544916E+00	5.770248E+00	-7.966813E-01	1.410141E-02	3.575313E-01	1.561128E-01	4.203717E-01	1.566115E-01	2.880443E-01	1.866890E-03
3.000000E-01	-3.292097E+00	5.705483E+00	-2.510247E+00	5.691645E+00	-7.858336E-01	1.390935E-02	3.526127E-01	1.535581E-01	4.146060E-01	1.540534E-01	2.841205E-01	1.841252E-03
3.100000E-01	-3.245744E+00	5.625147E+00	-2.474900E+00	5.611503E+00	-7.747733E-01	1.371353E-02	3.475990E-01	1.509617E-01	4.087282E-01	1.514535E-01	2.801200E-01	1.815117E-03
3.200000E-01	-3.198556E+00	5.543364E+00	-2.438916E+00	5.529918E+00	-7.635138E-01	1.351419E-02	3.424962E-01	1.483272E-01	4.027455E-01	1.488154E-01	2.760475E-01	1.788517E-03
3.300000E-01	-3.150589E+00	5.460230E+00	-2.402338E+00	5.446986E+00	-7.520683E-01	1.331155E-02	3.373105E-01	1.456584E-01	3.966649E-01	1.461429E-01	2.719078E-01	1.761482E-03
3.400000E-01	-3.101899E+00	5.375844E+00	-2.365209E+00	5.362804E+00	-7.404501E-01	1.310586E-02	3.320479E-01	1.429589E-01	3.904935E-01	1.434395E-01	2.677058E-01	1.734045E-03
3.500000E-01	-3.052542E+00	5.290301E+00	-2.327571E+00	5.277469E+00	-7.286726E-01	1.289734E-02	3.267146E-01	1.402324E-01	3.842386E-01	1.407090E-01	2.634462E-01	1.706238E-03
3.600000E-01	-3.002574E+00	5.203700E+00	-2.289468E+00	5.191078E+00	-7.167492E-01	1.268625E-02	3.213168E-01	1.374825E-01	3.779073E-01	1.379550E-01	2.591339E-01	1.678092E-03
3.700000E-01	-2.952051E+00	5.116137E+00	-2.250941E+00	5.103728E+00	-7.046934E-01	1.247281E-02	3.158605E-01	1.347128E-01	3.715067E-01	1.351811E-01	2.547738E-01	1.649640E-03
3.800000E-01	-2.901029E+00	5.027710E+00	-2.212034E+00	5.015515E+00	-6.925183E-01	1.225726E-02	3.103519E-01	1.319269E-01	3.650439E-01	1.323909E-01	2.503707E-01	1.620913E-03
3.900000E-01	-2.849564E+00	4.938515E+00	-2.172789E+00	4.926536E+00	-6.802374E-01	1.203984E-02	3.047970E-01	1.291284E-01	3.585262E-01	1.295879E-01	2.459294E-01	1.591943E-03
4.000000E-01	-2.797711E+00	4.848647E+00	-2.133249E+00	4.836886E+00	-6.678638E-01	1.182078E-02	2.992019E-01	1.263206E-01	3.519604E-01	1.267755E-01	2.414546E-01	1.562761E-03
4.100000E-01	-2.745525E+00	4.758202E+00	-2.093454E+00	4.746661E+00	-6.554106E-01	1.160031E-02	2.935725E-01	1.235070E-01	3.453536E-01	1.239573E-01	2.369512E-01	1.533398E-03
4.200000E-01	-2.693060E+00	4.667274E+00	-2.053447E+00	4.655953E+00	-6.428907E-01	1.137866E-02	2.879146E-01	1.206910E-01	3.387128E-01	1.211365E-01	2.324237E-01	1.503885E-03
4.300000E-01	-2.640370E+00	4.575956E+00	-2.013268E+00	4.564856E+00	-6.303169E-01	1.115605E-02	2.822343E-01	1.178757E-01	3.320446E-01	1.183164E-01	2.278768E-01	1.474252E-03
4.400000E-01	-2.587508E+00	4.484339E+00	-1.972958E+00	4.473462E+00	-6.177019E-01	1.093272E-02	2.765371E-01	1.150646E-01	3.253559E-01	1.155002E-01	2.233151E-01	1.444530E-03
4.500000E-01	-2.534526E+00	4.392514E+00	-1.932556E+00	4.381859E+00	-6.050581E-01	1.070888E-02	2.708287E-01	1.122605E-01	3.186532E-01	1.126911E-01	2.187431E-01	1.414747E-03
4.600000E-01	-2.481474E+00	4.300569E+00	-1.892102E+00	4.290138E+00	-5.923977E-01	1.048475E-02	2.651148E-01	1.094667E-01	3.119431E-01	1.098920E-01	2.141652E-01	1.384933E-03
4.700000E-01	-2.428404E+00	4.208592E+00	-1.851633E+00	4.198384E+00	-5.797327E-01	1.026054E-02	2.594006E-01	1.066859E-01	3.052319E-01	1.071059E-01	2.095857E-01	1.355116E-03
4.800000E-01	-2.375364E+00	4.116668E+00	-1.811188E+00	4.106683E+00	-5.670749E-01	1.003645E-02	2.536916E-01	1.039211E-01	2.985260E-01	1.043357E-01	2.050089E-01	1.325323E-03
4.900000E-01	-2.322403E+00	4.024880E+00	-1.770803E+00	4.015117E+00	-5.544357E-01	9.812697E-03	2.479929E-01	1.011750E-01	2.918313E-01	1.015841E-01	2.004389E-01	1.295582E-03
5.000000E-01	-2.269567E+00	3.933309E+00	-1.730513E+00	3.923769E+00	-5.418263E-01	9.589473E-03	2.423096E-01	9.845024E-02	2.851538E-01	9.885371E-02	1.958798E-01	1.265919E-03
5.100000E-01	-2.216903E+00	3.842036E+00	-1.690355E+00	3.832717E+00	-5.292576E-01	9.366971E-03	2.366467E-01	9.574929E-02	2.784993E-01	9.614707E-02	1.913355E-01	1.236361E-03
5.200000E-01	-2.164454E+00	3.751136E+00	-1.650360E+00	3.742038E+00	-5.167403E-01	9.145380E-03	2.310088E-01	9.307460E-02	2.718735E-01	9.346659E-02	1.868099E-01	1.206931E-03
5.300000E-01	-2.112264E+00	3.660685E+00	-1.610563E+00	3.651806E+00	-5.042847E-01	8.924881E-03	2.254006E-01	9.042846E-02	2.652817E-01	9.081458E-02	1.823066E-01	1.177654E-03
5.400000E-01	-2.060375E+00	3.570755E+00	-1.570996E+00	3.562094E+00	-4.919006E-01	8.705650E-03	2.198267E-01	8.781306E-02	2.587293E-01	8.819322E-02	1.778293E-01	1.148553E-03
5.500000E-01	-2.008826E+00	3.481415E+00	-1.531688E+00	3.472970E+00	-4.795976E-01	8.487858E-03	2.142913E-01	8.523045E-02	2.522213E-01	8.560458E-02	1.733814E-01	1.119651E-03
5.600000E-01	-1.957656E+00	3.392732E+00	-1.492669E+00	3.384503E+00	-4.673852E-01	8.271668E-03	2.087985E-01	8.268259E-02	2.457626E-01	8.305061E-02	1.689663E-01	1.090970E-03
5.700000E-01	-1.906904E+00	3.304772E+00	-1.453969E+00	3.296757E+00	-4.552720E-01	8.057238E-03	2.033523E-01	8.017130E-02	2.393580E-01	8.053313E-02	1.645872E-01	1.062531E-03
5.800000E-01	-1.856603E+00	3.217597E+00	-1.415613E+00	3.209793E+00	-4.432668E-01	7.844720E-03	1.979567E-01	7.769828E-02	2.330118E-01	7.805385E-02	1.602472E-01	1.034352E-03
5.900000E-01	-1.806790E+00	3.131265E+00	-1.377629E+00	3.123670E+00	-4.313776E-01	7.634257E-03	1.926151E-01	7.526511E-02	2.267284E-01	7.561436E-02	1.559492E-01	1.006455E-03
6.000000E-01	-1.757496E+00	3.045833E+00	-1.340041E+00	3.038446E+00	-4.196122E-01	7.425988E-03	1.873310E-01	7.287325E-02	2.205120E-01	7.321611E-02	1.516960E-01	9.788555E-04
6.100000E-01	-1.708752E+00	2.961356E+00	-1.302872E+00	2.954173E+00	-4.079781E-01	7.220044E-03	1.821079E-01	7.052404E-02	2.143663E-01	7.086046E-02	1.474904E-01	9.515721E-04
6.200000E-01	-1.660589E+00	2.877883E+00	-1.266146E+00	2.870902E+00	-3.964822E-01	7.016549E-03	1.769486E-01	6.821869E-02	2.082952E-01	6.854862E-02	1.433348E-01	9.246209E-04
6.300000E-01	-1.613032E+00	2.795463E+00	-1.229884E+00	2.788683E+00	-3.851313E-01	6.815621E-03	1.718563E-01	6.595831E-02	2.023019E-01	6.628169E-02	1.392317E-01	8.980171E-04
6.400000E-01	-1.566110E+00	2.714142E+00	-1.194104E+00	2.707559E+00	-3.739315E-01	6.617369E-03	1.668336E-01	6.374387E-02	1.963900E-01	6.406066E-02	1.351832E-01	8.717754E-04
6.500000E-01	-1.519846E+00	2.633962E+00	-1.158827E+00	2.627573E+00	-3.628887E-01	6.421899E-03	1.618831E-01	6.157624E-02	1.905623E-01	6.188639E-02	1.311916E-01	8.459091E-04
6.600000E-01	-1.474263E+00	2.554962E+00	-1.124069E+00	2.548765E+00	-3.520084E-01	6.229306E-03	1.570073E-01	5.945615E-02	1.848217E-01	5.975963E-02	1.272588E-01	8.204310E-04
6.700000E-01	-1.429383E+00	2.477181E+00	-1.089847E+00	2.471172E+00	-3.412957E-01	6.039681E-03	1.522082E-01	5.738426E-02	1.791710E-01	5.768103E-02	1.233867E-01	7.953526E-04
6.800000E-01	-1.385225E+00	2.400651E+00	-1.056176E+00	2.394828E+00	-3.307553E-01	5.853107E-03	1.474881E-01	5.536107E-02	1.736124E-01	5.565112E-02	1.195768E-01	7.706848E-04
6.900000E-01	-1.341807E+00	2.325404E+00	-1.023069E+00	2.319763E+00	-3.203914E-01	5.669661E-03	1.428487E-01	5.338701E-02	1.681484E-01	5.367030E-02	1.158308E-01	7.464375E-04
7.000000E-01	-1.299146E+00	2.251469E+00	-9.905398E-01	2.246008E+00	-3.102082E-01	5.489412E-03	1.382918E-01	5.146238E-02	1.627808E-01	5.173891E-02	1.121502E-01	7.226195E-04
7.100000E-01	-1.257257E+00	2.178871E+00	-9.585990E-01	2.173586E+00	-3.002090E-01	5.312424E-03	1.338189E-01	4.958740E-02	1.575116E-01	4.985714E-02	1.085361E-01	6.992390E-04
7.200000E-01	-1.216153E+00	2.107635E+00	-9.272571E-01	2.102523E+00	-2.903972E-01	5.138753E-03	1.294313E-01	4.776217E-02	1.523423E-01	4.802512E-02	1.049898E-01	6.763032E-04
7.300000E-01	-1.175847E+00	2.037780E+00	-8.965230E-01	2.032838E+00	-2.807756E-01	4.968450E-03	1.251302E-01	4.598671E-02	1.472745E-01	4.624286E-02	1.015123E-01	6.538184E-04
7.400000E-01	-1.136348E+00	1.969325E+00	-8.664049E-01	1.964549E+00	-2.713466E-01	4.801558E-03	1.209167E-01	4.426093E-02	1.423094E-01	4.451029E-02	9.810447E-02	6.317903E-04
7.500000E-01	-1.097665E+00	1.902285E+00	-8.369094E-01	1.897671E+00	-2.621125E-01	4.638116E-03	1.167917E-01	4.258467E-02	1.374481E-01	4.282725E-02	9.476707E-02	6.102234E-04
7.600000E-01	-1.059807E+00	1.836674E+00	-8.080424E-01	1.832219E+00	-2.530749E-01	4.478156E-03	1.127559E-01	4.095769E-02	1.326915E-01	4.119350E-02	9.150077E-02	5.891217E-04
7.700000E-01	-1.022779E+00	1.772501E+00	-7.798085E-01	1.768202E+00	-2.442355E-01	4.321703E-03	1.088099E-01	3.937963E-02	1.280402E-01	3.960869E-02	8.830609E-02	5.684884E-04
7.800000E-01	-9.865856E-01	1.709776E+00	-7.522114E-01	1.705629E+00	-2.355953E-01	4.168778E-03	1.049541E-01	3.785011E-02	1.234949E-01	3.807244E-02	8.518344E-02	5.483257E-04
7.900000E-01	-9.512310E-01	1.648504E+00	-7.252538E-01	1.644505E+00	-2.271552E-01	4.019396E-03	1.011888E-01	3.636862E-02	1.190559E-01	3.658426E-02	8.213314E-02	5.286354E-04
8.000000E-01	-9.167173E-01	1.588689E+00	-6.989374E-01	1.584836E+00	-2.189157E-01	3.873566E-03	9.751420E-02	3.493463E-02	1.147235E-01	3.514361E-02	7.915536E-02	5.094184E-04
8.100000E-01	-8.830453E-01	1.530333E+00	-6.732628E-01	1.526621E+00	-2.108771E-01	3.731293E-03	9.393028E-02	3.354752E-02	1.104976E-01	3.374988E-02	7.625018E-02	4.906749E-04
8.200000E-01	-8.502150E-01	1.473436E+00	-6.482301E-01	1.469862E+00	-2.030393E-01	3.592575E-03	9.043695E-02	3.220661E-02	1.063784E-01	3.240239E-02	7.341760E-02	4.724044E-04
8.300000E-01	-8.182248E-01	1.417995E+00	-6.238380E-01	1.414556E+00	-1.954020E-01	3.457407E-03	8.703401E-02	3.091117E-02	1.023654E-01	3.110044E-02	7.065749E-02	4.546060E-04
8.400000E-01	-7.870724E-01	1.364006E+00	-6.000848E-01	1.360697E+00	-1.879646E-01	3.325778E-03	8.372111E-02	2.966043E-02	9.845846E-02	2.984322E-02	6.796964E-02	4.372779E-04
8.500000E-01	-7.567543E-01	1.311463E+00	-5.769678E-01	1.308282E+00	-1.807263E-01	3.197674E-03	8.049781E-02	2.845354E-02	9.465695E-02	2.862994E-02	6.535375E-02	4.204180E-04
8.600000E-01	-7.272660E-01	1.260358E+00	-5.544836E-01	1.257301E+00	-1.736860E-01	3.073077E-03	7.736356E-02	2.728964E-02	9.096029E-02	2.745971E-02	6.280943E-02	4.040233E-04
8.700000E-01	-6.986020E-01	1.210682E+00	-5.326280E-01	1.207745E+00	-1.668424E-01	2.951961E-03	7.431771E-02	2.616782E-02	8.736774E-02	2.633163E-02	6.033619E-02	3.880906E-04
8.800000E-01	-6.707560E-01	1.162423E+00	-5.113961E-01	1.159603E+00	-1.601941E-01	2.834302E-03	7.135950E-02	2.508713E-02	8.387844E-02	2.524477E-02	5.793351E-02	3.726161E-04
8.900000E-01	-6.437206E-01	1.115569E+00	-4.907824E-01	1.112863E+00	-1.537392E-01	2.720068E-03	6.848810E-02	2.404660E-02	8.049145E-02	2.419814E-02	5.560074E-02	3.575953E-04
9.000000E-01	-6.174880E-01	1.070107E+00	-4.707808E-01	1.067511E+00	-1.474759E-01	2.609225E-03	6.570258E-02	2.304522E-02	7.720569E-02	2.319077E-02	5.333719E-02	3.430236E-04
9.100000E-01	-5.920491E-01	1.026020E+00	-4.513845E-01	1.023531E+00	-1.414020E-01	2.501736E-03	6.300194E-02	2.208197E-02	7.402001E-02	2.222162E-02	5.114211E-02	3.288958E-04
9.200000E-01	-5.673945E-01	9.832922E-01	-4.325862E-01	9.809072E-01	-1.355153E-01	2.397561E-03	6.038511E-02	2.115582E-02	7.093317E-02	2.128967E-02	4.901466E-02	3.152063E-04
9.300000E-01	-5.435140E-01	9.419062E-01	-4.143782E-01	9.396215E-01	-1.298134E-01	2.296656E-03	5.785092E-02	2.026570E-02	6.794383E-02	2.039386E-02	4.695396E-02	3.019491E-04
9.400000E-01	-5.203967E-01	9.018429E-01	-3.967522E-01	8.996554E-01	-1.242936E-01	2.198976E-03	5.539818E-02	1.941056E-02	6.505058E-02	1.953313E-02	4.495907E-02	2.891179E-04
9.500000E-01	-4.980311E-01	8.630824E-01	-3.796994E-01	8.609890E-01	-1.189532E-01	2.104472E-03	5.302561E-02	1.858931E-02	6.225195E-02	1.870641E-02	4.302902E-02	2.767063E-04
9.600000E-01	-4.764054E-01	8.256042E-01	-3.632107E-01	8.236016E-01	-1.137894E-01	2.013094E-03	5.073188E-02	1.780089E-02	5.954639E-02	1.791264E-02	4.116276E-02	2.647072E-04
9.700000E-01	-4.555069E-01	7.893864E-01	-3.472766E-01	7.874717E-01	-1.087992E-01	1.924789E-03	4.851563E-02	1.704421E-02	5.693230E-02	1.715075E-02	3.935923E-02	2.531135E-04
9.800000E-01	-4.353229E-01	7.544068E-01	-3.318873E-01	7.525769E-01	-1.039796E-01	1.839503E-03	4.637542E-02	1.631822E-02	5.440801E-02	1.641966E-02	3.761730E-02	2.419179E-04
9.900000E-01	-4.158400E-01	7.206423E-01	-3.170326E-01	7.188943E-01	-9.932727E-02	1.757179E-03	4.430979E-02	1.562184E-02	5.197183E-02	1.571831E-02	3.593583E-02	2.311127E-04
1.000000E+00	-3.970445E-01	6.880691E-01	-3.027020E-01	6.864001E-01	-9.483905E-02	1.677759E-03	4.231726E-02	1.495402E-02	4.962200E-02	1.504566E-02	3.431364E-02	2.206902E-04
1.010000E+00	-3.789224E-01	6.566631E-01	-2.888850E-01	6.550703E-01	-9.051157E-02	1.601184E-03	4.039629E-02	1.431371E-02	4.735672E-02	1.440067E-02	3.274952E-02	2.106424E-04
1.020000E+00	-3.614594E-01	6.263994E-01	-2.755706E-01	6.248800E-01	-8.634144E-02	1.527395E-03	3.854533E-02	1.369990E-02	4.517418E-02	1.378230E-02	3.124224E-02	2.009611E-04
1.030000E+00	-3.446411E-01	5.972528E-01	-2.627476E-01	5.958041E-01	-8.232518E-02	1.456329E-03	3.676280E-02	1.311156E-02	4.307251E-02	1.318956E-02	2.979054E-02	1.916382E-04
1.040000E+00	-3.284527E-01	5.691980E-01	-2.504050E-01	5.678173E-01	-7.845929E-02	1.387925E-03	3.504710E-02	1.254772E-02	4.104986E-02	1.262145E-02	2.839317E-02	1.826653E-04
1.050000E+00	-3.128792E-01	5.422089E-01	-2.385313E-01	5.408937E-01	-7.474021E-02	1.322120E-03	3.339662E-02	1.200739E-02	3.910431E-02	1.207701E-02	2.704883E-02	1.740339E-04
1.060000E+00	-2.979057E-01	5.162596E-01	-2.271151E-01	5.150074E-01	-7.116435E-02	1.258849E-03	3.180974E-02	1.148964E-02	3.723396E-02	1.155528E-02	2.575622E-02	1.657357E-04
1.070000E+00	-2.835171E-01	4.913239E-01	-2.161448E-01	4.901321E-01	-6.772810E-02	1.198049E-03	3.028482E-02	1.099354E-02	3.543689E-02	1.105536E-02	2.451405E-02	1.577621E-04
1.080000E+00	-2.696980E-01	4.673754E-01	-2.056088E-01	4.662417E-01	-6.442785E-02	1.139656E-03	2.882023E-02	1.051820E-02	3.371116E-02	1.057633E-02	2.332100E-02	1.501045E-04
1.090000E+00	-2.564334E-01	4.443876E-01	-1.954956E-01	4.433097E-01	-6.125994E-02	1.083606E-03	2.741432E-02	1.006274E-02	3.205486E-02	1.011734E-02	2.217576E-02	1.427544E-04
1.100000E+00	-2.437079E-01	4.223343E-01	-1.857934E-01	4.213099E-01	-5.822075E-02	1.029834E-03	2.606548E-02	9.626333E-03	3.046604E-02	9.677547E-03	2.107702E-02	1.357031E-04
1.110000E+00	-2.315063E-01	4.011889E-01	-1.764908E-01	4.002158E-01	-5.530664E-02	9.782753E-04	2.477205E-02	9.208158E-03	2.894278E-02	9.256131E-03	2.002346E-02	1.289423E-04
1.120000E+00	-2.198134E-01	3.809252E-01	-1.675760E-01	3.800012E-01	-5.251399E-02	9.288664E-04	2.353241E-02	8.807435E-03	2.748317E-02	8.852310E-03	1.901377E-02	1.224633E-04
1.130000E+00	-2.086142E-01	3.615170E-01	-1.590376E-01	3.606401E-01	-4.983920E-02	8.815433E-04	2.234496E-02	8.423411E-03	2.608529E-02	8.465330E-03	1.804665E-02	1.162577E-04
1.140000E+00	-1.978936E-01	3.429383E-01	-1.508641E-01	3.421064E-01	-4.727869E-02	8.362426E-04	2.120809E-02	8.055361E-03	2.474725E-02	8.094464E-03	1.712082E-02	1.103171E-04
1.150000E+00	-1.876368E-01	3.251632E-01	-1.430443E-01	3.243745E-01	-4.482889E-02	7.929013E-04	2.012020E-02	7.702591E-03	2.346718E-02	7.739015E-03	1.623497E-02	1.046332E-04
1.160000E+00	-1.778289E-01	3.081663E-01	-1.355667E-01	3.074188E-01	-4.248629E-02	7.514571E-04	1.907973E-02	7.364437E-03	2.224321E-02	7.398317E-03	1.538786E-02	9.919783E-05
1.170000E+00	-1.684554E-01	2.919222E-01	-1.284204E-01	2.912141E-01	-4.024742E-02	7.118484E-04	1.808513E-02	7.040261E-03	2.107350E-02	7.071729E-03	1.457821E-02	9.400275E-05
1.180000E+00	-1.595019E-01	2.764058E-01	-1.215943E-01	2.757354E-01	-3.810882E-02	6.740143E-04	1.713486E-02	6.729458E-03	1.995624E-02	6.758642E-03	1.380478E-02	8.903996E-05
1.190000E+00	-1.509541E-01	2.615927E-01	-1.150775E-01	2.609582E-01	-3.606710E-02	6.378946E-04	1.622741E-02	6.431447E-03	1.888965E-02	6.458473E-03	1.306635E-02	8.430156E-05
1.200000E+00	-1.427980E-01	2.474584E-01	-1.088595E-01	2.468582E-01	-3.411891E-02	6.034301E-04	1.536130E-02	6.145677E-03	1.787196E-02	6.170665E-03	1.236171E-02	7.977973E-05
1.210000E+00	-1.350199E-01	2.339791E-01	-1.029295E-01	2.334116E-01	-3.226098E-02	5.705625E-04	1.453506E-02	5.871621E-03	1.690143E-02	5.894689E-03	1.168967E-02	7.546681E-05
1.220000E+00	-1.276062E-01	2.211313E-01	-9.727743E-02	2.205950E-01	-3.049005E-02	5.392347E-04	1.374725E-02	5.608780E-03	1.597637E-02	5.630042E-03	1.104907E-02	7.135528E-05
1.230000E+00	-1.205435E-01	2.088919E-01	-9.189299E-02	2.083852E-01	-2.880295E-02	5.093902E-04	1.299648E-02	5.356678E-03	1.509511E-02	5.376243E-03	1.043875E-02	6.743775E-05
1.240000E+00	-1.138188E-01	1.972383E-01	-8.676628E-02	1.967599E-01	-2.719658E-02	4.809741E-04	1.228135E-02	5.114863E-03	1.425600E-02	5.132837E-03	9.857596E-03	6.370697E-05
1.250000E+00	-1.074194E-01	1.861483E-01	-8.188753E-02	1.856968E-01	-2.566786E-02	4.539322E-04	1.160052E-02	4.882907E-03	1.345745E-02	4.899390E-03	9.304500E-03	6.015587E-05
1.260000E+00	-1.013327E-01	1.756003E-01	-7.724721E-02	1.751744E-01	-2.421383E-02	4.282118E-04	1.095268E-02	4.660402E-03	1.269790E-02	4.675492E-03	8.778387E-03	5.677750E-05
1.270000E+00	-9.554650E-02	1.655731E-01	-7.283601E-02	1.651715E-01	-2.283157E-02	4.037611E-04	1.033652E-02	4.446961E-03	1.197580E-02	4.460750E-03	8.278202E-03	5.356511E-05
1.280000E+00	-9.004886E-02	1.560459E-01	-6.864481E-02	1.556674E-01	-2.151821E-02	3.805297E-04	9.750787E-03	4.242217E-03	1.128967E-02	4.254794E-03	7.802917E-03	5.051209E-05
1.290000E+00	-8.482813E-02	1.469987E-01	-6.466473E-02	1.466421E-01	-2.027099E-02	3.584685E-04	9.194261E-03	4.045821E-03	1.063805E-02	4.057270E-03	7.351529E-03	4.761200E-05
1.300000E+00	-7.987297E-02	1.384116E-01	-6.088714E-02	1.380759E-01	-1.908719E-02	3.375295E-04	8.665745E-03	3.857442E-03	1.001952E-02	3.867843E-03	6.923060E-03	4.485857E-05
1.310000E+00	-7.517235E-02	1.302657E-01	-5.730360E-02	1.299497E-01	-1.796418E-02	3.176659E-04	8.164077E-03	3.676766E-03	9.432703E-03	3.686194E-03	6.516557E-03	4.224570E-05
1.320000E+00	-7.071550E-02	1.225422E-01	-5.390593E-02	1.222450E-01	-1.689939E-02	2.988325E-04	7.688127E-03	3.503492E-03	8.876255E-03	3.512019E-03	6.131096E-03	3.976745E-05
1.330000E+00	-6.649201E-02	1.152232E-01	-5.068616E-02	1.149437E-01	-1.589034E-02	2.809852E-04	7.236798E-03	3.337336E-03	8.348873E-03	3.345031E-03	5.765777E-03	3.741807E-05
1.340000E+00	-6.249173E-02	1.082909E-01	-4.763658E-02	1.080283E-01	-1.493460E-02	2.640810E-04	6.809026E-03	3.178027E-03	7.849293E-03	3.184952E-03	5.419727E-03	3.519197E-05
1.350000E+00	-5.870484E-02	1.017285E-01	-4.474969E-02	1.014818E-01	-1.402983E-02	2.480786E-04	6.403779E-03	3.025305E-03	7.376290E-03	3.031522E-03	5.092099E-03	3.308372E-05
1.360000E+00	-5.512183E-02	9.551941E-02	-4.201823E-02	9.528772E-02	-1.317375E-02	2.329377E-04	6.020058E-03	2.878925E-03	6.928676E-03	2.884489E-03	4.782072E-03	3.108809E-05
1.370000E+00	-5.173347E-02	8.964763E-02	-3.943517E-02	8.943018E-02	-1.236416E-02	2.186192E-04	5.656895E-03	2.738649E-03	6.505302E-03	2.743615E-03	4.488852E-03	2.919998E-05
1.380000E+00	-4.853085E-02	8.409774E-02	-3.699372E-02	8.389374E-02	-1.159895E-02	2.050857E-04	5.313356E-03	2.604253E-03	6.105057E-03	2.608669E-03	4.211670E-03	2.741450E-05
1.390000E+00	-4.550535E-02	7.885479E-02	-3.468731E-02	7.866351E-02	-1.087603E-02	1.923006E-04	4.988536E-03	2.475520E-03	5.726869E-03	2.479434E-03	3.949785E-03	2.572689E-05
1.400000E+00	-4.264865E-02	7.390438E-02	-3.250959E-02	7.372511E-02	-1.019345E-02	1.802288E-04	4.681565E-03	2.352244E-03	5.369699E-03	2.355699E-03	3.702478E-03	2.413258E-05
1.410000E+00	-3.995274E-02	6.923258E-02	-3.045444E-02	6.906465E-02	-9.549262E-03	1.688365E-04	4.391599E-03	2.234226E-03	5.032550E-03	2.237262E-03	3.469058E-03	2.262714E-05
1.420000E+00	-3.740986E-02	6.482600E-02	-2.851597E-02	6.466875E-02	-8.941636E-03	1.580908E-04	4.117829E-03	2.121274E-03	4.714458E-03	2.123930E-03	3.248858E-03	2.120632E-05
1.430000E+00	-3.501256E-02	6.067171E-02	-2.668848E-02	6.052454E-02	-8.368787E-03	1.479602E-04	3.859473E-03	2.013206E-03	4.414495E-03	2.015515E-03	3.041234E-03	1.986602E-05
1.440000E+00	-3.275367E-02	5.675727E-02	-2.496652E-02	5.661960E-02	-7.829001E-03	1.384146E-04	3.615780E-03	1.909844E-03	4.131769E-03	1.911840E-03	2.845569E-03	1.860229E-05
1.450000E+00	-3.062630E-02	5.307074E-02	-2.334481E-02	5.294201E-02	-7.320633E-03	1.294247E-04	3.386027E-03	1.811018E-03	3.865422E-03	1.812730E-03	2.661268E-03	1.741133E-05
1.460000E+00	-2.862380E-02	4.960062E-02	-2.181831E-02	4.948031E-02	-6.842097E-03	1.209625E-04	3.169518E-03	1.716563E-03	3.614629E-03	1.718019E-03	2.487758E-03	1.628950E-05
1.470000E+00	-2.673982E-02	4.633588E-02	-2.038215E-02	4.622348E-02	-6.391874E-03	1.130010E-04	2.965588E-03	1.626319E-03	3.378598E-03	1.627545E-03	2.324491E-03	1.523330E-05
1.480000E+00	-2.496824E-02	4.326593E-02	-1.903169E-02	4.316098E-02	-5.968505E-03	1.055146E-04	2.773596E-03	1.540133E-03	3.156572E-03	1.541153E-03	2.170940E-03	1.423937E-05
1.490000E+00	-2.330321E-02	4.038062E-02	-1.776246E-02	4.028266E-02	-5.570592E-03	9.847845E-05	2.592928E-03	1.457857E-03	2.947820E-03	1.458692E-03	2.026600E-03	1.330450E-05
1.500000E+00	-2.173911E-02	3.767022E-02	-1.657017E-02	3.757885E-02	-5.196793E-03	9.186881E-05	2.422996E-03	1.379345E-03	2.751647E-03	1.380015E-03	1.890987E-03	1.242558E-05
1.510000E+00	-2.027059E-02	3.512544E-02	-1.545074E-02	3.504024E-02	-4.845828E-03	8.566300E-05	2.263238E-03	1.304458E-03	2.567385E-03	1.304981E-03	1.763637E-03	1.159968E-05
1.520000E+00	-1.889249E-02	3.273737E-02	-1.440025E-02	3.265796E-02	-4.516467E-03	7.983933E-05	2.113114E-03	1.233060E-03	2.394395E-03	1.233454E-03	1.644108E-03	1.082396E-05
1.530000E+00	-1.759991E-02	3.049749E-02	-1.341495E-02	3.042351E-02	-4.207539E-03	7.437702E-05	1.972110E-03	1.165020E-03	2.232068E-03	1.165299E-03	1.531976E-03	1.009573E-05
1.540000E+00	-1.638815E-02	2.839767E-02	-1.249126E-02	2.832879E-02	-3.917922E-03	6.925627E-05	1.839732E-03	1.100209E-03	2.079821E-03	1.100388E-03	1.426835E-03	9.412399E-06
1.550000E+00	-1.525274E-02	2.643016E-02	-1.162578E-02	2.636604E-02	-3.646548E-03	6.445813E-05	1.715512E-03	1.038505E-03	1.937096E-03	1.038596E-03	1.328299E-03	8.771512E-06
1.560000E+00	-1.418940E-02	2.458754E-02	-1.081524E-02	2.452790E-02	-3.392395E-03	5.996457E-05	1.599001E-03	9.797870E-04	1.803365E-03	9.798010E-04	1.236000E-03	8.170717E-06
1.570000E+00	-1.319407E-02	2.286277E-02	-1.005654E-02	2.280731E-02	-3.154491E-03	5.575838E-05	1.489771E-03	9.239374E-04	1.678121E-03	9.238852E-04	1.149587E-03	7.607773E-06
1.580000E+00	-1.226286E-02	2.124912E-02	-9.346719E-03	2.119757E-02	-2.931910E-03	5.182316E-05	1.387414E-03	8.708430E-04	1.560882E-03	8.707341E-04	1.068724E-03	7.080544E-06
1.590000E+00	-1.139208E-02	1.974019E-02	-8.682970E-03	1.969231E-02	-2.723770E-03	4.814331E-05	1.291542E-03	8.203937E-04	1.451190E-03	8.202364E-04	9.930924E-04	6.587000E-06
1.600000E+00	-1.057822E-02	1.832990E-02	-8.062612E-03	1.828544E-02	-2.529231E-03	4.470401E-05	1.201785E-03	7.724823E-04	1.348608E-03	7.722843E-04	9.223897E-04	6.125205E-06
1.610000E+00	-9.817952E-03	1.701247E-02	-7.483101E-03	1.697120E-02	-2.347497E-03	4.149114E-05	1.117793E-03	7.270049E-04	1.252723E-03	7.267730E-04	8.563273E-04	5.693321E-06
1.620000E+00	-9.108092E-03	1.578239E-02	-6.942019E-03	1.574411E-02	-2.177811E-03	3.849131E-05	1.039231E-03	6.838607E-04	1.163140E-03	6.836011E-04	7.946315E-04	5.289602E-06
1.630000E+00	-8.445635E-03	1.463447E-02	-6.437072E-03	1.459897E-02	-2.019452E-03	3.569179E-05	9.657821E-04	6.429518E-04	1.079485E-03	6.426698E-04	7.370424E-04	4.912386E-06
1.640000E+00	-7.827726E-03	1.356373E-02	-5.966084E-03	1.353083E-02	-1.871739E-03	3.308052E-05	8.971444E-04	6.041832E-04	1.001403E-03	6.038837E-04	6.833131E-04	4.560101E-06
1.650000E+00	-7.251658E-03	1.256550E-02	-5.526990E-03	1.253502E-02	-1.734026E-03	3.064607E-05	8.330324E-04	5.674629E-04	9.285590E-04	5.671502E-04	6.332101E-04	4.231252E-06
1.660000E+00	-6.714866E-03	1.163534E-02	-5.117837E-03	1.160712E-02	-1.605700E-03	2.837760E-05	7.731750E-04	5.327017E-04	8.606331E-04	5.323796E-04	5.865116E-04	3.924424E-06
1.670000E+00	-6.214925E-03	1.076903E-02	-4.736773E-03	1.074291E-02	-1.486181E-03	2.626485E-05	7.173153E-04	4.998131E-04	7.973238E-04	4.994849E-04	5.430080E-04	3.638275E-06
1.680000E+00	-5.749536E-03	9.962596E-03	-4.382047E-03	9.938429E-03	-1.374919E-03	2.429812E-05	6.652100E-04	4.687137E-04	7.383456E-04	4.683823E-04	5.025006E-04	3.371537E-06
1.690000E+00	-5.316528E-03	9.212274E-03	-4.052005E-03	9.189928E-03	-1.271397E-03	2.246822E-05	6.166290E-04	4.393223E-04	6.834284E-04	4.389903E-04	4.648018E-04	3.123008E-06
1.700000E+00	-4.913849E-03	8.514509E-03	-3.745081E-03	8.493855E-03	-1.175125E-03	2.076650E-05	5.713545E-04	4.115608E-04	6.323169E-04	4.112303E-04	4.297342E-04	2.891554E-06
1.710000E+00	-4.539562E-03	7.865942E-03	-3.459800E-03	7.846862E-03	-1.085638E-03	1.918475E-05	5.291805E-04	3.853536E-04	5.847700E-04	3.850264E-04	3.971302E-04	2.676100E-06
1.720000E+00	-4.191838E-03	7.263406E-03	-3.194767E-03	7.245787E-03	-1.002500E-03	1.771526E-05	4.899125E-04	3.606275E-04	5.405601E-04	3.603053E-04	3.668317E-04	2.475634E-06
1.730000E+00	-3.868954E-03	6.703913E-03	-2.948667E-03	6.687650E-03	-9.252994E-04	1.635074E-05	4.533668E-04	3.373122E-04	4.994725E-04	3.369963E-04	3.386895E-04	2.289200E-06
1.740000E+00	-3.569283E-03	6.184645E-03	-2.720261E-03	6.169642E-03	-8.536478E-04	1.508432E-05	4.193701E-04	3.153396E-04	4.613048E-04	3.150311E-04	3.125631E-04	2.115895E-06
1.750000E+00	-3.291295E-03	5.702951E-03	-2.508384E-03	5.689117E-03	-7.871792E-04	1.390952E-05	3.877588E-04	2.946442E-04	4.258663E-04	2.943440E-04	2.883199E-04	1.954870E-06
1.760000E+00	-3.033550E-03	5.256333E-03	-2.311936E-03	5.243583E-03	-7.255493E-04	1.282028E-05	3.583789E-04	2.751629E-04	3.929774E-04	2.748718E-04	2.658353E-04	1.805323E-06
1.770000E+00	-2.794691E-03	4.842444E-03	-2.129885E-03	4.830698E-03	-6.684344E-04	1.181084E-05	3.310852E-04	2.568351E-04	3.624690E-04	2.565535E-04	2.449919E-04	1.666499E-06
1.780000E+00	-2.573446E-03	4.459075E-03	-1.961258E-03	4.448259E-03	-6.155299E-04	1.087584E-05	3.057408E-04	2.396022E-04	3.341823E-04	2.393307E-04	2.256794E-04	1.537690E-06
1.790000E+00	-2.368616E-03	4.104152E-03	-1.805144E-03	4.094196E-03	-5.665496E-04	1.001022E-05	2.822173E-04	2.234083E-04	3.079676E-04	2.231472E-04	2.077941E-04	1.418228E-06
1.800000E+00	-2.179078E-03	3.775726E-03	-1.660686E-03	3.766567E-03	-5.212251E-04	9.209210E-06	2.603935E-04	2.081994E-04	2.836848E-04	2.079488E-04	1.912387E-04	1.307485E-06
1.810000E+00	-2.003777E-03	3.471971E-03	-1.527079E-03	3.463548E-03	-4.793041E-04	8.468369E-06	2.401558E-04	1.939238E-04	2.612019E-04	1.936839E-04	1.759218E-04	1.204872E-06
1.820000E+00	-1.841723E-03	3.191171E-03	-1.403570E-03	3.183429E-03	-4.405503E-04	7.783513E-06	2.213974E-04	1.805321E-04	2.403954E-04	1.803029E-04	1.617576E-04	1.109835E-06
1.830000E+00	-1.691990E-03	2.931720E-03	-1.289451E-03	2.924608E-03	-4.047420E-04	7.150724E-06	2.040178E-04	1.679767E-04	2.211492E-04	1.677581E-04	1.486658E-04	1.021856E-06
1.840000E+00	-1.553710E-03	2.692114E-03	-1.184062E-03	2.685583E-03	-3.716718E-04	6.566332E-06	1.879230E-04	1.562122E-04	2.033547E-04	1.560041E-04	1.365710E-04	9.404482E-07
1.850000E+00	-1.426068E-03	2.470943E-03	-1.086781E-03	2.464949E-03	-3.411454E-04	6.026902E-06	1.730246E-04	1.451951E-04	1.869101E-04	1.449974E-04	1.254029E-04	8.651541E-07
1.860000E+00	-1.308306E-03	2.266891E-03	-9.970306E-04	2.261392E-03	-3.129810E-04	5.529221E-06	1.592399E-04	1.348840E-04	1.717201E-04	1.346964E-04	1.150954E-04	7.955468E-07
1.870000E+00	-1.199711E-03	2.078725E-03	-9.142675E-04	2.073682E-03	-2.870086E-04	5.070283E-06	1.464914E-04	1.252391E-04	1.576954E-04	1.250614E-04	1.055869E-04	7.312261E-07
1.880000E+00	-1.099620E-03	1.905293E-03	-8.379856E-04	1.900671E-03	-2.630694E-04	4.647282E-06	1.347064E-04	1.162226E-04	1.447528E-04	1.160545E-04	9.681956E-05	6.718176E-07
1.890000E+00	-1.007412E-03	1.745521E-03	-7.677120E-04	1.741287E-03	-2.410151E-04	4.257594E-06	1.238170E-04	1.077984E-04	1.328143E-04	1.076397E-04	8.873968E-05	6.169710E-07
1.900000E+00	-9.225076E-04	1.598406E-03	-7.030053E-04	1.594528E-03	-2.207074E-04	3.898774E-06	1.137596E-04	9.993218E-05	1.218071E-04	9.978253E-05	8.129692E-05	5.663590E-07
1.910000E+00	-8.443672E-04	1.463010E-03	-6.434537E-04	1.459461E-03	-2.020170E-04	3.568538E-06	1.044749E-04	9.259121E-05	1.116633E-04	9.245025E-05	7.444438E-05	5.196759E-07
1.920000E+00	-7.724872E-04	1.338462E-03	-5.886736E-04	1.335215E-03	-1.848236E-04	3.264759E-06	9.590716E-05	8.574434E-05	1.023195E-04	8.561174E-05	6.813830E-05	4.766363E-07
1.930000E+00	-7.063984E-04	1.223949E-03	-5.383074E-04	1.220980E-03	-1.690152E-04	2.985455E-06	8.800469E-05	7.936200E-05	9.371656E-05	7.923741E-05	6.233792E-05	4.369737E-07
1.940000E+00	-6.456641E-04	1.118715E-03	-4.920221E-04	1.116001E-03	-1.544872E-04	2.728779E-06	8.071905E-05	7.341608E-05	8.579946E-05	7.329916E-05	5.700526E-05	4.004398E-07
1.950000E+00	-5.898779E-04	1.022054E-03	-4.495079E-04	1.019574E-03	-1.411425E-04	2.493014E-06	7.400510E-05	6.787993E-05	7.851687E-05	6.777033E-05	5.210499E-05	3.668030E-07
1.960000E+00	-5.386618E-04	9.333114E-04	-4.104768E-04	9.310473E-04	-1.288907E-04	2.276563E-06	6.782073E-05	6.272827E-05	7.182105E-05	6.262564E-05	4.760421E-05	3.358475E-07
1.970000E+00	-4.916643E-04	8.518791E-04	-3.746609E-04	8.498126E-04	-1.176478E-04	2.077941E-06	6.212672E-05	5.793713E-05	6.566755E-05	5.784114E-05	4.347235E-05	3.073725E-07
1.980000E+00	-4.485592E-04	7.771913E-04	-3.418116E-04	7.753059E-04	-1.073359E-04	1.895768E-06	5.688652E-05	5.348384E-05	6.001506E-05	5.339415E-05	3.968101E-05	2.811911E-07
1.990000E+00	-4.090434E-04	7.087228E-04	-3.116977E-04	7.070035E-04	-9.788239E-05	1.728764E-06	5.206612E-05	4.934694E-05	5.482518E-05	4.926322E-05	3.620380E-05	2.571294E-07
