kt	u	d	ub	db	uv	dv	du	dd	dub	ddb	duv	ddv
0.000000E+00	-8.193766E-01	1.189955E+00	-5.598251E-02	1.495174E-01	-7.633947E-01	1.040439E+00	2.354751E-01	3.664424E-01	2.422723E-02	5.461918E-02	2.158391E-01	3.189766E-01
1.000000E-02	-8.191756E-01	1.189663E+00	-5.596863E-02	1.494804E-01	-7.670240E-01	1.045385E+00	2.353765E-01	3.662963E-01	2.421868E-02	5.459849E-02	2.157823E-01	3.188931E-01
2.000000E-02	-8.185731E-01	1.188787E+00	-5.592701E-02	1.493696E-01	-7.664812E-01	1.044644E+00	2.350810E-01	3.658585E-01	2.419305E-02	5.453644E-02	2.155109E-01	3.185153E-01
3.000000E-02	-8.175699E-01	1.187328E+00	-5.585771E-02	1.491851E-01	-7.655446E-01	1.043366E+00	2.345891E-01	3.651298E-01	2.415039E-02	5.443318E-02	2.150586E-01	3.178858E-01
4.000000E-02	-8.161675E-01	1.185288E+00	-5.576083E-02	1.489271E-01	-7.642344E-01	1.041578E+00	2.339022E-01	3.641119E-01	2.409080E-02	5.428894E-02	2.144268E-01	3.170065E-01
5.000000E-02	-8.143681E-01	1.182672E+00	-5.563654E-02	1.485961E-01	-7.625527E-01	1.039283E+00	2.330216E-01	3.628071E-01	2.401440E-02	5.410402E-02	2.136170E-01	3.158793E-01
6.000000E-02	-8.121743E-01	1.179481E+00	-5.548501E-02	1.481926E-01	-7.605021E-01	1.036485E+00	2.319494E-01	3.612184E-01	2.392136E-02	5.387885E-02	2.126309E-01	3.145068E-01
7.000000E-02	-8.095896E-01	1.175722E+00	-5.530648E-02	1.477171E-01	-7.580856E-01	1.033188E+00	2.306881E-01	3.593492E-01	2.381188E-02	5.361390E-02	2.114709E-01	3.128920E-01
8.000000E-02	-8.066177E-01	1.171400E+00	-5.510121E-02	1.471705E-01	-7.553069E-01	1.029396E+00	2.292404E-01	3.572037E-01	2.368619E-02	5.330976E-02	2.101396E-01	3.110386E-01
9.000000E-02	-8.032632E-01	1.166522E+00	-5.486953E-02	1.465535E-01	-7.521702E-01	1.025115E+00	2.276097E-01	3.547868E-01	2.354456E-02	5.296708E-02	2.086399E-01	3.089507E-01
1.000000E-01	-7.995310E-01	1.161094E+00	-5.461178E-02	1.458671E-01	-7.486801E-01	1.020353E+00	2.257996E-01	3.521036E-01	2.338730E-02	5.258662E-02	2.069753E-01	3.066328E-01
1.100000E-01	-7.954268E-01	1.155126E+00	-5.432835E-02	1.451123E-01	-7.448418E-01	1.015115E+00	2.238141E-01	3.491603E-01	2.321473E-02	5.216918E-02	2.051495E-01	3.040902E-01
1.200000E-01	-7.909566E-01	1.148625E+00	-5.401967E-02	1.442902E-01	-7.406611E-01	1.009410E+00	2.216577E-01	3.459631E-01	2.302721E-02	5.171567E-02	2.031665E-01	3.013283E-01
1.300000E-01	-7.861270E-01	1.141601E+00	-5.368620E-02	1.434021E-01	-7.361441E-01	1.003246E+00	2.193351E-01	3.425191E-01	2.282515E-02	5.122704E-02	2.010308E-01	2.983533E-01
1.400000E-01	-7.809451E-01	1.134066E+00	-5.332842E-02	1.424492E-01	-7.312974E-01	9.966328E-01	2.168514E-01	3.388358E-01	2.260896E-02	5.070435E-02	1.987471E-01	2.951715E-01
1.500000E-01	-7.754186E-01	1.126029E+00	-5.294689E-02	1.414330E-01	-7.261282E-01	9.895791E-01	2.142121E-01	3.349210E-01	2.237909E-02	5.014869E-02	1.963203E-01	2.917899E-01
1.600000E-01	-7.695555E-01	1.117503E+00	-5.254215E-02	1.403550E-01	-7.206440E-01	9.820957E-01	2.114229E-01	3.307832E-01	2.213601E-02	4.956123E-02	1.937557E-01	2.882158E-01
1.700000E-01	-7.633643E-01	1.108500E+00	-5.211480E-02	1.392168E-01	-7.148527E-01	9.741933E-01	2.084898E-01	3.264312E-01	2.188021E-02	4.894318E-02	1.910590E-01	2.844566E-01
1.800000E-01	-7.568539E-01	1.099032E+00	-5.166547E-02	1.380199E-01	-7.087627E-01	9.658833E-01	2.054190E-01	3.218742E-01	2.161222E-02	4.829583E-02	1.882358E-01	2.805204E-01
1.900000E-01	-7.500337E-01	1.089115E+00	-5.119480E-02	1.367662E-01	-7.023827E-01	9.571777E-01	2.022172E-01	3.171216E-01	2.133258E-02	4.762049E-02	1.852922E-01	2.764155E-01
2.000000E-01	-7.429134E-01	1.078760E+00	-5.070347E-02	1.354574E-01	-6.957218E-01	9.480888E-01	1.988909E-01	3.121834E-01	2.104183E-02	4.691854E-02	1.822344E-01	2.721502E-01
2.100000E-01	-7.355029E-01	1.067984E+00	-5.019219E-02	1.340955E-01	-6.887893E-01	9.386295E-01	1.954472E-01	3.070696E-01	2.074055E-02	4.619138E-02	1.790688E-01	2.677335E-01
2.200000E-01	-7.278127E-01	1.056802E+00	-4.966167E-02	1.326822E-01	-6.815950E-01	9.288130E-01	1.918930E-01	3.017908E-01	2.042933E-02	4.544047E-02	1.758018E-01	2.631744E-01
2.300000E-01	-7.198535E-01	1.045228E+00	-4.911265E-02	1.312196E-01	-6.741488E-01	9.186529E-01	1.882358E-01	2.963574E-01	2.010877E-02	4.466728E-02	1.724403E-01	2.584819E-01
2.400000E-01	-7.116362E-01	1.033280E+00	-4.854592E-02	1.297097E-01	-6.664610E-01	9.081633E-01	1.844827E-01	2.907804E-01	1.977948E-02	4.387331E-02	1.689909E-01	2.536656E-01
2.500000E-01	-7.031720E-01	1.020972E+00	-4.796224E-02	1.281547E-01	-6.585421E-01	8.973585E-01	1.806413E-01	2.850707E-01	1.944208E-02	4.306009E-02	1.654606E-01	2.487348E-01
2.600000E-01	-6.944725E-01	1.008323E+00	-4.736241E-02	1.265565E-01	-6.504028E-01	8.862530E-01	1.767192E-01	2.792393E-01	1.909719E-02	4.222917E-02	1.618562E-01	2.436991E-01
2.700000E-01	-6.855491E-01	9.953479E-01	-4.674724E-02	1.249174E-01	-6.420539E-01	8.748618E-01	1.727239E-01	2.732975E-01	1.874544E-02	4.138209E-02	1.581850E-01	2.385683E-01
2.800000E-01	-6.764138E-01	9.820652E-01	-4.611756E-02	1.232396E-01	-6.335065E-01	8.631999E-01	1.686630E-01	2.672565E-01	1.838748E-02	4.052042E-02	1.544537E-01	2.333521E-01
2.900000E-01	-6.670785E-01	9.684918E-01	-4.547420E-02	1.215252E-01	-6.247719E-01	8.512826E-01	1.645442E-01	2.611276E-01	1.802394E-02	3.964574E-02	1.506696E-01	2.280601E-01
3.000000E-01	-6.575554E-01	9.546455E-01	-4.481800E-02	1.197766E-01	-6.158612E-01	8.391254E-01	1.603752E-01	2.549218E-01	1.765545E-02	3.875960E-02	1.468396E-01	2.227022E-01
3.100000E-01	-6.478564E-01	9.405440E-01	-4.414981E-02	1.179959E-01	-6.067859E-01	8.267437E-01	1.561635E-01	2.486506E-01	1.728265E-02	3.786356E-02	1.429708E-01	2.172879E-01
3.200000E-01	-6.379941E-01	9.262050E-01	-4.347048E-02	1.161854E-01	-5.975575E-01	8.141533E-01	1.519166E-01	2.423250E-01	1.690616E-02	3.695918E-02	1.390700E-01	2.118270E-01
3.300000E-01	-6.279805E-01	9.116465E-01	-4.278086E-02	1.143474E-01	-5.881874E-01	8.013698E-01	1.476420E-01	2.359559E-01	1.652662E-02	3.604800E-02	1.351442E-01	2.063290E-01
3.400000E-01	-6.178281E-01	8.968864E-01	-4.208180E-02	1.124842E-01	-5.786872E-01	7.884090E-01	1.433471E-01	2.295543E-01	1.614464E-02	3.513152E-02	1.312001E-01	2.008033E-01
3.500000E-01	-6.075491E-01	8.819425E-01	-4.137417E-02	1.105980E-01	-5.690683E-01	7.752866E-01	1.390391E-01	2.231310E-01	1.576082E-02	3.421126E-02	1.272444E-01	1.952592E-01
3.600000E-01	-5.971558E-01	8.668328E-01	-4.065882E-02	1.086911E-01	-5.593423E-01	7.620182E-01	1.347252E-01	2.166964E-01	1.537577E-02	3.328867E-02	1.232838E-01	1.897058E-01
3.700000E-01	-5.866604E-01	8.515751E-01	-3.993659E-02	1.067658E-01	-5.495205E-01	7.486194E-01	1.304122E-01	2.102609E-01	1.499007E-02	3.236522E-02	1.193245E-01	1.841520E-01
3.800000E-01	-5.760751E-01	8.361869E-01	-3.920832E-02	1.048242E-01	-5.396144E-01	7.351058E-01	1.261070E-01	2.038346E-01	1.460430E-02	3.144229E-02	1.153729E-01	1.786066E-01
3.900000E-01	-5.654118E-01	8.206858E-01	-3.847484E-02	1.028687E-01	-5.296351E-01	7.214926E-01	1.218161E-01	1.974273E-01	1.421901E-02	3.052128E-02	1.114351E-01	1.730781E-01
4.000000E-01	-5.546826E-01	8.050891E-01	-3.773699E-02	1.009014E-01	-5.195938E-01	7.077952E-01	1.175461E-01	1.910485E-01	1.383474E-02	2.960351E-02	1.075169E-01	1.675749E-01
4.100000E-01	-5.438991E-01	7.894140E-01	-3.699558E-02	9.892449E-02	-5.095015E-01	6.940285E-01	1.133031E-01	1.847076E-01	1.345202E-02	2.869028E-02	1.036241E-01	1.621048E-01
4.200000E-01	-5.330729E-01	7.736772E-01	-3.625141E-02	9.694007E-02	-4.993690E-01	6.802073E-01	1.090930E-01	1.784135E-01	1.307137E-02	2.778285E-02	9.976231E-02	1.566757E-01
4.300000E-01	-5.222155E-01	7.578954E-01	-3.550527E-02	9.495027E-02	-4.892071E-01	6.663462E-01	1.049217E-01	1.721747E-01	1.269326E-02	2.688243E-02	9.593671E-02	1.512951E-01
4.400000E-01	-5.113381E-01	7.420850E-01	-3.475793E-02	9.295715E-02	-4.790262E-01	6.524595E-01	1.007947E-01	1.659997E-01	1.231817E-02	2.599016E-02	9.215245E-02	1.459700E-01
4.500000E-01	-5.004516E-01	7.262617E-01	-3.401015E-02	9.096272E-02	-4.688365E-01	6.385613E-01	9.671721E-02	1.598963E-01	1.194655E-02	2.510717E-02	8.841437E-02	1.407075E-01
4.600000E-01	-4.895667E-01	7.104414E-01	-3.326267E-02	8.896897E-02	-4.586482E-01	6.246653E-01	9.269426E-02	1.538720E-01	1.157883E-02	2.423450E-02	8.472712E-02	1.355140E-01
4.700000E-01	-4.786941E-01	6.946393E-01	-3.251623E-02	8.697782E-02	-4.484711E-01	6.107848E-01	8.873061E-02	1.479341E-01	1.121541E-02	2.337318E-02	8.109510E-02	1.303958E-01
4.800000E-01	-4.678438E-01	6.788701E-01	-3.177152E-02	8.499116E-02	-4.383147E-01	5.969329E-01	8.483075E-02	1.420894E-01	1.085668E-02	2.252414E-02	7.752245E-02	1.253587E-01
4.900000E-01	-4.570259E-01	6.631484E-01	-3.102922E-02	8.301079E-02	-4.281882E-01	5.831223E-01	8.099890E-02	1.363442E-01	1.050300E-02	2.168829E-02	7.401308E-02	1.204084E-01
5.000000E-01	-4.462499E-01	6.474883E-01	-3.029000E-02	8.103850E-02	-4.181009E-01	5.693654E-01	7.723902E-02	1.307048E-01	1.015471E-02	2.086648E-02	7.057067E-02	1.155501E-01
5.100000E-01	-4.355253E-01	6.319032E-01	-2.955451E-02	7.907600E-02	-4.080613E-01	5.556740E-01	7.355481E-02	1.251766E-01	9.812127E-03	2.005949E-02	6.719864E-02	1.107886E-01
5.200000E-01	-4.248609E-01	6.164062E-01	-2.882336E-02	7.712494E-02	-3.980779E-01	5.420597E-01	6.994968E-02	1.197649E-01	9.475549E-03	1.926806E-02	6.390017E-02	1.061286E-01
5.300000E-01	-4.142656E-01	6.010101E-01	-2.809715E-02	7.518692E-02	-3.881588E-01	5.285335E-01	6.642680E-02	1.144747E-01	9.145243E-03	1.849285E-02	6.067820E-02	1.015743E-01
5.400000E-01	-4.037477E-01	5.857270E-01	-2.737646E-02	7.326345E-02	-3.783120E-01	5.151062E-01	6.298906E-02	1.093105E-01	8.821456E-03	1.773451E-02	5.753546E-02	9.712958E-02
5.500000E-01	-3.933151E-01	5.705685E-01	-2.666182E-02	7.135602E-02	-3.685448E-01	5.017880E-01	5.963912E-02	1.042763E-01	8.504413E-03	1.699359E-02	5.447442E-02	9.279796E-02
5.600000E-01	-3.829756E-01	5.555457E-01	-2.595378E-02	6.946601E-02	-3.588645E-01	4.885887E-01	5.637937E-02	9.937591E-02	8.194315E-03	1.627060E-02	5.149734E-02	8.858271E-02
5.700000E-01	-3.727365E-01	5.406694E-01	-2.525282E-02	6.759478E-02	-3.492780E-01	4.755176E-01	5.321197E-02	9.461272E-02	7.891341E-03	1.556602E-02	4.860629E-02	8.448675E-02
5.800000E-01	-3.626047E-01	5.259496E-01	-2.455942E-02	6.574358E-02	-3.397916E-01	4.625836E-01	5.013887E-02	8.998977E-02	7.595647E-03	1.488023E-02	4.580310E-02	8.051268E-02
5.900000E-01	-3.525868E-01	5.113958E-01	-2.387404E-02	6.391361E-02	-3.304117E-01	4.497951E-01	4.716177E-02	8.550975E-02	7.307367E-03	1.421361E-02	4.308946E-02	7.666279E-02
6.000000E-01	-3.426891E-01	4.970173E-01	-2.319709E-02	6.210603E-02	-3.211441E-01	4.371602E-01	4.428221E-02	8.117502E-02	7.026614E-03	1.356644E-02	4.046685E-02	7.293908E-02
6.100000E-01	-3.329175E-01	4.828224E-01	-2.252899E-02	6.032188E-02	-3.119942E-01	4.246863E-01	4.150151E-02	7.698762E-02	6.753479E-03	1.293900E-02	3.793661E-02	6.934326E-02
6.200000E-01	-3.232774E-01	4.688193E-01	-2.187009E-02	5.856219E-02	-3.029673E-01	4.123805E-01	3.882086E-02	7.294929E-02	6.488033E-03	1.233148E-02	3.549994E-02	6.587675E-02
6.300000E-01	-3.137740E-01	4.550153E-01	-2.122075E-02	5.682787E-02	-2.940681E-01	4.002493E-01	3.624128E-02	6.906147E-02	6.230327E-03	1.174404E-02	3.315795E-02	6.254070E-02
6.400000E-01	-3.044121E-01	4.414175E-01	-2.058129E-02	5.511979E-02	-2.853012E-01	3.882989E-01	3.376370E-02	6.532533E-02	5.980392E-03	1.117680E-02	3.091164E-02	5.933597E-02
6.500000E-01	-2.951962E-01	4.280322E-01	-1.995202E-02	5.343876E-02	-2.766706E-01	3.765349E-01	3.138895E-02	6.174177E-02	5.738240E-03	1.062983E-02	2.876198E-02	5.626319E-02
6.600000E-01	-2.861302E-01	4.148654E-01	-1.933320E-02	5.178552E-02	-2.681804E-01	3.649626E-01	2.911782E-02	5.831141E-02	5.503865E-03	1.010316E-02	2.670989E-02	5.332270E-02
6.700000E-01	-2.772180E-01	4.019225E-01	-1.872508E-02	5.016073E-02	-2.598338E-01	3.535866E-01	2.695111E-02	5.503467E-02	5.277243E-03	9.596777E-03	2.475633E-02	5.051462E-02
6.800000E-01	-2.684629E-01	3.892084E-01	-1.812790E-02	4.856500E-02	-2.516342E-01	3.424114E-01	2.488963E-02	5.191169E-02	5.058335E-03	9.110630E-03	2.290235E-02	4.783879E-02
6.900000E-01	-2.598680E-01	3.767276E-01	-1.754185E-02	4.699887E-02	-2.435843E-01	3.314407E-01	2.293433E-02	4.894241E-02	4.847083E-03	8.644631E-03	2.114908E-02	4.529479E-02
7.000000E-01	-2.514359E-01	3.644838E-01	-1.696711E-02	4.546283E-02	-2.356868E-01	3.206782E-01	2.108633E-02	4.612651E-02	4.643416E-03	8.198654E-03	1.949785E-02	4.288196E-02
7.100000E-01	-2.431691E-01	3.524806E-01	-1.640384E-02	4.395730E-02	-2.279437E-01	3.101267E-01	1.934697E-02	4.346344E-02	4.447247E-03	7.772537E-03	1.795019E-02	4.059935E-02
7.200000E-01	-2.350697E-01	3.407209E-01	-1.585218E-02	4.248264E-02	-2.203572E-01	2.997889E-01	1.771795E-02	4.095243E-02	4.258475E-03	7.366086E-03	1.650792E-02	3.844574E-02
7.300000E-01	-2.271392E-01	3.292073E-01	-1.531223E-02	4.103915E-02	-2.129288E-01	2.896671E-01	1.620138E-02	3.859238E-02	4.076988E-03	6.979071E-03	1.517316E-02	3.641960E-02
7.400000E-01	-2.193793E-01	3.179419E-01	-1.478408E-02	3.962710E-02	-2.056599E-01	2.797631E-01	1.479985E-02	3.638194E-02	3.902660E-03	6.611230E-03	1.394834E-02	3.451909E-02
7.500000E-01	-2.117910E-01	3.069263E-01	-1.426782E-02	3.824667E-02	-1.985515E-01	2.700784E-01	1.351651E-02	3.431939E-02	3.735354E-03	6.262269E-03	1.283613E-02	3.274200E-02
7.600000E-01	-2.043753E-01	2.961617E-01	-1.376348E-02	3.689800E-02	-1.916045E-01	2.606141E-01	1.235501E-02	3.240264E-02	3.574922E-03	5.931860E-03	1.183928E-02	3.108576E-02
7.700000E-01	-1.971326E-01	2.856490E-01	-1.327110E-02	3.558119E-02	-1.848195E-01	2.513708E-01	1.131935E-02	3.062912E-02	3.421208E-03	5.619645E-03	1.096033E-02	2.954739E-02
7.800000E-01	-1.900634E-01	2.753885E-01	-1.279070E-02	3.429629E-02	-1.781968E-01	2.423491E-01	1.041355E-02	2.899576E-02	3.274045E-03	5.325229E-03	1.020116E-02	2.812349E-02
7.900000E-01	-1.831676E-01	2.653805E-01	-1.232228E-02	3.304327E-02	-1.717363E-01	2.335490E-01	9.640997E-03	2.749890E-02	3.133259E-03	5.048187E-03	9.562361E-03	2.681018E-02
8.000000E-01	-1.764451E-01	2.556246E-01	-1.186580E-02	3.182211E-02	-1.654380E-01	2.249702E-01	9.003548E-03	2.613422E-02	2.998669E-03	4.788060E-03	9.042499E-03	2.560314E-02
8.100000E-01	-1.698955E-01	2.461201E-01	-1.142124E-02	3.063270E-02	-1.593015E-01	2.166122E-01	8.500368E-03	2.489669E-02	2.870088E-03	4.544350E-03	8.637467E-03	2.449759E-02
8.200000E-01	-1.635181E-01	2.368661E-01	-1.098854E-02	2.947491E-02	-1.533261E-01	2.084742E-01	8.126883E-03	2.378056E-02	2.747322E-03	4.316529E-03	8.340082E-03	2.348827E-02
8.300000E-01	-1.573121E-01	2.278612E-01	-1.056764E-02	2.834857E-02	-1.475111E-01	2.005551E-01	7.874161E-03	2.277931E-02	2.630176E-03	4.104030E-03	8.140151E-03	2.256954E-02
8.400000E-01	-1.512763E-01	2.191041E-01	-1.015845E-02	2.725346E-02	-1.418554E-01	1.928534E-01	7.729110E-03	2.188572E-02	2.518447E-03	3.906252E-03	8.025049E-03	2.173535E-02
8.500000E-01	-1.454096E-01	2.105926E-01	-9.760883E-03	2.618934E-02	-1.363580E-01	1.853676E-01	7.675518E-03	2.109196E-02	2.411934E-03	3.722558E-03	7.980688E-03	2.097940E-02
8.600000E-01	-1.397104E-01	2.023248E-01	-9.374829E-03	2.515594E-02	-1.310173E-01	1.780957E-01	7.695647E-03	2.038967E-02	2.310429E-03	3.552279E-03	7.992621E-03	2.029515E-02
8.700000E-01	-1.341771E-01	1.942983E-01	-9.000171E-03	2.415292E-02	-1.258320E-01	1.710359E-01	7.771859E-03	1.977012E-02	2.213728E-03	3.394716E-03	8.047017E-03	1.967596E-02
8.800000E-01	-1.288080E-01	1.865104E-01	-8.636778E-03	2.317997E-02	-1.208003E-01	1.641856E-01	7.887898E-03	1.922442E-02	2.121624E-03	3.249141E-03	8.131359E-03	1.911521E-02
8.900000E-01	-1.236010E-01	1.789583E-01	-8.284511E-03	2.223671E-02	-1.159205E-01	1.575425E-01	8.029631E-03	1.874367E-02	2.033913E-03	3.114806E-03	8.234818E-03	1.860633E-02
9.000000E-01	-1.185542E-01	1.716389E-01	-7.943220E-03	2.132274E-02	-1.111906E-01	1.511039E-01	8.185327E-03	1.831916E-02	1.950390E-03	2.990946E-03	8.348362E-03	1.814299E-02
9.100000E-01	-1.136653E-01	1.645490E-01	-7.612749E-03	2.043765E-02	-1.066085E-01	1.448669E-01	8.345583E-03	1.794253E-02	1.870854E-03	2.876786E-03	8.464679E-03	1.771913E-02
9.200000E-01	-1.089320E-01	1.576852E-01	-7.292929E-03	1.958100E-02	-1.021721E-01	1.388286E-01	8.503088E-03	1.760591E-02	1.795109E-03	2.771551E-03	8.578005E-03	1.732905E-02
9.300000E-01	-1.043518E-01	1.510440E-01	-6.983589E-03	1.875232E-02	-9.787904E-02	1.329858E-01	8.652306E-03	1.730203E-02	1.722960E-03	2.674470E-03	8.683910E-03	1.696745E-02
9.400000E-01	-9.992212E-02	1.446215E-01	-6.684546E-03	1.795115E-02	-9.372696E-02	1.273353E-01	8.789156E-03	1.702428E-02	1.654219E-03	2.584788E-03	8.779074E-03	1.662950E-02
9.500000E-01	-9.564039E-02	1.384140E-01	-6.395615E-03	1.717698E-02	-8.971341E-02	1.218737E-01	8.910732E-03	1.676676E-02	1.588701E-03	2.501771E-03	8.861095E-03	1.631083E-02
9.600000E-01	-9.150387E-02	1.324174E-01	-6.116604E-03	1.642931E-02	-8.583584E-02	1.165975E-01	9.015053E-03	1.652426E-02	1.526229E-03	2.424716E-03	8.928309E-03	1.600756E-02
9.700000E-01	-8.750975E-02	1.266277E-01	-5.847316E-03	1.570762E-02	-8.209162E-02	1.115031E-01	9.100869E-03	1.629229E-02	1.466632E-03	2.352954E-03	8.979643E-03	1.571627E-02
9.800000E-01	-8.365517E-02	1.210407E-01	-5.587549E-03	1.501136E-02	-7.847807E-02	1.065869E-01	9.167499E-03	1.606703E-02	1.409745E-03	2.285857E-03	9.014498E-03	1.543400E-02
9.900000E-01	-7.993719E-02	1.156522E-01	-5.337099E-03	1.434000E-02	-7.499248E-02	1.018451E-01	9.214704E-03	1.584525E-02	1.355411E-03	2.222843E-03	9.032644E-03	1.515821E-02
1.000000E+00	-7.635284E-02	1.104577E-01	-5.095758E-03	1.369299E-02	-7.163205E-02	9.727390E-02	9.242584E-03	1.562431E-02	1.303478E-03	2.163376E-03	9.034147E-03	1.488676E-02
1.010000E+00	-7.289912E-02	1.054529E-01	-4.863315E-03	1.306977E-02	-6.839397E-02	9.286947E-02	9.251501E-03	1.540209E-02	1.253806E-03	2.106969E-03	9.019296E-03	1.461791E-02
1.020000E+00	-6.957298E-02	1.006333E-01	-4.639558E-03	1.246976E-02	-6.527539E-02	8.862792E-02	9.242015E-03	1.517690E-02	1.206258E-03	2.053183E-03	8.988560E-03	1.435020E-02
1.030000E+00	-6.637133E-02	9.599457E-02	-4.424273E-03	1.189241E-02	-6.227344E-02	8.454530E-02	9.214834E-03	1.494746E-02	1.160708E-03	2.001629E-03	8.942539E-03	1.408251E-02
1.040000E+00	-6.329109E-02	9.153208E-02	-4.217245E-03	1.133714E-02	-5.938521E-02	8.061766E-02	9.170776E-03	1.471286E-02	1.117036E-03	1.951963E-03	8.881934E-03	1.381395E-02
1.050000E+00	-6.032915E-02	8.724133E-02	-4.018257E-03	1.080338E-02	-5.660782E-02	7.684104E-02	9.110737E-03	1.447246E-02	1.075130E-03	1.903886E-03	8.807520E-03	1.354390E-02
1.060000E+00	-5.748240E-02	8.311778E-02	-3.827094E-03	1.029054E-02	-5.393835E-02	7.321145E-02	9.035666E-03	1.422590E-02	1.034885E-03	1.857141E-03	8.720120E-03	1.327190E-02
1.070000E+00	-5.474773E-02	7.915692E-02	-3.643541E-03	9.798064E-03	-5.137388E-02	6.972491E-02	8.946545E-03	1.397301E-02	9.962045E-04	1.811509E-03	8.620593E-03	1.299770E-02
1.080000E+00	-5.212202E-02	7.535420E-02	-3.467381E-03	9.325370E-03	-4.891151E-02	6.637745E-02	8.844372E-03	1.371384E-02	9.589981E-04	1.766805E-03	8.509815E-03	1.272116E-02
1.090000E+00	-4.960218E-02	7.170512E-02	-3.298401E-03	8.871890E-03	-4.654834E-02	6.316512E-02	8.730152E-03	1.344854E-02	9.231820E-04	1.722878E-03	8.388668E-03	1.244230E-02
1.100000E+00	-4.718513E-02	6.820520E-02	-3.136388E-03	8.437057E-03	-4.428148E-02	6.008397E-02	8.604880E-03	1.317742E-02	8.886793E-04	1.679605E-03	8.258033E-03	1.216123E-02
1.110000E+00	-4.486781E-02	6.484998E-02	-2.981131E-03	8.020307E-03	-4.210809E-02	5.713009E-02	8.469542E-03	1.290088E-02	8.554187E-04	1.636886E-03	8.118780E-03	1.187813E-02
1.120000E+00	-4.264718E-02	6.163504E-02	-2.832420E-03	7.621083E-03	-4.002530E-02	5.429961E-02	8.325098E-03	1.261937E-02	8.233351E-04	1.594648E-03	7.971763E-03	1.159328E-02
1.130000E+00	-4.052024E-02	5.855602E-02	-2.690049E-03	7.238833E-03	-3.803031E-02	5.158868E-02	8.172486E-03	1.233344E-02	7.923684E-04	1.552834E-03	7.817813E-03	1.130698E-02
1.140000E+00	-3.848401E-02	5.560857E-02	-2.553812E-03	6.873010E-03	-3.612035E-02	4.899350E-02	8.012614E-03	1.204364E-02	7.624638E-04	1.511404E-03	7.657737E-03	1.101959E-02
1.150000E+00	-3.653555E-02	5.278843E-02	-2.423508E-03	6.523078E-03	-3.429264E-02	4.651032E-02	7.846354E-03	1.175058E-02	7.335710E-04	1.470333E-03	7.492314E-03	1.073151E-02
1.160000E+00	-3.467197E-02	5.009139E-02	-2.298938E-03	6.188503E-03	-3.254450E-02	4.413544E-02	7.674546E-03	1.145488E-02	7.056439E-04	1.429610E-03	7.322290E-03	1.044314E-02
1.170000E+00	-3.289042E-02	4.751329E-02	-2.179906E-03	5.868765E-03	-3.087324E-02	4.186521E-02	7.497991E-03	1.115715E-02	6.786407E-04	1.389231E-03	7.148382E-03	1.015491E-02
1.180000E+00	-3.118808E-02	4.505006E-02	-2.066219E-03	5.563349E-03	-2.927623E-02	3.969603E-02	7.317453E-03	1.085803E-02	6.525229E-04	1.349202E-03	6.971270E-03	9.867239E-03
1.190000E+00	-2.956220E-02	4.269767E-02	-1.957688E-03	5.271749E-03	-2.775089E-02	3.762440E-02	7.133656E-03	1.055812E-02	6.272553E-04	1.309535E-03	6.791602E-03	9.580559E-03
1.200000E+00	-2.801006E-02	4.045219E-02	-1.854128E-03	4.993472E-03	-2.629469E-02	3.564684E-02	6.947285E-03	1.025803E-02	6.028059E-04	1.270248E-03	6.609990E-03	9.295293E-03
1.210000E+00	-2.652901E-02	3.830975E-02	-1.755357E-03	4.728030E-03	-2.490513E-02	3.375995E-02	6.758988E-03	9.958343E-03	5.791450E-04	1.231363E-03	6.427011E-03	9.011852E-03
1.220000E+00	-2.511645E-02	3.626657E-02	-1.661197E-03	4.474950E-03	-2.357978E-02	3.196042E-02	6.569370E-03	9.659623E-03	5.562456E-04	1.192905E-03	6.243207E-03	8.730637E-03
1.230000E+00	-2.376982E-02	3.431895E-02	-1.571474E-03	4.233765E-03	-2.231624E-02	3.024499E-02	6.379000E-03	9.362408E-03	5.340829E-04	1.154901E-03	6.059086E-03	8.452032E-03
1.240000E+00	-2.248663E-02	3.246327E-02	-1.486018E-03	4.004023E-03	-2.111220E-02	2.861047E-02	6.188409E-03	9.067210E-03	5.126336E-04	1.117378E-03	5.875122E-03	8.176401E-03
1.250000E+00	-2.126446E-02	3.069599E-02	-1.404662E-03	3.785279E-03	-1.996536E-02	2.705377E-02	5.998090E-03	8.774513E-03	4.918764E-04	1.080366E-03	5.691754E-03	7.904091E-03
1.260000E+00	-2.010093E-02	2.901367E-02	-1.327247E-03	3.577101E-03	-1.887351E-02	2.557184E-02	5.808501E-03	8.484771E-03	4.717915E-04	1.043893E-03	5.509391E-03	7.635427E-03
1.270000E+00	-1.899372E-02	2.741294E-02	-1.253613E-03	3.379069E-03	-1.783447E-02	2.416173E-02	5.620062E-03	8.198405E-03	4.523602E-04	1.007987E-03	5.328407E-03	7.370709E-03
1.280000E+00	-1.794058E-02	2.589054E-02	-1.183607E-03	3.190771E-03	-1.684614E-02	2.282058E-02	5.433163E-03	7.915810E-03	4.335651E-04	9.726744E-04	5.149149E-03	7.110219E-03
1.290000E+00	-1.693932E-02	2.444327E-02	-1.117082E-03	3.011811E-03	-1.590647E-02	2.154556E-02	5.248159E-03	7.637344E-03	4.153896E-04	9.379824E-04	4.971931E-03	6.854210E-03
1.300000E+00	-1.598780E-02	2.306804E-02	-1.053890E-03	2.841799E-03	-1.501345E-02	2.033397E-02	5.065373E-03	7.363339E-03	3.978181E-04	9.039348E-04	4.797040E-03	6.602917E-03
1.310000E+00	-1.508396E-02	2.176185E-02	-9.938934E-04	2.680360E-03	-1.416514E-02	1.918316E-02	4.885097E-03	7.094093E-03	3.808357E-04	8.705542E-04	4.624736E-03	6.356549E-03
1.320000E+00	-1.422579E-02	2.052178E-02	-9.369540E-04	2.527130E-03	-1.335966E-02	1.809056E-02	4.707598E-03	6.829876E-03	3.644279E-04	8.378613E-04	4.455251E-03	6.115292E-03
1.330000E+00	-1.341133E-02	1.934499E-02	-8.829403E-04	2.381754E-03	-1.259519E-02	1.705369E-02	4.533109E-03	6.570927E-03	3.485810E-04	8.058748E-04	4.288794E-03	5.879309E-03
1.340000E+00	-1.263870E-02	1.822875E-02	-8.317243E-04	2.243891E-03	-1.186995E-02	1.607012E-02	4.361843E-03	6.317459E-03	3.332816E-04	7.746113E-04	4.125548E-03	5.648744E-03
1.350000E+00	-1.190606E-02	1.717040E-02	-7.831823E-04	2.113208E-03	-1.118223E-02	1.513754E-02	4.193983E-03	6.069655E-03	3.185166E-04	7.440853E-04	3.965675E-03	5.423717E-03
1.360000E+00	-1.121165E-02	1.616738E-02	-7.371945E-04	1.989385E-03	-1.053037E-02	1.425368E-02	4.029692E-03	5.827673E-03	3.042735E-04	7.143090E-04	3.809315E-03	5.204328E-03
1.370000E+00	-1.055376E-02	1.521720E-02	-6.936453E-04	1.872114E-03	-9.912769E-03	1.341635E-02	3.869106E-03	5.591646E-03	2.905396E-04	6.852927E-04	3.656585E-03	4.990657E-03
1.380000E+00	-9.930737E-03	1.431747E-02	-6.524232E-04	1.761094E-03	-9.327878E-03	1.262346E-02	3.712345E-03	5.361681E-03	2.773028E-04	6.570444E-04	3.507588E-03	4.782766E-03
1.390000E+00	-9.340983E-03	1.346587E-02	-6.134206E-04	1.656037E-03	-8.774202E-03	1.187295E-02	3.559506E-03	5.137864E-03	2.645511E-04	6.295700E-04	3.362405E-03	4.580699E-03
1.400000E+00	-8.782960E-03	1.266018E-02	-5.765335E-04	1.556666E-03	-8.250297E-03	1.116288E-02	3.410668E-03	4.920259E-03	2.522724E-04	6.028735E-04	3.221100E-03	4.384483E-03
1.410000E+00	-8.255186E-03	1.189824E-02	-5.416622E-04	1.462713E-03	-7.754775E-03	1.049134E-02	3.265893E-03	4.708910E-03	2.404551E-04	5.769569E-04	3.083725E-03	4.194129E-03
1.420000E+00	-7.756232E-03	1.117799E-02	-5.087104E-04	1.373919E-03	-7.286295E-03	9.856525E-03	3.125225E-03	4.503839E-03	2.290873E-04	5.518205E-04	2.950312E-03	4.009631E-03
1.430000E+00	-7.284723E-03	1.049742E-02	-4.775855E-04	1.290037E-03	-6.843569E-03	9.256667E-03	2.988696E-03	4.305054E-03	2.181577E-04	5.274627E-04	2.820884E-03	3.830973E-03
1.440000E+00	-6.839338E-03	9.854628E-03	-4.481986E-04	1.210828E-03	-6.425357E-03	8.690084E-03	2.856320E-03	4.112545E-03	2.076546E-04	5.038801E-04	2.695448E-03	3.658123E-03
1.450000E+00	-6.418804E-03	9.247765E-03	-4.204642E-04	1.136062E-03	-6.030466E-03	8.155153E-03	2.728102E-03	3.926285E-03	1.975666E-04	4.810679E-04	2.574001E-03	3.491037E-03
1.460000E+00	-6.021900E-03	8.675064E-03	-3.943003E-04	1.065521E-03	-5.657752E-03	7.650319E-03	2.604033E-03	3.746234E-03	1.878824E-04	4.590199E-04	2.456529E-03	3.329661E-03
1.470000E+00	-5.647455E-03	8.134825E-03	-3.696282E-04	9.989927E-04	-5.306116E-03	7.174084E-03	2.484092E-03	3.572339E-03	1.785908E-04	4.377284E-04	2.343007E-03	3.173929E-03
1.480000E+00	-5.294343E-03	7.625421E-03	-3.463725E-04	9.362747E-04	-4.974501E-03	6.725016E-03	2.368251E-03	3.404534E-03	1.696806E-04	4.171844E-04	2.233402E-03	3.023768E-03
1.490000E+00	-4.961487E-03	7.145288E-03	-3.244609E-04	8.771732E-04	-4.661899E-03	6.301740E-03	2.256470E-03	3.242743E-03	1.611407E-04	3.973777E-04	2.127674E-03	2.879094E-03
1.500000E+00	-4.647854E-03	6.692931E-03	-3.038241E-04	8.215024E-04	-4.367339E-03	5.902937E-03	2.148703E-03	3.086880E-03	1.529601E-04	3.782974E-04	2.025773E-03	2.739817E-03
1.510000E+00	-4.352454E-03	6.266918E-03	-2.843960E-04	7.690845E-04	-4.089894E-03	5.527348E-03	2.044894E-03	2.936849E-03	1.451279E-04	3.599311E-04	1.927643E-03	2.605841E-03
1.520000E+00	-4.074340E-03	5.865879E-03	-2.661131E-04	7.197496E-04	-3.828677E-03	5.173766E-03	1.944983E-03	2.792547E-03	1.376333E-04	3.422659E-04	1.833224E-03	2.477061E-03
1.530000E+00	-3.812608E-03	5.488502E-03	-2.489151E-04	6.733352E-04	-3.582837E-03	4.841036E-03	1.848902E-03	2.653863E-03	1.304657E-04	3.252880E-04	1.742448E-03	2.353368E-03
1.540000E+00	-3.566393E-03	5.133536E-03	-2.327439E-04	6.296859E-04	-3.351564E-03	4.528056E-03	1.756579E-03	2.520683E-03	1.236145E-04	3.089829E-04	1.655244E-03	2.234650E-03
1.550000E+00	-3.334868E-03	4.799785E-03	-2.175445E-04	5.886534E-04	-3.134082E-03	4.233772E-03	1.667937E-03	2.392882E-03	1.170692E-04	2.933356E-04	1.571537E-03	2.120789E-03
1.560000E+00	-3.117244E-03	4.486107E-03	-2.032642E-04	5.500965E-04	-2.929651E-03	3.957179E-03	1.582895E-03	2.270335E-03	1.108197E-04	2.783306E-04	1.491247E-03	2.011665E-03
1.570000E+00	-2.912769E-03	4.191413E-03	-1.898528E-04	5.138802E-04	-2.737565E-03	3.697319E-03	1.501369E-03	2.152912E-03	1.048557E-04	2.639517E-04	1.414293E-03	1.907153E-03
1.580000E+00	-2.720725E-03	3.914665E-03	-1.772624E-04	4.798759E-04	-2.557151E-03	3.453276E-03	1.423271E-03	2.040478E-03	9.916736E-05	2.501827E-04	1.340590E-03	1.807129E-03
1.590000E+00	-2.540428E-03	3.654874E-03	-1.654475E-04	4.479612E-04	-2.387767E-03	3.224179E-03	1.348513E-03	1.932898E-03	9.374475E-05	2.370069E-04	1.270052E-03	1.711465E-03
1.600000E+00	-2.371227E-03	3.411097E-03	-1.543647E-04	4.180196E-04	-2.228801E-03	3.009199E-03	1.277003E-03	1.830034E-03	8.857829E-05	2.244075E-04	1.202591E-03	1.620033E-03
1.610000E+00	-2.212502E-03	3.182439E-03	-1.439728E-04	3.899400E-04	-2.079673E-03	2.807545E-03	1.208647E-03	1.731746E-03	8.365851E-05	2.123675E-04	1.138117E-03	1.532703E-03
1.620000E+00	-2.063663E-03	2.968045E-03	-1.342325E-04	3.636171E-04	-1.939829E-03	2.618466E-03	1.143353E-03	1.637894E-03	7.897614E-05	2.008697E-04	1.076541E-03	1.449347E-03
1.630000E+00	-1.924149E-03	2.767106E-03	-1.251065E-04	3.389507E-04	-1.808741E-03	2.441248E-03	1.081026E-03	1.548338E-03	7.452209E-05	1.898970E-04	1.017772E-03	1.369835E-03
1.640000E+00	-1.793427E-03	2.578850E-03	-1.165595E-04	3.158454E-04	-1.685911E-03	2.275211E-03	1.021571E-03	1.462936E-03	7.028749E-05	1.794323E-04	9.617202E-04	1.294038E-03
1.650000E+00	-1.670991E-03	2.402547E-03	-1.085578E-04	2.942109E-04	-1.570863E-03	2.119712E-03	9.648933E-04	1.381549E-03	6.626364E-05	1.694585E-04	9.082942E-04	1.221828E-03
1.660000E+00	-1.556360E-03	2.237502E-03	-1.010696E-04	2.739615E-04	-1.463145E-03	1.974139E-03	9.108988E-04	1.304038E-03	6.244209E-05	1.599587E-04	8.574043E-04	1.153079E-03
1.670000E+00	-1.449080E-03	2.083055E-03	-9.406465E-05	2.550158E-04	-1.362331E-03	1.837910E-03	8.594934E-04	1.230264E-03	5.881455E-05	1.509161E-04	8.089611E-04	1.087665E-03
1.680000E+00	-1.348716E-03	1.938583E-03	-8.751424E-05	2.372966E-04	-1.268014E-03	1.710476E-03	8.105843E-04	1.160091E-03	5.537299E-05	1.423140E-04	7.628760E-04	1.025461E-03
1.690000E+00	-1.254861E-03	1.803494E-03	-8.139127E-05	2.207310E-04	-1.179809E-03	1.591315E-03	7.640794E-04	1.093385E-03	5.210957E-05	1.341361E-04	7.190616E-04	9.663476E-04
1.700000E+00	-1.167124E-03	1.677226E-03	-7.567005E-05	2.052498E-04	-1.097353E-03	1.479933E-03	7.198879E-04	1.030012E-03	4.901667E-05	1.263662E-04	6.774316E-04	9.102030E-04
1.710000E+00	-1.085140E-03	1.559249E-03	-7.032627E-05	1.907876E-04	-1.020300E-03	1.375861E-03	6.779206E-04	9.698424E-04	4.608689E-05	1.189883E-04	6.379010E-04	8.569100E-04
1.720000E+00	-1.008560E-03	1.449061E-03	-6.533694E-05	1.772823E-04	-9.483244E-04	1.278658E-03	6.380896E-04	9.127485E-04	4.331306E-05	1.119870E-04	6.003867E-04	8.063532E-04
1.730000E+00	-9.370550E-04	1.346188E-03	-6.068031E-05	1.646756E-04	-8.811163E-04	1.187905E-03	6.003088E-04	8.586045E-04	4.068823E-05	1.053468E-04	5.648069E-04	7.584201E-04
1.740000E+00	-8.703147E-04	1.250179E-03	-5.633587E-05	1.529120E-04	-8.183844E-04	1.103206E-03	5.644938E-04	8.072882E-04	3.820565E-05	9.905290E-05	5.310817E-04	7.130004E-04
1.750000E+00	-8.080450E-04	1.160611E-03	-5.228421E-05	1.419393E-04	-7.598527E-04	1.024188E-03	5.305623E-04	7.586798E-04	3.585880E-05	9.309068E-05	4.991329E-04	6.699867E-04
1.760000E+00	-7.499685E-04	1.077084E-03	-4.850703E-05	1.317082E-04	-7.052607E-04	9.504971E-04	4.984339E-04	7.126627E-04	3.364139E-05	8.744588E-05	4.688844E-04	6.292746E-04
1.770000E+00	-6.958234E-04	9.992200E-04	-4.498707E-05	1.221722E-04	-6.543626E-04	8.818003E-04	4.680300E-04	6.691233E-04	3.154732E-05	8.210467E-05	4.402621E-04	5.907622E-04
1.780000E+00	-6.453625E-04	9.266619E-04	-4.170804E-05	1.132874E-04	-6.069262E-04	8.177835E-04	4.392746E-04	6.279515E-04	2.957073E-05	7.705356E-05	4.131938E-04	5.543509E-04
1.790000E+00	-5.983528E-04	8.590738E-04	-3.865460E-05	1.050124E-04	-5.627328E-04	7.581504E-04	4.120935E-04	5.890400E-04	2.770595E-05	7.227946E-05	3.876094E-04	5.199449E-04
1.800000E+00	-5.545748E-04	7.961389E-04	-3.581229E-05	9.730817E-05	-5.215762E-04	7.026215E-04	3.864148E-04	5.522849E-04	2.594753E-05	6.776969E-05	3.634409E-04	4.874513E-04
1.810000E+00	-5.138215E-04	7.375588E-04	-3.316751E-05	9.013810E-05	-4.832619E-04	6.509338E-04	3.621688E-04	5.175858E-04	2.429023E-05	6.351195E-05	3.406225E-04	4.567805E-04
1.820000E+00	-4.758982E-04	6.830525E-04	-3.070744E-05	8.346760E-05	-4.476071E-04	6.028396E-04	3.392882E-04	4.848453E-04	2.272899E-05	5.949434E-05	3.190906E-04	4.278456E-04
1.830000E+00	-4.406215E-04	6.323556E-04	-2.842003E-05	7.726416E-05	-4.144395E-04	5.581057E-04	3.177077E-04	4.539694E-04	2.125896E-05	5.570538E-05	2.987835E-04	4.005628E-04
1.840000E+00	-4.078188E-04	5.852195E-04	-2.629395E-05	7.149722E-05	-3.835970E-04	5.165128E-04	2.973645E-04	4.248674E-04	1.987550E-05	5.213396E-05	2.796417E-04	3.748514E-04
1.850000E+00	-3.773280E-04	5.414102E-04	-2.431855E-05	6.613802E-05	-3.549274E-04	4.778547E-04	2.781977E-04	3.974519E-04	1.857413E-05	4.876939E-05	2.616081E-04	3.506334E-04
1.860000E+00	-3.489966E-04	5.007080E-04	-2.248384E-05	6.115958E-05	-3.282874E-04	4.419377E-04	2.601490E-04	3.716387E-04	1.735058E-05	4.560136E-05	2.446274E-04	3.278340E-04
1.870000E+00	-3.226814E-04	4.629065E-04	-2.078041E-05	5.653654E-05	-3.035425E-04	4.085796E-04	2.431620E-04	3.473468E-04	1.620073E-05	4.261996E-05	2.286464E-04	3.063811E-04
1.880000E+00	-2.982480E-04	4.278119E-04	-1.919947E-05	5.224510E-05	-2.805662E-04	3.776097E-04	2.271825E-04	3.244983E-04	1.512068E-05	3.981564E-05	2.136142E-04	2.862055E-04
1.890000E+00	-2.755701E-04	3.952424E-04	-1.773273E-05	4.826293E-05	-2.592402E-04	3.488676E-04	2.121586E-04	3.030185E-04	1.410667E-05	3.717926E-05	1.994816E-04	2.672407E-04
1.900000E+00	-2.545293E-04	3.650274E-04	-1.637244E-05	4.456910E-05	-2.394530E-04	3.222026E-04	1.980405E-04	2.828356E-04	1.315510E-05	3.470203E-05	1.862016E-04	2.494232E-04
1.910000E+00	-2.350145E-04	3.370069E-04	-1.511134E-05	4.114396E-05	-2.211004E-04	2.974739E-04	1.847801E-04	2.638811E-04	1.226257E-05	3.237553E-05	1.737291E-04	2.326919E-04
1.920000E+00	-2.169218E-04	3.110310E-04	-1.394263E-05	3.796913E-05	-2.040847E-04	2.745492E-04	1.723319E-04	2.460889E-04	1.142579E-05	3.019170E-05	1.620209E-04	2.169884E-04
1.930000E+00	-2.001535E-04	2.869593E-04	-1.285992E-05	3.502738E-05	-1.883140E-04	2.533046E-04	1.606517E-04	2.293963E-04	1.064165E-05	2.814281E-05	1.510357E-04	2.022569E-04
1.940000E+00	-1.846185E-04	2.646603E-04	-1.185726E-05	3.230259E-05	-1.737028E-04	2.336242E-04	1.496979E-04	2.137430E-04	9.907190E-06	2.622149E-05	1.407340E-04	1.884440E-04
1.950000E+00	-1.702312E-04	2.440110E-04	-1.092906E-05	2.977967E-05	-1.601706E-04	2.153995E-04	1.394302E-04	1.990716E-04	9.219576E-06	2.442069E-05	1.310780E-04	1.754988E-04
1.960000E+00	-1.569116E-04	2.248963E-04	-1.007010E-05	2.744450E-05	-1.476424E-04	1.985288E-04	1.298105E-04	1.853271E-04	8.576119E-06	2.273369E-05	1.220317E-04	1.633726E-04
1.970000E+00	-1.445851E-04	2.072085E-04	-9.275500E-06	2.528388E-05	-1.360478E-04	1.829172E-04	1.208023E-04	1.724574E-04	7.974261E-06	2.115407E-05	1.135607E-04	1.520192E-04
1.980000E+00	-1.331816E-04	1.908470E-04	-8.540709E-06	2.328549E-05	-1.253211E-04	1.684761E-04	1.123708E-04	1.604126E-04	7.411572E-06	1.967572E-05	1.056324E-04	1.413944E-04
1.990000E+00	-1.226358E-04	1.757178E-04	-7.861466E-06	2.143782E-05	-1.154010E-04	1.551223E-04	1.044829E-04	1.491452E-04	6.885743E-06	1.829281E-05	9.821548E-05	1.314562E-04
