kt	u	d	ub	db	uv	dv	du	dd	dub	ddb	duv	ddv
0.000000E+00	-4.223596E-01	4.464989E-01	-1.327632E-02	4.182608E-02	-4.090839E-01	4.046736E-01	1.123359E-01	1.609012E-01	5.745516E-03	1.527920E-02	1.081561E-01	1.548236E-01
1.000000E-02	-4.222568E-01	4.463913E-01	-1.327303E-02	4.181574E-02	-4.110292E-01	4.065989E-01	1.122902E-01	1.608510E-01	5.743489E-03	1.527341E-02	1.081317E-01	1.547907E-01
2.000000E-02	-4.219485E-01	4.460686E-01	-1.326316E-02	4.178474E-02	-4.107405E-01	4.063168E-01	1.121532E-01	1.607008E-01	5.737410E-03	1.525605E-02	1.080005E-01	1.546526E-01
3.000000E-02	-4.214351E-01	4.455313E-01	-1.324672E-02	4.173311E-02	-4.102421E-01	4.058298E-01	1.119253E-01	1.604508E-01	5.727294E-03	1.522717E-02	1.077819E-01	1.544225E-01
4.000000E-02	-4.207175E-01	4.447803E-01	-1.322375E-02	4.166095E-02	-4.095450E-01	4.051485E-01	1.116070E-01	1.601014E-01	5.713161E-03	1.518682E-02	1.074766E-01	1.541010E-01
5.000000E-02	-4.197968E-01	4.438165E-01	-1.319427E-02	4.156836E-02	-4.086502E-01	4.042739E-01	1.111989E-01	1.596536E-01	5.695043E-03	1.513509E-02	1.070852E-01	1.536888E-01
6.000000E-02	-4.186742E-01	4.426415E-01	-1.315833E-02	4.145547E-02	-4.075591E-01	4.032074E-01	1.107022E-01	1.591082E-01	5.672979E-03	1.507210E-02	1.066086E-01	1.531867E-01
7.000000E-02	-4.173515E-01	4.412571E-01	-1.311600E-02	4.132248E-02	-4.062733E-01	4.019506E-01	1.101178E-01	1.584664E-01	5.647015E-03	1.499798E-02	1.060481E-01	1.525958E-01
8.000000E-02	-4.158307E-01	4.396651E-01	-1.306732E-02	4.116956E-02	-4.047948E-01	4.005053E-01	1.094472E-01	1.577296E-01	5.617208E-03	1.491290E-02	1.054048E-01	1.519174E-01
9.000000E-02	-4.141140E-01	4.378681E-01	-1.301237E-02	4.099697E-02	-4.031256E-01	3.988736E-01	1.086918E-01	1.568994E-01	5.583621E-03	1.481704E-02	1.046803E-01	1.511527E-01
1.000000E-01	-4.122040E-01	4.358685E-01	-1.295125E-02	4.080495E-02	-4.012684E-01	3.970580E-01	1.078535E-01	1.559774E-01	5.546325E-03	1.471061E-02	1.038763E-01	1.503034E-01
1.100000E-01	-4.101035E-01	4.336695E-01	-1.288403E-02	4.059379E-02	-3.992258E-01	3.950610E-01	1.069342E-01	1.549656E-01	5.505400E-03	1.459384E-02	1.029944E-01	1.493713E-01
1.200000E-01	-4.078155E-01	4.312740E-01	-1.281083E-02	4.036382E-02	-3.970008E-01	3.928855E-01	1.059358E-01	1.538662E-01	5.460931E-03	1.446697E-02	1.020369E-01	1.483581E-01
1.300000E-01	-4.053435E-01	4.286858E-01	-1.273174E-02	4.011537E-02	-3.945968E-01	3.905348E-01	1.048608E-01	1.526815E-01	5.413011E-03	1.433028E-02	1.010058E-01	1.472660E-01
1.400000E-01	-4.026911E-01	4.259084E-01	-1.264690E-02	3.984882E-02	-3.920172E-01	3.880122E-01	1.037114E-01	1.514138E-01	5.361741E-03	1.418406E-02	9.990343E-02	1.460971E-01
1.500000E-01	-3.998621E-01	4.229459E-01	-1.255642E-02	3.956455E-02	-3.892658E-01	3.853214E-01	1.024903E-01	1.500658E-01	5.307227E-03	1.402862E-02	9.873230E-02	1.448538E-01
1.600000E-01	-3.968607E-01	4.198025E-01	-1.246043E-02	3.926299E-02	-3.863466E-01	3.824661E-01	1.012002E-01	1.486403E-01	5.249580E-03	1.386429E-02	9.749501E-02	1.435385E-01
1.700000E-01	-3.936910E-01	4.164827E-01	-1.235909E-02	3.894458E-02	-3.832637E-01	3.794504E-01	9.984386E-02	1.471401E-01	5.188918E-03	1.369139E-02	9.619429E-02	1.421539E-01
1.800000E-01	-3.903578E-01	4.129912E-01	-1.225253E-02	3.860977E-02	-3.800216E-01	3.762787E-01	9.842434E-02	1.455682E-01	5.125364E-03	1.351030E-02	9.483299E-02	1.407025E-01
1.900000E-01	-3.868656E-01	4.093330E-01	-1.214091E-02	3.825906E-02	-3.766248E-01	3.729553E-01	9.694469E-02	1.439277E-01	5.059046E-03	1.332138E-02	9.341409E-02	1.391872E-01
2.000000E-01	-3.832195E-01	4.055130E-01	-1.202439E-02	3.789294E-02	-3.730783E-01	3.694849E-01	9.540810E-02	1.422219E-01	4.990095E-03	1.312502E-02	9.194063E-02	1.376108E-01
2.100000E-01	-3.794246E-01	4.015367E-01	-1.190314E-02	3.751194E-02	-3.693869E-01	3.658722E-01	9.381784E-02	1.404541E-01	4.918647E-03	1.292160E-02	9.041578E-02	1.359764E-01
2.200000E-01	-3.754861E-01	3.974095E-01	-1.177732E-02	3.711658E-02	-3.655557E-01	3.621223E-01	9.217728E-02	1.386277E-01	4.844841E-03	1.271154E-02	8.884276E-02	1.342870E-01
2.300000E-01	-3.714094E-01	3.931371E-01	-1.164712E-02	3.670744E-02	-3.615901E-01	3.582403E-01	9.048985E-02	1.367462E-01	4.768819E-03	1.249525E-02	8.722488E-02	1.325457E-01
2.400000E-01	-3.672002E-01	3.887252E-01	-1.151272E-02	3.628507E-02	-3.574955E-01	3.542313E-01	8.875905E-02	1.348131E-01	4.690727E-03	1.227314E-02	8.556550E-02	1.307556E-01
2.500000E-01	-3.628642E-01	3.841798E-01	-1.137430E-02	3.585005E-02	-3.532773E-01	3.501009E-01	8.698841E-02	1.328319E-01	4.610711E-03	1.204565E-02	8.386802E-02	1.289200E-01
2.600000E-01	-3.584071E-01	3.795068E-01	-1.123205E-02	3.540299E-02	-3.489414E-01	3.458543E-01	8.518151E-02	1.308063E-01	4.528920E-03	1.181321E-02	8.213588E-02	1.270421E-01
2.700000E-01	-3.538349E-01	3.747126E-01	-1.108616E-02	3.494447E-02	-3.444934E-01	3.414974E-01	8.334198E-02	1.287399E-01	4.445504E-03	1.157625E-02	8.037256E-02	1.251251E-01
2.800000E-01	-3.491536E-01	3.698032E-01	-1.093683E-02	3.447511E-02	-3.399392E-01	3.370356E-01	8.147343E-02	1.266364E-01	4.360613E-03	1.133521E-02	7.858155E-02	1.231724E-01
2.900000E-01	-3.443693E-01	3.647851E-01	-1.078426E-02	3.399554E-02	-3.352847E-01	3.324747E-01	7.957950E-02	1.244995E-01	4.274398E-03	1.109052E-02	7.676633E-02	1.211871E-01
3.000000E-01	-3.394881E-01	3.596646E-01	-1.062864E-02	3.350637E-02	-3.305359E-01	3.278206E-01	7.766381E-02	1.223327E-01	4.187010E-03	1.084263E-02	7.493040E-02	1.191726E-01
3.100000E-01	-3.345163E-01	3.544482E-01	-1.047018E-02	3.300823E-02	-3.256988E-01	3.230791E-01	7.572999E-02	1.201397E-01	4.098600E-03	1.059197E-02	7.307724E-02	1.171322E-01
3.200000E-01	-3.294601E-01	3.491424E-01	-1.030907E-02	3.250177E-02	-3.207796E-01	3.182560E-01	7.378163E-02	1.179241E-01	4.009316E-03	1.033898E-02	7.121029E-02	1.150690E-01
3.300000E-01	-3.243258E-01	3.437537E-01	-1.014553E-02	3.198761E-02	-3.157842E-01	3.133574E-01	7.182228E-02	1.156895E-01	3.919307E-03	1.008409E-02	6.933298E-02	1.129862E-01
3.400000E-01	-3.191196E-01	3.382887E-01	-9.979749E-03	3.146639E-02	-3.107188E-01	3.083891E-01	6.985546E-02	1.134394E-01	3.828720E-03	9.827711E-03	6.744869E-02	1.108871E-01
3.500000E-01	-3.138479E-01	3.327538E-01	-9.811934E-03	3.093874E-02	-3.055895E-01	3.033570E-01	6.788464E-02	1.111772E-01	3.737698E-03	9.570276E-03	6.556075E-02	1.087747E-01
3.600000E-01	-3.085168E-01	3.271556E-01	-9.642287E-03	3.040531E-02	-3.004024E-01	2.982671E-01	6.591322E-02	1.089062E-01	3.646383E-03	9.312192E-03	6.367244E-02	1.066520E-01
3.700000E-01	-3.031326E-01	3.215006E-01	-9.471008E-03	2.986672E-02	-2.951636E-01	2.931253E-01	6.394454E-02	1.066299E-01	3.554914E-03	9.053863E-03	6.178695E-02	1.045221E-01
3.800000E-01	-2.977014E-01	3.157953E-01	-9.298298E-03	2.932359E-02	-2.898790E-01	2.879373E-01	6.198186E-02	1.043515E-01	3.463427E-03	8.795684E-03	5.990744E-02	1.023877E-01
3.900000E-01	-2.922296E-01	3.100460E-01	-9.124354E-03	2.877656E-02	-2.845546E-01	2.827092E-01	6.002837E-02	1.020740E-01	3.372054E-03	8.538039E-03	5.803696E-02	1.002519E-01
4.000000E-01	-2.867230E-01	3.042592E-01	-8.949373E-03	2.822622E-02	-2.791964E-01	2.774465E-01	5.808716E-02	9.980046E-02	3.280925E-03	8.281302E-03	5.617847E-02	9.811725E-02
4.100000E-01	-2.811878E-01	2.984410E-01	-8.773546E-03	2.767319E-02	-2.738102E-01	2.721550E-01	5.616123E-02	9.753386E-02	3.190163E-03	8.025836E-03	5.433487E-02	9.598645E-02
4.200000E-01	-2.756298E-01	2.925976E-01	-8.597064E-03	2.711807E-02	-2.684018E-01	2.668403E-01	5.425347E-02	9.527699E-02	3.099890E-03	7.771991E-03	5.250894E-02	9.386204E-02
4.300000E-01	-2.700549E-01	2.867353E-01	-8.420116E-03	2.656144E-02	-2.629768E-01	2.615080E-01	5.236670E-02	9.303254E-02	3.010221E-03	7.520105E-03	5.070337E-02	9.174648E-02
4.400000E-01	-2.644688E-01	2.808598E-01	-8.242883E-03	2.600388E-02	-2.575408E-01	2.561635E-01	5.050358E-02	9.080308E-02	2.921269E-03	7.270502E-03	4.892073E-02	8.964211E-02
4.500000E-01	-2.588771E-01	2.749773E-01	-8.065547E-03	2.544596E-02	-2.520993E-01	2.508121E-01	4.866670E-02	8.859107E-02	2.833138E-03	7.023493E-03	4.716349E-02	8.755117E-02
4.600000E-01	-2.532854E-01	2.690933E-01	-7.888282E-03	2.488823E-02	-2.466576E-01	2.454591E-01	4.685852E-02	8.639882E-02	2.745932E-03	6.779374E-03	4.543403E-02	8.547577E-02
4.700000E-01	-2.476989E-01	2.632135E-01	-7.711262E-03	2.433122E-02	-2.412209E-01	2.401096E-01	4.508138E-02	8.422852E-02	2.659747E-03	6.538426E-03	4.373457E-02	8.341793E-02
4.800000E-01	-2.421230E-01	2.573435E-01	-7.534652E-03	2.377547E-02	-2.357945E-01	2.347686E-01	4.333750E-02	8.208220E-02	2.574673E-03	6.300916E-03	4.206725E-02	8.137953E-02
4.900000E-01	-2.365627E-01	2.514885E-01	-7.358616E-03	2.322149E-02	-2.303831E-01	2.294409E-01	4.162897E-02	7.996179E-02	2.490798E-03	6.067096E-03	4.043407E-02	7.936235E-02
5.000000E-01	-2.310230E-01	2.456538E-01	-7.183310E-03	2.266976E-02	-2.249916E-01	2.241312E-01	3.995778E-02	7.786906E-02	2.408201E-03	5.837201E-03	3.883692E-02	7.736804E-02
5.100000E-01	-2.255087E-01	2.398443E-01	-7.008887E-03	2.212077E-02	-2.196248E-01	2.188442E-01	3.832577E-02	7.580565E-02	2.326958E-03	5.611453E-03	3.727757E-02	7.539814E-02
5.200000E-01	-2.200243E-01	2.340650E-01	-6.835494E-03	2.157497E-02	-2.142870E-01	2.135843E-01	3.673466E-02	7.377304E-02	2.247138E-03	5.390057E-03	3.575764E-02	7.345406E-02
5.300000E-01	-2.145745E-01	2.283206E-01	-6.663273E-03	2.103283E-02	-2.089826E-01	2.083557E-01	3.518604E-02	7.177259E-02	2.168805E-03	5.173201E-03	3.427866E-02	7.153710E-02
5.400000E-01	-2.091633E-01	2.226155E-01	-6.492359E-03	2.049476E-02	-2.037159E-01	2.031625E-01	3.368139E-02	6.980554E-02	2.092019E-03	4.961062E-03	3.284201E-02	6.964843E-02
5.500000E-01	-2.037951E-01	2.169541E-01	-6.322883E-03	1.996117E-02	-1.984908E-01	1.980088E-01	3.222204E-02	6.787295E-02	2.016832E-03	4.753796E-03	3.144895E-02	6.778912E-02
5.600000E-01	-1.984737E-01	2.113407E-01	-6.154969E-03	1.943246E-02	-1.933112E-01	1.928982E-01	3.080921E-02	6.597578E-02	1.943291E-03	4.551548E-03	3.010061E-02	6.596012E-02
5.700000E-01	-1.932029E-01	2.057791E-01	-5.988736E-03	1.890900E-02	-1.881807E-01	1.878346E-01	2.944397E-02	6.411485E-02	1.871441E-03	4.354446E-03	2.879798E-02	6.416226E-02
5.800000E-01	-1.879863E-01	2.002731E-01	-5.824296E-03	1.839114E-02	-1.831029E-01	1.828212E-01	2.812726E-02	6.229086E-02	1.801317E-03	4.162605E-03	2.754194E-02	6.239627E-02
5.900000E-01	-1.828272E-01	1.948265E-01	-5.661757E-03	1.787923E-02	-1.780810E-01	1.778614E-01	2.685992E-02	6.050436E-02	1.732951E-03	3.976122E-03	2.633323E-02	6.066278E-02
6.000000E-01	-1.777290E-01	1.894425E-01	-5.501218E-03	1.737357E-02	-1.731182E-01	1.729582E-01	2.564261E-02	5.875581E-02	1.666370E-03	3.795084E-03	2.517243E-02	5.896229E-02
6.100000E-01	-1.726946E-01	1.841245E-01	-5.342775E-03	1.687448E-02	-1.682175E-01	1.681148E-01	2.447588E-02	5.704554E-02	1.601595E-03	3.619562E-03	2.406000E-02	5.729523E-02
6.200000E-01	-1.677270E-01	1.788754E-01	-5.186517E-03	1.638222E-02	-1.633816E-01	1.633337E-01	2.336013E-02	5.537376E-02	1.538645E-03	3.449614E-03	2.299626E-02	5.566192E-02
6.300000E-01	-1.628287E-01	1.736981E-01	-5.032525E-03	1.589706E-02	-1.586131E-01	1.586177E-01	2.229561E-02	5.374060E-02	1.477529E-03	3.285283E-03	2.198137E-02	5.406260E-02
6.400000E-01	-1.580023E-01	1.685952E-01	-4.880877E-03	1.541924E-02	-1.539145E-01	1.539691E-01	2.128243E-02	5.214607E-02	1.418257E-03	3.126604E-03	2.101533E-02	5.249741E-02
6.500000E-01	-1.532501E-01	1.635693E-01	-4.731644E-03	1.494899E-02	-1.492880E-01	1.493901E-01	2.032051E-02	5.059008E-02	1.360830E-03	2.973594E-03	2.009800E-02	5.096642E-02
6.600000E-01	-1.485742E-01	1.586225E-01	-4.584890E-03	1.448651E-02	-1.447357E-01	1.448830E-01	1.940963E-02	4.907246E-02	1.305248E-03	2.826263E-03	1.922905E-02	4.946962E-02
6.700000E-01	-1.439765E-01	1.537571E-01	-4.440675E-03	1.403199E-02	-1.402595E-01	1.404495E-01	1.854939E-02	4.759297E-02	1.251504E-03	2.684608E-03	1.840800E-02	4.800691E-02
6.800000E-01	-1.394588E-01	1.489748E-01	-4.299053E-03	1.358560E-02	-1.358611E-01	1.360915E-01	1.773920E-02	4.615126E-02	1.199590E-03	2.548613E-03	1.763417E-02	4.657816E-02
6.900000E-01	-1.350227E-01	1.442775E-01	-4.160070E-03	1.314749E-02	-1.315420E-01	1.318105E-01	1.697828E-02	4.474694E-02	1.149491E-03	2.418254E-03	1.690670E-02	4.518315E-02
7.000000E-01	-1.306697E-01	1.396666E-01	-4.023771E-03	1.271780E-02	-1.273037E-01	1.276079E-01	1.626564E-02	4.337955E-02	1.101192E-03	2.293496E-03	1.622457E-02	4.382160E-02
7.100000E-01	-1.264010E-01	1.351436E-01	-3.890191E-03	1.229664E-02	-1.231473E-01	1.234850E-01	1.560012E-02	4.204854E-02	1.054670E-03	2.174294E-03	1.558653E-02	4.249319E-02
7.200000E-01	-1.222176E-01	1.307096E-01	-3.759363E-03	1.188412E-02	-1.190740E-01	1.194429E-01	1.498031E-02	4.075336E-02	1.009902E-03	2.060593E-03	1.499118E-02	4.119757E-02
7.300000E-01	-1.181206E-01	1.263657E-01	-3.631313E-03	1.148032E-02	-1.150847E-01	1.154826E-01	1.440463E-02	3.949337E-02	9.668625E-04	1.952329E-03	1.443691E-02	3.993430E-02
7.400000E-01	-1.141107E-01	1.221127E-01	-3.506062E-03	1.108531E-02	-1.111801E-01	1.116049E-01	1.387128E-02	3.826791E-02	9.255204E-04	1.849429E-03	1.392195E-02	3.870294E-02
7.500000E-01	-1.101885E-01	1.179515E-01	-3.383629E-03	1.069914E-02	-1.073608E-01	1.078103E-01	1.337829E-02	3.707628E-02	8.858435E-04	1.751811E-03	1.344438E-02	3.750302E-02
7.600000E-01	-1.063546E-01	1.138824E-01	-3.264025E-03	1.032187E-02	-1.036273E-01	1.040996E-01	1.292350E-02	3.591776E-02	8.477970E-04	1.659382E-03	1.300212E-02	3.633400E-02
7.700000E-01	-1.026091E-01	1.099060E-01	-3.147258E-03	9.953503E-03	-9.998002E-02	1.004730E-01	1.250462E-02	3.479161E-02	8.113434E-04	1.572043E-03	1.259300E-02	3.519537E-02
7.800000E-01	-9.895247E-02	1.060225E-01	-3.033330E-03	9.594062E-03	-9.641904E-02	9.693079E-02	1.211924E-02	3.369704E-02	7.764435E-04	1.489683E-03	1.221474E-02	3.408656E-02
7.900000E-01	-9.538463E-02	1.022320E-01	-2.922242E-03	9.243544E-03	-9.294448E-02	9.347312E-02	1.176485E-02	3.263329E-02	7.430560E-04	1.412183E-03	1.186500E-02	3.300700E-02
8.000000E-01	-9.190554E-02	9.853455E-02	-2.813989E-03	8.901935E-03	-8.955628E-02	9.009998E-02	1.143888E-02	3.159957E-02	7.111378E-04	1.339414E-03	1.154141E-02	3.195610E-02
8.100000E-01	-8.851504E-02	9.492997E-02	-2.708560E-03	8.569209E-03	-8.625427E-02	8.681126E-02	1.113876E-02	3.059509E-02	6.806446E-04	1.271239E-03	1.124160E-02	3.093327E-02
8.200000E-01	-8.521283E-02	9.141802E-02	-2.605946E-03	8.245328E-03	-8.303815E-02	8.360675E-02	1.086194E-02	2.961905E-02	6.515307E-04	1.207508E-03	1.096323E-02	2.993791E-02
8.300000E-01	-8.199849E-02	8.799831E-02	-2.506128E-03	7.930244E-03	-7.990755E-02	8.048610E-02	1.060589E-02	2.867067E-02	6.237493E-04	1.148064E-03	1.070402E-02	2.896941E-02
8.400000E-01	-7.887151E-02	8.467036E-02	-2.409089E-03	7.623898E-03	-7.686196E-02	7.744889E-02	1.036820E-02	2.774918E-02	5.972528E-04	1.092737E-03	1.046178E-02	2.802716E-02
8.500000E-01	-7.583128E-02	8.143357E-02	-2.314805E-03	7.326221E-03	-7.390078E-02	7.449459E-02	1.014656E-02	2.685380E-02	5.719929E-04	1.041350E-03	1.023440E-02	2.711057E-02
8.600000E-01	-7.287708E-02	7.828723E-02	-2.223252E-03	7.037135E-03	-7.102333E-02	7.162257E-02	9.938763E-03	2.598379E-02	5.479210E-04	9.937166E-04	1.001994E-02	2.621902E-02
8.700000E-01	-7.000811E-02	7.523055E-02	-2.134401E-03	6.756553E-03	-6.822883E-02	6.883211E-02	9.742795E-03	2.513839E-02	5.249882E-04	9.496397E-04	9.816543E-03	2.535194E-02
8.800000E-01	-6.722349E-02	7.226265E-02	-2.048222E-03	6.484378E-03	-6.551641E-02	6.612243E-02	9.556777E-03	2.431689E-02	5.031457E-04	9.089166E-04	9.622541E-03	2.450873E-02
8.900000E-01	-6.452225E-02	6.938255E-02	-1.964681E-03	6.220509E-03	-6.288515E-02	6.349266E-02	9.379006E-03	2.351859E-02	4.823447E-04	8.713377E-04	9.436399E-03	2.368881E-02
9.000000E-01	-6.190336E-02	6.658921E-02	-1.883744E-03	5.964835E-03	-6.033404E-02	6.094184E-02	9.207949E-03	2.274280E-02	4.625372E-04	8.366890E-04	9.256735E-03	2.289163E-02
9.100000E-01	-5.936570E-02	6.388151E-02	-1.805372E-03	5.717239E-03	-5.786200E-02	5.846898E-02	9.042242E-03	2.198886E-02	4.436753E-04	8.047538E-04	9.082323E-03	2.211662E-02
9.200000E-01	-5.690810E-02	6.125824E-02	-1.729527E-03	5.477599E-03	-5.546788E-02	5.607298E-02	8.880686E-03	2.125614E-02	4.257122E-04	7.753152E-04	8.912082E-03	2.136324E-02
9.300000E-01	-5.452933E-02	5.871815E-02	-1.656166E-03	5.245785E-03	-5.315051E-02	5.375273E-02	8.722241E-03	2.054402E-02	4.086020E-04	7.481577E-04	8.745070E-03	2.063096E-02
9.400000E-01	-5.222812E-02	5.625994E-02	-1.585248E-03	5.021664E-03	-5.090862E-02	5.150704E-02	8.566016E-03	1.985190E-02	3.922999E-04	7.230699E-04	8.580482E-03	1.991926E-02
9.500000E-01	-5.000312E-02	5.388223E-02	-1.516728E-03	4.805098E-03	-4.874093E-02	4.933467E-02	8.411261E-03	1.917922E-02	3.767623E-04	6.998468E-04	8.417636E-03	1.922765E-02
9.600000E-01	-4.785296E-02	5.158362E-02	-1.450560E-03	4.595944E-03	-4.664610E-02	4.723434E-02	8.257351E-03	1.852542E-02	3.619471E-04	6.782914E-04	8.255964E-03	1.855562E-02
9.700000E-01	-4.577622E-02	4.936263E-02	-1.386698E-03	4.394057E-03	-4.462275E-02	4.520474E-02	8.103783E-03	1.788999E-02	3.478136E-04	6.582166E-04	8.095004E-03	1.790271E-02
9.800000E-01	-4.377145E-02	4.721778E-02	-1.325094E-03	4.199286E-03	-4.266947E-02	4.324451E-02	7.950155E-03	1.727243E-02	3.343227E-04	6.394470E-04	7.934389E-03	1.726845E-02
9.900000E-01	-4.183718E-02	4.514753E-02	-1.265699E-03	4.011481E-03	-4.078482E-02	4.135227E-02	7.796165E-03	1.667224E-02	3.214372E-04	6.218194E-04	7.773839E-03	1.665240E-02
1.000000E+00	-3.997188E-02	4.315033E-02	-1.208465E-03	3.830486E-03	-3.896734E-02	3.952660E-02	7.641591E-03	1.608897E-02	3.091215E-04	6.051840E-04	7.613148E-03	1.605412E-02
1.010000E+00	-3.817404E-02	4.122458E-02	-1.153341E-03	3.656144E-03	-3.721553E-02	3.776607E-02	7.486288E-03	1.552219E-02	2.973416E-04	5.894046E-04	7.452179E-03	1.547318E-02
1.020000E+00	-3.644209E-02	3.936869E-02	-1.100277E-03	3.488299E-03	-3.552789E-02	3.606922E-02	7.330176E-03	1.497146E-02	2.860655E-04	5.743585E-04	7.290853E-03	1.490918E-02
1.030000E+00	-3.477448E-02	3.758102E-02	-1.049222E-03	3.326790E-03	-3.390290E-02	3.443457E-02	7.173229E-03	1.443639E-02	2.752633E-04	5.599367E-04	7.129144E-03	1.436173E-02
1.040000E+00	-3.316963E-02	3.585994E-02	-1.000125E-03	3.171458E-03	-3.233902E-02	3.286065E-02	7.015470E-03	1.391660E-02	2.649063E-04	5.460432E-04	6.967067E-03	1.383042E-02
1.050000E+00	-3.162596E-02	3.420380E-02	-9.529344E-04	3.022142E-03	-3.083472E-02	3.134596E-02	6.856963E-03	1.341170E-02	2.549682E-04	5.325942E-04	6.804675E-03	1.331489E-02
1.060000E+00	-3.014188E-02	3.261094E-02	-9.075999E-04	2.878682E-03	-2.938845E-02	2.988899E-02	6.697806E-03	1.292135E-02	2.454242E-04	5.195178E-04	6.642055E-03	1.281478E-02
1.070000E+00	-2.871580E-02	3.107972E-02	-8.640699E-04	2.740916E-03	-2.799867E-02	2.848825E-02	6.538123E-03	1.244521E-02	2.362511E-04	5.067525E-04	6.479316E-03	1.232973E-02
1.080000E+00	-2.734613E-02	2.960846E-02	-8.222935E-04	2.608684E-03	-2.666383E-02	2.714222E-02	6.378061E-03	1.198294E-02	2.274275E-04	4.942471E-04	6.316588E-03	1.185939E-02
1.090000E+00	-2.603129E-02	2.819553E-02	-7.822197E-04	2.481827E-03	-2.538239E-02	2.584941E-02	6.217787E-03	1.153424E-02	2.189337E-04	4.819589E-04	6.154020E-03	1.140343E-02
1.100000E+00	-2.476970E-02	2.683926E-02	-7.437981E-04	2.360187E-03	-2.415282E-02	2.460832E-02	6.057478E-03	1.109879E-02	2.107513E-04	4.698535E-04	5.991771E-03	1.096152E-02
1.110000E+00	-2.355980E-02	2.553801E-02	-7.069787E-04	2.243605E-03	-2.297359E-02	2.341745E-02	5.897320E-03	1.067631E-02	2.028636E-04	4.579035E-04	5.830009E-03	1.053334E-02
1.120000E+00	-2.240003E-02	2.429017E-02	-6.717118E-04	2.131926E-03	-2.184319E-02	2.227533E-02	5.737509E-03	1.026651E-02	1.952549E-04	4.460877E-04	5.668909E-03	1.011857E-02
1.130000E+00	-2.128885E-02	2.309411E-02	-6.379483E-04	2.024995E-03	-2.076012E-02	2.118049E-02	5.578240E-03	9.869111E-03	1.879111E-04	4.343905E-04	5.508647E-03	9.716914E-03
1.140000E+00	-2.022474E-02	2.194823E-02	-6.056396E-04	1.922660E-03	-1.972290E-02	2.013147E-02	5.419710E-03	9.483843E-03	1.808192E-04	4.228009E-04	5.349402E-03	9.328067E-03
1.150000E+00	-1.920618E-02	2.085094E-02	-5.747379E-04	1.824769E-03	-1.873006E-02	1.912683E-02	5.262115E-03	9.110445E-03	1.739672E-04	4.113119E-04	5.191349E-03	8.951737E-03
1.160000E+00	-1.823169E-02	1.980069E-02	-5.451959E-04	1.731175E-03	-1.778014E-02	1.816515E-02	5.105647E-03	8.748661E-03	1.673443E-04	3.999199E-04	5.034663E-03	8.587633E-03
1.170000E+00	-1.729981E-02	1.879594E-02	-5.169673E-04	1.641732E-03	-1.687174E-02	1.724503E-02	4.950492E-03	8.398241E-03	1.609404E-04	3.886242E-04	4.879511E-03	8.235473E-03
1.180000E+00	-1.640908E-02	1.783515E-02	-4.900063E-04	1.556294E-03	-1.600343E-02	1.636508E-02	4.796831E-03	8.058939E-03	1.547466E-04	3.774264E-04	4.726056E-03	7.894977E-03
1.190000E+00	-1.555809E-02	1.691684E-02	-4.642681E-04	1.474722E-03	-1.517384E-02	1.552394E-02	4.644838E-03	7.730514E-03	1.487543E-04	3.663300E-04	4.574455E-03	7.565871E-03
1.200000E+00	-1.474545E-02	1.603954E-02	-4.397087E-04	1.396877E-03	-1.438162E-02	1.472028E-02	4.494676E-03	7.412728E-03	1.429561E-04	3.553399E-04	4.424856E-03	7.247885E-03
1.210000E+00	-1.396979E-02	1.520179E-02	-4.162850E-04	1.322622E-03	-1.362541E-02	1.395277E-02	4.346501E-03	7.105349E-03	1.373449E-04	3.444623E-04	4.277398E-03	6.940753E-03
1.220000E+00	-1.322976E-02	1.440219E-02	-3.939548E-04	1.251825E-03	-1.290394E-02	1.322013E-02	4.200460E-03	6.808145E-03	1.319143E-04	3.337040E-04	4.132212E-03	6.644211E-03
1.230000E+00	-1.252406E-02	1.363935E-02	-3.726769E-04	1.184356E-03	-1.221590E-02	1.252110E-02	4.056686E-03	6.520889E-03	1.266584E-04	3.230727E-04	3.989419E-03	6.358001E-03
1.240000E+00	-1.185139E-02	1.291191E-02	-3.524108E-04	1.120088E-03	-1.156006E-02	1.185443E-02	3.915308E-03	6.243356E-03	1.215717E-04	3.125761E-04	3.849132E-03	6.081867E-03
1.250000E+00	-1.121050E-02	1.221854E-02	-3.331173E-04	1.058896E-03	-1.093518E-02	1.121892E-02	3.776438E-03	5.975323E-03	1.166491E-04	3.022222E-04	3.711453E-03	5.815556E-03
1.260000E+00	-1.060017E-02	1.155794E-02	-3.147581E-04	1.000660E-03	-1.034009E-02	1.061338E-02	3.640182E-03	5.716571E-03	1.118859E-04	2.920192E-04	3.576474E-03	5.558819E-03
1.270000E+00	-1.001920E-02	1.092885E-02	-2.972957E-04	9.452625E-04	-9.773608E-03	1.003666E-02	3.506634E-03	5.466879E-03	1.072778E-04	2.819747E-04	3.444278E-03	5.311410E-03
1.280000E+00	-9.466432E-03	1.033003E-02	-2.806939E-04	8.925882E-04	-9.234606E-03	9.487628E-03	3.375876E-03	5.226033E-03	1.028205E-04	2.720965E-04	3.314937E-03	5.073084E-03
1.290000E+00	-8.940724E-03	9.760284E-03	-2.649172E-04	8.425256E-04	-8.721979E-03	8.965197E-03	3.247984E-03	4.993816E-03	9.851014E-05	2.623917E-04	3.188514E-03	4.843603E-03
1.300000E+00	-8.440976E-03	9.218434E-03	-2.499314E-04	7.949664E-04	-8.234654E-03	8.468294E-03	3.123019E-03	4.770017E-03	9.434304E-05	2.528672E-04	3.065065E-03	4.622728E-03
1.310000E+00	-7.966116E-03	8.703344E-03	-2.357030E-04	7.498055E-04	-7.771586E-03	7.995880E-03	3.001036E-03	4.554424E-03	9.031563E-05	2.435293E-04	2.944634E-03	4.410224E-03
1.320000E+00	-7.515104E-03	8.213908E-03	-2.221997E-04	7.069408E-04	-7.331762E-03	7.546947E-03	2.882078E-03	4.346827E-03	8.642450E-05	2.343838E-04	2.827256E-03	4.205860E-03
1.330000E+00	-7.086930E-03	7.749052E-03	-2.093903E-04	6.662733E-04	-6.914199E-03	7.120513E-03	2.766181E-03	4.147018E-03	8.266639E-05	2.254359E-04	2.712960E-03	4.009406E-03
1.340000E+00	-6.680616E-03	7.307734E-03	-1.972444E-04	6.277072E-04	-6.517942E-03	6.715629E-03	2.653370E-03	3.954792E-03	7.903812E-05	2.166902E-04	2.601764E-03	3.820638E-03
1.350000E+00	-6.295212E-03	6.888943E-03	-1.857326E-04	5.911500E-04	-6.142069E-03	6.331372E-03	2.543665E-03	3.769943E-03	7.553660E-05	2.081508E-04	2.493681E-03	3.639332E-03
1.360000E+00	-5.929801E-03	6.491703E-03	-1.748265E-04	5.565118E-04	-5.785685E-03	5.966848E-03	2.437074E-03	3.592271E-03	7.215881E-05	1.998212E-04	2.388715E-03	3.465268E-03
1.370000E+00	-5.583496E-03	6.115066E-03	-1.644988E-04	5.237061E-04	-5.447925E-03	5.621194E-03	2.333601E-03	3.421573E-03	6.890181E-05	1.917042E-04	2.286863E-03	3.298230E-03
1.380000E+00	-5.255438E-03	5.758118E-03	-1.547229E-04	4.926494E-04	-5.127955E-03	5.293574E-03	2.233241E-03	3.257653E-03	6.576270E-05	1.838020E-04	2.188115E-03	3.138004E-03
1.390000E+00	-4.944799E-03	5.419972E-03	-1.454734E-04	4.632608E-04	-4.824965E-03	4.983179E-03	2.135983E-03	3.100313E-03	6.273860E-05	1.761163E-04	2.092457E-03	2.984380E-03
1.400000E+00	-4.650780E-03	5.099776E-03	-1.367256E-04	4.354627E-04	-4.538179E-03	4.689229E-03	2.041808E-03	2.949360E-03	5.982670E-05	1.686482E-04	1.999866E-03	2.837150E-03
1.410000E+00	-4.372609E-03	4.796705E-03	-1.284558E-04	4.091801E-04	-4.266844E-03	4.410972E-03	1.950695E-03	2.804601E-03	5.702420E-05	1.613983E-04	1.910316E-03	2.696112E-03
1.420000E+00	-4.109544E-03	4.509965E-03	-1.206413E-04	3.843409E-04	-4.010237E-03	4.147679E-03	1.862614E-03	2.665848E-03	5.432833E-05	1.543666E-04	1.823776E-03	2.561064E-03
1.430000E+00	-3.860869E-03	4.238790E-03	-1.132600E-04	3.608756E-04	-3.767660E-03	3.898653E-03	1.777531E-03	2.532914E-03	5.173635E-05	1.475527E-04	1.740208E-03	2.431809E-03
1.440000E+00	-3.625895E-03	3.982442E-03	-1.062908E-04	3.387176E-04	-3.538443E-03	3.663218E-03	1.695408E-03	2.405614E-03	4.924552E-05	1.409557E-04	1.659571E-03	2.308156E-03
1.450000E+00	-3.403961E-03	3.740212E-03	-9.971358E-05	3.178027E-04	-3.321940E-03	3.440725E-03	1.616203E-03	2.283767E-03	4.685315E-05	1.345742E-04	1.581823E-03	2.189914E-03
1.460000E+00	-3.194431E-03	3.511418E-03	-9.350878E-05	2.980695E-04	-3.117532E-03	3.230552E-03	1.539870E-03	2.167195E-03	4.455654E-05	1.284065E-04	1.506913E-03	2.076896E-03
1.470000E+00	-2.996693E-03	3.295404E-03	-8.765777E-05	2.794588E-04	-2.924622E-03	3.032098E-03	1.466359E-03	2.055722E-03	4.235302E-05	1.224504E-04	1.434792E-03	1.968922E-03
1.480000E+00	-2.810160E-03	3.091541E-03	-8.214265E-05	2.619140E-04	-2.742640E-03	2.844787E-03	1.395617E-03	1.949175E-03	4.023996E-05	1.167034E-04	1.365405E-03	1.865811E-03
1.490000E+00	-2.634271E-03	2.899224E-03	-7.694628E-05	2.453809E-04	-2.571038E-03	2.668067E-03	1.327589E-03	1.847384E-03	3.821470E-05	1.111627E-04	1.298696E-03	1.767390E-03
1.500000E+00	-2.468486E-03	2.717875E-03	-7.205225E-05	2.298075E-04	-2.409289E-03	2.501408E-03	1.262218E-03	1.750184E-03	3.627466E-05	1.058251E-04	1.234606E-03	1.673488E-03
1.510000E+00	-2.312288E-03	2.546937E-03	-6.744484E-05	2.151441E-04	-2.256890E-03	2.344300E-03	1.199442E-03	1.657411E-03	3.441725E-05	1.006873E-04	1.173075E-03	1.583938E-03
1.520000E+00	-2.165184E-03	2.385878E-03	-6.310904E-05	2.013432E-04	-2.113359E-03	2.196257E-03	1.139201E-03	1.568906E-03	3.263990E-05	9.574564E-05	1.114040E-03	1.498576E-03
1.530000E+00	-2.026700E-03	2.234190E-03	-5.903050E-05	1.883592E-04	-1.978236E-03	2.056812E-03	1.081432E-03	1.484511E-03	3.094009E-05	9.099624E-05	1.057439E-03	1.417244E-03
1.540000E+00	-1.896383E-03	2.091385E-03	-5.519549E-05	1.761487E-04	-1.851079E-03	1.925521E-03	1.026070E-03	1.404075E-03	2.931532E-05	8.643505E-05	1.003207E-03	1.339787E-03
1.550000E+00	-1.773803E-03	1.956997E-03	-5.159094E-05	1.646702E-04	-1.731467E-03	1.801955E-03	9.730499E-04	1.327447E-03	2.776311E-05	8.205787E-05	9.512780E-04	1.266053E-03
1.560000E+00	-1.658545E-03	1.830581E-03	-4.820435E-05	1.538843E-04	-1.618998E-03	1.685707E-03	9.223065E-04	1.254482E-03	2.628102E-05	7.786035E-05	9.015875E-04	1.195895E-03
1.570000E+00	-1.550216E-03	1.711712E-03	-4.502381E-05	1.437531E-04	-1.513287E-03	1.576388E-03	8.737729E-04	1.185037E-03	2.486666E-05	7.383800E-05	8.540689E-04	1.129169E-03
1.580000E+00	-1.448439E-03	1.599984E-03	-4.203799E-05	1.342408E-04	-1.413968E-03	1.473625E-03	8.273826E-04	1.118974E-03	2.351765E-05	6.998626E-05	8.086561E-04	1.065738E-03
1.590000E+00	-1.352858E-03	1.495009E-03	-3.923608E-05	1.253129E-04	-1.320692E-03	1.377064E-03	7.830690E-04	1.056157E-03	2.223168E-05	6.630046E-05	7.652827E-04	1.005465E-03
1.600000E+00	-1.263130E-03	1.396420E-03	-3.660778E-05	1.169370E-04	-1.233126E-03	1.286368E-03	7.407654E-04	9.964552E-04	2.100645E-05	6.277589E-05	7.238827E-04	9.482181E-04
1.610000E+00	-1.178930E-03	1.303863E-03	-3.414332E-05	1.090820E-04	-1.150952E-03	1.201213E-03	7.004056E-04	9.397404E-04	1.983972E-05	5.940779E-05	6.843905E-04	8.938711E-04
1.620000E+00	-1.099949E-03	1.217005E-03	-3.183340E-05	1.017185E-04	-1.073871E-03	1.121292E-03	6.619237E-04	8.858883E-04	1.872928E-05	5.619139E-05	6.467409E-04	8.423000E-04
1.630000E+00	-1.025893E-03	1.135526E-03	-2.966916E-05	9.481824E-05	-1.001593E-03	1.046314E-03	6.252546E-04	8.347784E-04	1.767300E-05	5.312188E-05	6.108695E-04	7.933849E-04
1.640000E+00	-9.564809E-04	1.059124E-03	-2.764223E-05	8.835476E-05	-9.338466E-04	9.760008E-04	5.903336E-04	7.862935E-04	1.666876E-05	5.019448E-05	5.767124E-04	7.470101E-04
1.650000E+00	-8.914480E-04	9.875101E-04	-2.574462E-05	8.230272E-05	-8.703726E-04	9.100874E-04	5.570973E-04	7.403203E-04	1.571450E-05	4.740441E-05	5.442069E-04	7.030632E-04
1.660000E+00	-8.305415E-04	9.204105E-04	-2.396878E-05	7.663814E-05	-8.109246E-04	8.483228E-04	5.254827E-04	6.967488E-04	1.480821E-05	4.474694E-05	5.132910E-04	6.614360E-04
1.670000E+00	-7.735217E-04	8.575653E-04	-2.230754E-05	7.133825E-05	-7.552688E-04	7.904686E-04	4.954282E-04	6.554727E-04	1.394794E-05	4.221735E-05	4.839039E-04	6.220235E-04
1.680000E+00	-7.201614E-04	7.987274E-04	-2.075410E-05	6.638149E-05	-7.031836E-04	7.362983E-04	4.668732E-04	6.163890E-04	1.313177E-05	3.981101E-05	4.559860E-04	5.847248E-04
1.690000E+00	-6.702449E-04	7.436628E-04	-1.930204E-05	6.174742E-05	-6.544588E-04	6.855969E-04	4.397584E-04	5.793985E-04	1.235785E-05	3.752331E-05	4.294787E-04	5.494422E-04
1.700000E+00	-6.235681E-04	6.921494E-04	-1.794524E-05	5.741670E-05	-6.088952E-04	6.381606E-04	4.140256E-04	5.444051E-04	1.162436E-05	3.534975E-05	4.043250E-04	5.160816E-04
1.710000E+00	-5.799374E-04	6.439766E-04	-1.667796E-05	5.337102E-05	-5.663040E-04	5.937964E-04	3.896181E-04	5.113162E-04	1.092956E-05	3.328586E-05	3.804689E-04	4.845524E-04
1.720000E+00	-5.391698E-04	5.989453E-04	-1.549473E-05	4.959306E-05	-5.265066E-04	5.523212E-04	3.664805E-04	4.800424E-04	1.027174E-05	3.132729E-05	3.578560E-04	4.547672E-04
1.730000E+00	-5.010918E-04	5.568666E-04	-1.439041E-05	4.606643E-05	-4.893339E-04	5.135618E-04	3.445587E-04	4.504977E-04	9.649261E-06	2.946977E-05	3.364333E-04	4.266423E-04
1.740000E+00	-4.655397E-04	5.175621E-04	-1.336012E-05	4.277568E-05	-4.546262E-04	4.773542E-04	3.238002E-04	4.225992E-04	9.060514E-06	2.770911E-05	3.161490E-04	4.000966E-04
1.750000E+00	-4.323584E-04	4.808628E-04	-1.239926E-05	3.970617E-05	-4.222323E-04	4.435434E-04	3.041539E-04	3.962672E-04	8.503957E-06	2.604124E-05	2.969530E-04	3.750528E-04
1.760000E+00	-4.014018E-04	4.466090E-04	-1.150350E-05	3.684413E-05	-3.920094E-04	4.119826E-04	2.855703E-04	3.714249E-04	7.978094E-06	2.446216E-05	2.787967E-04	3.514362E-04
1.770000E+00	-3.725314E-04	4.146500E-04	-1.066874E-05	3.417652E-05	-3.638228E-04	3.825334E-04	2.680011E-04	3.479987E-04	7.481484E-06	2.296801E-05	2.616327E-04	3.291754E-04
1.780000E+00	-3.456170E-04	3.848433E-04	-9.891111E-06	3.169107E-05	-3.375450E-04	3.550649E-04	2.513998E-04	3.259179E-04	7.012733E-06	2.155500E-05	2.454155E-04	3.082017E-04
1.790000E+00	-3.205354E-04	3.570545E-04	-9.166984E-06	2.937621E-05	-3.130562E-04	3.294536E-04	2.357213E-04	3.051145E-04	6.570499E-06	2.021950E-05	2.301009E-04	2.884494E-04
1.800000E+00	-2.971707E-04	3.311567E-04	-8.492928E-06	2.722104E-05	-2.902430E-04	3.055829E-04	2.209221E-04	2.855234E-04	6.153488E-06	1.895793E-05	2.156460E-04	2.698556E-04
1.810000E+00	-2.754134E-04	3.070302E-04	-7.865714E-06	2.521528E-05	-2.689989E-04	2.833429E-04	2.069601E-04	2.670824E-04	5.760456E-06	1.776687E-05	2.020097E-04	2.523599E-04
1.820000E+00	-2.551605E-04	2.845625E-04	-7.282305E-06	2.334927E-05	-2.492232E-04	2.626300E-04	1.937947E-04	2.497316E-04	5.390206E-06	1.664298E-05	1.891521E-04	2.359048E-04
1.830000E+00	-2.363151E-04	2.636473E-04	-6.739843E-06	2.161392E-05	-2.308214E-04	2.433465E-04	1.813867E-04	2.334138E-04	5.041588E-06	1.558305E-05	1.770351E-04	2.204351E-04
1.840000E+00	-2.187859E-04	2.441845E-04	-6.235641E-06	2.000067E-05	-2.137043E-04	2.254006E-04	1.696987E-04	2.180745E-04	4.713498E-06	1.458398E-05	1.656217E-04	2.058981E-04
1.850000E+00	-2.024869E-04	2.260801E-04	-5.767173E-06	1.850149E-05	-1.977883E-04	2.087056E-04	1.586942E-04	2.036612E-04	4.404877E-06	1.364278E-05	1.548765E-04	1.922436E-04
1.860000E+00	-1.873376E-04	2.092455E-04	-5.332069E-06	1.710881E-05	-1.829945E-04	1.931802E-04	1.483387E-04	1.901242E-04	4.114710E-06	1.275655E-05	1.447653E-04	1.794234E-04
1.870000E+00	-1.732620E-04	1.935975E-04	-4.928100E-06	1.581556E-05	-1.692488E-04	1.787479E-04	1.385986E-04	1.774158E-04	3.842023E-06	1.192253E-05	1.352556E-04	1.673920E-04
1.880000E+00	-1.601887E-04	1.790578E-04	-4.553176E-06	1.461507E-05	-1.564818E-04	1.653365E-04	1.294419E-04	1.654905E-04	3.585888E-06	1.113805E-05	1.263160E-04	1.561055E-04
1.890000E+00	-1.480510E-04	1.655529E-04	-4.205337E-06	1.350110E-05	-1.446281E-04	1.528785E-04	1.208380E-04	1.543050E-04	3.345413E-06	1.040055E-05	1.179164E-04	1.455226E-04
1.900000E+00	-1.367860E-04	1.530139E-04	-3.882743E-06	1.246778E-05	-1.336264E-04	1.413105E-04	1.127574E-04	1.438180E-04	3.119748E-06	9.707566E-06	1.100280E-04	1.356035E-04
1.910000E+00	-1.263349E-04	1.413758E-04	-3.583673E-06	1.150963E-05	-1.234193E-04	1.305727E-04	1.051719E-04	1.339901E-04	2.908082E-06	9.056749E-06	1.026234E-04	1.263107E-04
1.920000E+00	-1.166422E-04	1.305780E-04	-3.306511E-06	1.062151E-05	-1.139528E-04	1.206093E-04	9.805484E-05	1.247841E-04	2.709639E-06	8.445842E-06	9.567615E-05	1.176083E-04
1.930000E+00	-1.076564E-04	1.205634E-04	-3.049746E-06	9.798580E-06	-1.051764E-04	1.113679E-04	9.138034E-05	1.161643E-04	2.523680E-06	7.872684E-06	8.916127E-05	1.094624E-04
1.940000E+00	-9.932878E-05	1.112787E-04	-2.811963E-06	9.036345E-06	-9.704270E-05	1.027992E-04	8.512394E-05	1.080968E-04	2.349502E-06	7.335213E-06	8.305472E-05	1.018406E-04
1.950000E+00	-9.161408E-05	1.026737E-04	-2.591839E-06	8.330581E-06	-8.950745E-05	9.485716E-05	7.926224E-05	1.005497E-04	2.186433E-06	6.831457E-06	7.733365E-05	9.471229E-05
1.960000E+00	-8.446973E-05	9.470174E-05	-2.388135E-06	7.677339E-06	-8.252913E-05	8.749869E-05	7.377296E-05	9.349229E-05	2.033837E-06	6.359535E-06	7.197625E-05	8.804829E-05
1.970000E+00	-7.785598E-05	8.731881E-05	-2.199696E-06	7.072927E-06	-7.606893E-05	8.068337E-05	6.863487E-05	8.689576E-05	1.891105E-06	5.917651E-06	6.696178E-05	8.182104E-05
1.980000E+00	-7.173563E-05	8.048391E-05	-2.025439E-06	6.513897E-06	-7.009053E-05	7.437342E-05	6.382777E-05	8.073266E-05	1.757663E-06	5.504096E-06	6.227049E-05	7.600440E-05
1.990000E+00	-6.607392E-05	7.415865E-05	-1.864356E-06	5.997027E-06	-6.456001E-05	6.853349E-05	5.933244E-05	7.497697E-05	1.632962E-06	5.117242E-06	5.788360E-05	7.057359E-05
