kt	u	d	ub	db	uv	dv	du	dd	dub	ddb	duv	ddv
0.000000E+00	-7.887460E-01	1.146058E+00	-5.312014E-02	1.423336E-01	-7.356263E-01	1.003724E+00	2.639502E-02	2.068242E-02	8.786781E-03	4.019931E-03	2.945644E-02	1.848368E-02
1.000000E-02	-7.885627E-01	1.145791E+00	-5.310779E-02	1.423005E-01	-7.391330E-01	1.008509E+00	2.638824E-02	2.067530E-02	8.784723E-03	4.018804E-03	2.967907E-02	1.915014E-02
2.000000E-02	-7.880130E-01	1.144992E+00	-5.307076E-02	1.422013E-01	-7.386379E-01	1.007834E+00	2.636791E-02	2.065397E-02	8.778552E-03	4.015426E-03	2.965949E-02	1.913835E-02
3.000000E-02	-7.870976E-01	1.143662E+00	-5.300911E-02	1.420361E-01	-7.377816E-01	1.006665E+00	2.633406E-02	2.061847E-02	8.768277E-03	4.009803E-03	2.962293E-02	1.910732E-02
4.000000E-02	-7.858178E-01	1.141803E+00	-5.292291E-02	1.418052E-01	-7.365838E-01	1.005031E+00	2.628674E-02	2.056886E-02	8.753913E-03	4.001943E-03	2.957173E-02	1.906366E-02
5.000000E-02	-7.841755E-01	1.139416E+00	-5.281230E-02	1.415088E-01	-7.350461E-01	1.002933E+00	2.622604E-02	2.050523E-02	8.735479E-03	3.991861E-03	2.950597E-02	1.900749E-02
6.000000E-02	-7.821728E-01	1.136506E+00	-5.267741E-02	1.411474E-01	-7.331706E-01	1.000374E+00	2.615205E-02	2.042771E-02	8.713002E-03	3.979573E-03	2.942576E-02	1.893890E-02
7.000000E-02	-7.798126E-01	1.133077E+00	-5.251844E-02	1.407215E-01	-7.309601E-01	9.973573E-01	2.606488E-02	2.033643E-02	8.686513E-03	3.965101E-03	2.933121E-02	1.885804E-02
8.000000E-02	-7.770982E-01	1.129133E+00	-5.233562E-02	1.402316E-01	-7.284174E-01	9.938878E-01	2.596468E-02	2.023156E-02	8.656048E-03	3.948468E-03	2.922248E-02	1.876505E-02
9.000000E-02	-7.740333E-01	1.124679E+00	-5.212918E-02	1.396785E-01	-7.255462E-01	9.899700E-01	2.585161E-02	2.011331E-02	8.621652E-03	3.929703E-03	2.909973E-02	1.866010E-02
1.000000E-01	-7.706221E-01	1.119722E+00	-5.189942E-02	1.390629E-01	-7.223504E-01	9.856093E-01	2.572584E-02	1.998189E-02	8.583371E-03	3.908837E-03	2.896314E-02	1.854337E-02
1.100000E-01	-7.668693E-01	1.114269E+00	-5.164666E-02	1.383857E-01	-7.188344E-01	9.808117E-01	2.558757E-02	1.983753E-02	8.541259E-03	3.885905E-03	2.881293E-02	1.841510E-02
1.200000E-01	-7.627801E-01	1.108327E+00	-5.137124E-02	1.376477E-01	-7.150030E-01	9.755837E-01	2.543703E-02	1.968051E-02	8.495373E-03	3.860946E-03	2.864932E-02	1.827551E-02
1.300000E-01	-7.583600E-01	1.101905E+00	-5.107353E-02	1.368500E-01	-7.108614E-01	9.699326E-01	2.527445E-02	1.951111E-02	8.445779E-03	3.834001E-03	2.847256E-02	1.812485E-02
1.400000E-01	-7.536150E-01	1.095010E+00	-5.075394E-02	1.359938E-01	-7.064154E-01	9.638659E-01	2.510008E-02	1.932964E-02	8.392542E-03	3.805115E-03	2.828292E-02	1.796340E-02
1.500000E-01	-7.485517E-01	1.087653E+00	-5.041291E-02	1.350800E-01	-7.016709E-01	9.573920E-01	2.491420E-02	1.913643E-02	8.335737E-03	3.774334E-03	2.808067E-02	1.779145E-02
1.600000E-01	-7.431768E-01	1.079843E+00	-5.005089E-02	1.341100E-01	-6.966342E-01	9.505195E-01	2.471708E-02	1.893182E-02	8.275441E-03	3.741711E-03	2.786613E-02	1.760930E-02
1.700000E-01	-7.374975E-01	1.071590E+00	-4.966837E-02	1.330851E-01	-6.913123E-01	9.432576E-01	2.450904E-02	1.871619E-02	8.211736E-03	3.707297E-03	2.763960E-02	1.741729E-02
1.800000E-01	-7.315214E-01	1.062907E+00	-4.926586E-02	1.320067E-01	-6.857121E-01	9.356162E-01	2.429040E-02	1.848991E-02	8.144707E-03	3.671148E-03	2.740141E-02	1.721574E-02
1.900000E-01	-7.252565E-01	1.053803E+00	-4.884390E-02	1.308761E-01	-6.798412E-01	9.276053E-01	2.406147E-02	1.825339E-02	8.074444E-03	3.633323E-03	2.715193E-02	1.700502E-02
2.000000E-01	-7.187111E-01	1.044292E+00	-4.840304E-02	1.296949E-01	-6.737072E-01	9.192355E-01	2.382262E-02	1.800704E-02	8.001042E-03	3.593882E-03	2.689150E-02	1.678550E-02
2.100000E-01	-7.118936E-01	1.034386E+00	-4.794387E-02	1.284646E-01	-6.673183E-01	9.105178E-01	2.357419E-02	1.775129E-02	7.924597E-03	3.552888E-03	2.662051E-02	1.655755E-02
2.200000E-01	-7.048131E-01	1.024098E+00	-4.746697E-02	1.271868E-01	-6.606827E-01	9.014635E-01	2.331656E-02	1.748659E-02	7.845210E-03	3.510404E-03	2.633934E-02	1.632157E-02
2.300000E-01	-6.974787E-01	1.013440E+00	-4.697297E-02	1.258632E-01	-6.538091E-01	8.920844E-01	2.305010E-02	1.721339E-02	7.762984E-03	3.466498E-03	2.604838E-02	1.607796E-02
2.400000E-01	-6.898997E-01	1.002428E+00	-4.646251E-02	1.244955E-01	-6.467063E-01	8.823926E-01	2.277521E-02	1.693215E-02	7.678027E-03	3.421237E-03	2.574806E-02	1.582714E-02
2.500000E-01	-6.820860E-01	9.910738E-01	-4.593623E-02	1.230854E-01	-6.393833E-01	8.724004E-01	2.249228E-02	1.664336E-02	7.590447E-03	3.374691E-03	2.543878E-02	1.556952E-02
2.600000E-01	-6.740473E-01	9.793930E-01	-4.539480E-02	1.216347E-01	-6.318494E-01	8.621204E-01	2.220171E-02	1.634748E-02	7.500357E-03	3.326930E-03	2.512097E-02	1.530553E-02
2.700000E-01	-6.657937E-01	9.674001E-01	-4.483890E-02	1.201452E-01	-6.241140E-01	8.515655E-01	2.190392E-02	1.604503E-02	7.407870E-03	3.278026E-03	2.479507E-02	1.503562E-02
2.800000E-01	-6.573355E-01	9.551099E-01	-4.426922E-02	1.186188E-01	-6.161869E-01	8.407489E-01	2.159932E-02	1.573648E-02	7.313102E-03	3.228052E-03	2.446151E-02	1.476021E-02
2.900000E-01	-6.486831E-01	9.425375E-01	-4.368646E-02	1.170574E-01	-6.080776E-01	8.296838E-01	2.128833E-02	1.542234E-02	7.216171E-03	3.177080E-03	2.412075E-02	1.447976E-02
3.000000E-01	-6.398471E-01	9.296982E-01	-4.309133E-02	1.154629E-01	-5.997962E-01	8.183838E-01	2.097139E-02	1.510312E-02	7.117196E-03	3.125186E-03	2.377323E-02	1.419471E-02
3.100000E-01	-6.308381E-01	9.166076E-01	-4.248455E-02	1.138371E-01	-5.913525E-01	8.068625E-01	2.064892E-02	1.477931E-02	7.016298E-03	3.072443E-03	2.341940E-02	1.390551E-02
3.200000E-01	-6.216669E-01	9.032813E-01	-4.186685E-02	1.121820E-01	-5.827568E-01	7.951336E-01	2.032134E-02	1.445143E-02	6.913597E-03	3.018926E-03	2.305972E-02	1.361261E-02
3.300000E-01	-6.123442E-01	8.897350E-01	-4.123894E-02	1.104996E-01	-5.740190E-01	7.832110E-01	1.998909E-02	1.411998E-02	6.809216E-03	2.964710E-03	2.269465E-02	1.331645E-02
3.400000E-01	-6.028810E-01	8.759844E-01	-4.060158E-02	1.087919E-01	-5.651495E-01	7.711086E-01	1.965260E-02	1.378546E-02	6.703278E-03	2.909868E-03	2.232464E-02	1.301750E-02
3.500000E-01	-5.932882E-01	8.620456E-01	-3.995548E-02	1.070607E-01	-5.561584E-01	7.588404E-01	1.931230E-02	1.344839E-02	6.595905E-03	2.854476E-03	2.195016E-02	1.271618E-02
3.600000E-01	-5.835766E-01	8.479342E-01	-3.930139E-02	1.053082E-01	-5.470560E-01	7.464202E-01	1.896862E-02	1.310924E-02	6.487220E-03	2.798608E-03	2.157165E-02	1.241295E-02
3.700000E-01	-5.737572E-01	8.336661E-01	-3.864003E-02	1.035361E-01	-5.378525E-01	7.338620E-01	1.862197E-02	1.276852E-02	6.377346E-03	2.742336E-03	2.118956E-02	1.210825E-02
3.800000E-01	-5.638409E-01	8.192571E-01	-3.797215E-02	1.017466E-01	-5.285580E-01	7.211798E-01	1.827278E-02	1.242671E-02	6.266406E-03	2.685732E-03	2.080436E-02	1.180250E-02
3.900000E-01	-5.538384E-01	8.047230E-01	-3.729847E-02	9.994157E-02	-5.191827E-01	7.083874E-01	1.792147E-02	1.208430E-02	6.154521E-03	2.628869E-03	2.041648E-02	1.149613E-02
4.000000E-01	-5.437605E-01	7.900794E-01	-3.661970E-02	9.812290E-02	-5.097367E-01	6.954984E-01	1.756845E-02	1.174174E-02	6.041812E-03	2.571817E-03	2.002637E-02	1.118957E-02
4.100000E-01	-5.336179E-01	7.753416E-01	-3.593658E-02	9.629255E-02	-5.002300E-01	6.825266E-01	1.721411E-02	1.139951E-02	5.928399E-03	2.514644E-03	1.963445E-02	1.088322E-02
4.200000E-01	-5.234210E-01	7.605251E-01	-3.524981E-02	9.445243E-02	-4.906724E-01	6.694854E-01	1.685886E-02	1.105806E-02	5.814400E-03	2.457420E-03	1.924116E-02	1.057749E-02
4.300000E-01	-5.131804E-01	7.456451E-01	-3.456010E-02	9.260440E-02	-4.810737E-01	6.563881E-01	1.650309E-02	1.071782E-02	5.699934E-03	2.400211E-03	1.884692E-02	1.027277E-02
4.400000E-01	-5.029063E-01	7.307164E-01	-3.386812E-02	9.075033E-02	-4.714436E-01	6.432480E-01	1.614717E-02	1.037923E-02	5.585114E-03	2.343081E-03	1.845214E-02	9.969442E-03
4.500000E-01	-4.926089E-01	7.157537E-01	-3.317458E-02	8.889205E-02	-4.617915E-01	6.300779E-01	1.579149E-02	1.004271E-02	5.470055E-03	2.286093E-03	1.805723E-02	9.667883E-03
4.600000E-01	-4.822980E-01	7.007716E-01	-3.248014E-02	8.703135E-02	-4.521268E-01	6.168906E-01	1.543640E-02	9.708651E-03	5.354868E-03	2.229310E-03	1.766257E-02	9.368452E-03
4.700000E-01	-4.719835E-01	6.857842E-01	-3.178545E-02	8.517000E-02	-4.424587E-01	6.036986E-01	1.508225E-02	9.377457E-03	5.239663E-03	2.172791E-03	1.726856E-02	9.071498E-03
4.800000E-01	-4.616749E-01	6.708054E-01	-3.109116E-02	8.330971E-02	-4.327960E-01	5.905142E-01	1.472940E-02	9.049501E-03	5.124547E-03	2.116594E-03	1.687556E-02	8.777360E-03
4.900000E-01	-4.513816E-01	6.558488E-01	-3.039790E-02	8.145218E-02	-4.231476E-01	5.773492E-01	1.437816E-02	8.725144E-03	5.009625E-03	2.060773E-03	1.648395E-02	8.486360E-03
5.000000E-01	-4.411126E-01	6.409277E-01	-2.970628E-02	7.959906E-02	-4.135221E-01	5.642154E-01	1.402886E-02	8.404735E-03	4.894998E-03	2.005384E-03	1.609407E-02	8.198810E-03
5.100000E-01	-4.308770E-01	6.260549E-01	-2.901691E-02	7.775194E-02	-4.039277E-01	5.511240E-01	1.368180E-02	8.088604E-03	4.780767E-03	1.950476E-03	1.570626E-02	7.915005E-03
5.200000E-01	-4.206832E-01	6.112430E-01	-2.833036E-02	7.591239E-02	-3.943725E-01	5.380863E-01	1.333729E-02	7.777069E-03	4.667026E-03	1.896098E-03	1.532086E-02	7.635230E-03
5.300000E-01	-4.105398E-01	5.965042E-01	-2.764720E-02	7.408191E-02	-3.848644E-01	5.251128E-01	1.299560E-02	7.470429E-03	4.553871E-03	1.842299E-03	1.493816E-02	7.359753E-03
5.400000E-01	-4.004547E-01	5.818503E-01	-2.696797E-02	7.226197E-02	-3.754110E-01	5.122139E-01	1.265701E-02	7.168969E-03	4.441391E-03	1.789121E-03	1.455849E-02	7.088827E-03
5.500000E-01	-3.904358E-01	5.672926E-01	-2.629321E-02	7.045399E-02	-3.660197E-01	4.993997E-01	1.232177E-02	6.872955E-03	4.329674E-03	1.736607E-03	1.418212E-02	6.822693E-03
5.600000E-01	-3.804907E-01	5.528420E-01	-2.562341E-02	6.865931E-02	-3.566974E-01	4.866797E-01	1.199012E-02	6.582640E-03	4.218803E-03	1.684796E-03	1.380934E-02	6.561574E-03
5.700000E-01	-3.706265E-01	5.385092E-01	-2.495907E-02	6.687925E-02	-3.474510E-01	4.740633E-01	1.166229E-02	6.298258E-03	4.108859E-03	1.633725E-03	1.344040E-02	6.305681E-03
5.800000E-01	-3.608504E-01	5.243041E-01	-2.430065E-02	6.511506E-02	-3.382870E-01	4.615594E-01	1.133851E-02	6.020029E-03	3.999920E-03	1.583430E-03	1.307555E-02	6.055208E-03
5.900000E-01	-3.511688E-01	5.102366E-01	-2.364861E-02	6.336795E-02	-3.292116E-01	4.491764E-01	1.101897E-02	5.748154E-03	3.892058E-03	1.533941E-03	1.271502E-02	5.810335E-03
6.000000E-01	-3.415881E-01	4.963157E-01	-2.300337E-02	6.163905E-02	-3.202308E-01	4.369225E-01	1.070387E-02	5.482820E-03	3.785346E-03	1.485290E-03	1.235905E-02	5.571228E-03
6.100000E-01	-3.321145E-01	4.825502E-01	-2.236533E-02	5.992946E-02	-3.113503E-01	4.248054E-01	1.039338E-02	5.224198E-03	3.679848E-03	1.437502E-03	1.200783E-02	5.338037E-03
6.200000E-01	-3.227535E-01	4.689485E-01	-2.173488E-02	5.824021E-02	-3.025753E-01	4.128323E-01	1.008767E-02	4.972445E-03	3.575630E-03	1.390603E-03	1.166156E-02	5.110898E-03
6.300000E-01	-3.135106E-01	4.555184E-01	-2.111239E-02	5.657227E-02	-2.939111E-01	4.010103E-01	9.786879E-03	4.727700E-03	3.472749E-03	1.344615E-03	1.132041E-02	4.889932E-03
6.400000E-01	-3.043908E-01	4.422673E-01	-2.049819E-02	5.492656E-02	-2.853622E-01	3.893458E-01	9.491151E-03	4.490090E-03	3.371263E-03	1.299559E-03	1.098455E-02	4.675246E-03
6.500000E-01	-2.953991E-01	4.292021E-01	-1.989262E-02	5.330394E-02	-2.769333E-01	3.778449E-01	9.200609E-03	4.259728E-03	3.271224E-03	1.255451E-03	1.065414E-02	4.466934E-03
6.600000E-01	-2.865397E-01	4.163293E-01	-1.929596E-02	5.170521E-02	-2.686284E-01	3.665133E-01	8.915362E-03	4.036711E-03	3.172681E-03	1.212306E-03	1.032931E-02	4.265075E-03
6.700000E-01	-2.778169E-01	4.036549E-01	-1.870850E-02	5.013113E-02	-2.604515E-01	3.553564E-01	8.635510E-03	3.821128E-03	3.075679E-03	1.170139E-03	1.001019E-02	4.069734E-03
6.800000E-01	-2.692344E-01	3.911845E-01	-1.813049E-02	4.858238E-02	-2.524061E-01	3.443789E-01	8.361138E-03	3.613050E-03	2.980260E-03	1.128960E-03	9.696888E-03	3.880964E-03
6.900000E-01	-2.607958E-01	3.789232E-01	-1.756218E-02	4.705959E-02	-2.444957E-01	3.335855E-01	8.092320E-03	3.412542E-03	2.886463E-03	1.088776E-03	9.389505E-03	3.698804E-03
7.000000E-01	-2.525043E-01	3.668756E-01	-1.700377E-02	4.556336E-02	-2.367230E-01	3.229802E-01	7.829118E-03	3.219656E-03	2.794323E-03	1.049595E-03	9.088128E-03	3.523281E-03
7.100000E-01	-2.443628E-01	3.550460E-01	-1.645547E-02	4.409419E-02	-2.290910E-01	3.125667E-01	7.571583E-03	3.034434E-03	2.703870E-03	1.011421E-03	8.792832E-03	3.354407E-03
7.200000E-01	-2.363740E-01	3.434382E-01	-1.591745E-02	4.265257E-02	-2.216020E-01	3.023485E-01	7.319753E-03	2.856910E-03	2.615134E-03	9.742557E-04	8.503680E-03	3.192185E-03
7.300000E-01	-2.285401E-01	3.320555E-01	-1.538987E-02	4.123891E-02	-2.142582E-01	2.923283E-01	7.073659E-03	2.687110E-03	2.528140E-03	9.381001E-04	8.220723E-03	3.036602E-03
7.400000E-01	-2.208631E-01	3.209009E-01	-1.487285E-02	3.985357E-02	-2.070615E-01	2.825089E-01	6.833318E-03	2.525052E-03	2.442908E-03	9.029526E-04	7.944001E-03	2.887636E-03
7.500000E-01	-2.133448E-01	3.099768E-01	-1.436653E-02	3.849688E-02	-2.000136E-01	2.728925E-01	6.598739E-03	2.370748E-03	2.359458E-03	8.688098E-04	7.673543E-03	2.745250E-03
7.600000E-01	-2.059867E-01	2.992855E-01	-1.387099E-02	3.716908E-02	-1.931158E-01	2.634809E-01	6.369920E-03	2.224204E-03	2.277804E-03	8.356668E-04	7.409369E-03	2.609397E-03
7.700000E-01	-1.987900E-01	2.888287E-01	-1.338632E-02	3.587041E-02	-1.863692E-01	2.542757E-01	6.146852E-03	2.085420E-03	2.197960E-03	8.035169E-04	7.151486E-03	2.480016E-03
7.800000E-01	-1.917555E-01	2.786077E-01	-1.291259E-02	3.460103E-02	-1.797748E-01	2.452781E-01	5.929515E-03	1.954391E-03	2.119934E-03	7.723519E-04	6.899894E-03	2.357033E-03
7.900000E-01	-1.848840E-01	2.686236E-01	-1.244983E-02	3.336106E-02	-1.733331E-01	2.364889E-01	5.717883E-03	1.831105E-03	2.043733E-03	7.421621E-04	6.654582E-03	2.240364E-03
8.000000E-01	-1.781760E-01	2.588768E-01	-1.199808E-02	3.215058E-02	-1.670446E-01	2.279087E-01	5.511919E-03	1.715544E-03	1.969362E-03	7.129365E-04	6.415531E-03	2.129908E-03
8.100000E-01	-1.716315E-01	2.493678E-01	-1.155734E-02	3.096962E-02	-1.609094E-01	2.195378E-01	5.311583E-03	1.607679E-03	1.896821E-03	6.846627E-04	6.182713E-03	2.025554E-03
8.200000E-01	-1.652506E-01	2.400965E-01	-1.112763E-02	2.981818E-02	-1.549275E-01	2.113760E-01	5.116824E-03	1.507470E-03	1.826109E-03	6.573272E-04	5.956093E-03	1.927174E-03
8.300000E-01	-1.590330E-01	2.310624E-01	-1.070891E-02	2.869621E-02	-1.490987E-01	2.034231E-01	4.927586E-03	1.414863E-03	1.757222E-03	6.309152E-04	5.735628E-03	1.834629E-03
8.400000E-01	-1.529782E-01	2.222650E-01	-1.030116E-02	2.760362E-02	-1.434226E-01	1.956785E-01	4.743807E-03	1.329779E-03	1.690155E-03	6.054109E-04	5.521267E-03	1.747762E-03
8.500000E-01	-1.470856E-01	2.137032E-01	-9.904327E-03	2.654030E-02	-1.378984E-01	1.881412E-01	4.565420E-03	1.252117E-03	1.624897E-03	5.807977E-04	5.312953E-03	1.666403E-03
8.600000E-01	-1.413542E-01	2.053757E-01	-9.518359E-03	2.550608E-02	-1.325254E-01	1.808103E-01	4.392352E-03	1.181735E-03	1.561440E-03	5.570580E-04	5.110623E-03	1.590367E-03
8.700000E-01	-1.357831E-01	1.972809E-01	-9.143182E-03	2.450077E-02	-1.273026E-01	1.736842E-01	4.224526E-03	1.118453E-03	1.499769E-03	5.341734E-04	4.914207E-03	1.519452E-03
8.800000E-01	-1.303709E-01	1.894172E-01	-8.778712E-03	2.352415E-02	-1.222287E-01	1.667615E-01	4.061859E-03	1.062040E-03	1.439872E-03	5.121248E-04	4.723630E-03	1.453444E-03
8.900000E-01	-1.251163E-01	1.817825E-01	-8.424854E-03	2.257596E-02	-1.173026E-01	1.600403E-01	3.904265E-03	1.012208E-03	1.381730E-03	4.908927E-04	4.538814E-03	1.392115E-03
9.000000E-01	-1.200177E-01	1.743744E-01	-8.081502E-03	2.165593E-02	-1.125228E-01	1.535187E-01	3.751656E-03	9.686096E-04	1.325326E-03	4.704567E-04	4.359673E-03	1.335221E-03
9.100000E-01	-1.150734E-01	1.671905E-01	-7.748542E-03	2.076374E-02	-1.078875E-01	1.471943E-01	3.603938E-03	9.308395E-04	1.270640E-03	4.507962E-04	4.186119E-03	1.282512E-03
9.200000E-01	-1.102815E-01	1.602281E-01	-7.425848E-03	1.989905E-02	-1.033951E-01	1.410650E-01	3.461017E-03	8.984377E-04	1.217651E-03	4.318902E-04	4.018060E-03	1.233724E-03
9.300000E-01	-1.056401E-01	1.534843E-01	-7.113287E-03	1.906152E-02	-9.904378E-02	1.351281E-01	3.322795E-03	8.708995E-04	1.166335E-03	4.137175E-04	3.855400E-03	1.188590E-03
9.400000E-01	-1.011470E-01	1.469560E-01	-6.810715E-03	1.825075E-02	-9.483148E-02	1.293809E-01	3.189172E-03	8.476888E-04	1.116669E-03	3.962564E-04	3.698039E-03	1.146837E-03
9.500000E-01	-9.679997E-02	1.406400E-01	-6.517984E-03	1.746635E-02	-9.075615E-02	1.238205E-01	3.060048E-03	8.282537E-04	1.068627E-03	3.794854E-04	3.545876E-03	1.108191E-03
9.600000E-01	-9.259675E-02	1.345329E-01	-6.234936E-03	1.670789E-02	-8.681560E-02	1.184441E-01	2.935319E-03	8.120430E-04	1.022183E-03	3.633826E-04	3.398808E-03	1.072382E-03
9.700000E-01	-8.853490E-02	1.286312E-01	-5.961409E-03	1.597495E-02	-8.300757E-02	1.132485E-01	2.814881E-03	7.985216E-04	9.773094E-04	3.479265E-04	3.256727E-03	1.039142E-03
9.800000E-01	-8.461189E-02	1.229313E-01	-5.697233E-03	1.526706E-02	-7.932969E-02	1.082305E-01	2.698632E-03	7.871836E-04	9.339772E-04	3.330954E-04	3.119527E-03	1.008212E-03
9.900000E-01	-8.082515E-02	1.174294E-01	-5.442235E-03	1.458376E-02	-7.577956E-02	1.033868E-01	2.586465E-03	7.775628E-04	8.921572E-04	3.188676E-04	2.987097E-03	9.793437E-04
1.000000E+00	-7.717201E-02	1.121216E-01	-5.196234E-03	1.392457E-02	-7.235467E-02	9.871399E-02	2.478276E-03	7.692383E-04	8.518196E-04	3.052220E-04	2.859329E-03	9.523014E-04
1.010000E+00	-7.364976E-02	1.070040E-01	-4.959049E-03	1.328900E-02	-6.905248E-02	9.420859E-02	2.373960E-03	7.618390E-04	8.129334E-04	2.921374E-04	2.736110E-03	9.268634E-04
1.020000E+00	-7.025562E-02	1.020726E-01	-4.730491E-03	1.267655E-02	-6.587039E-02	8.986705E-02	2.273412E-03	7.550433E-04	7.754675E-04	2.795930E-04	2.617328E-03	9.028237E-04
1.030000E+00	-6.698676E-02	9.732314E-02	-4.510370E-03	1.208671E-02	-6.280574E-02	8.568577E-02	2.176528E-03	7.485782E-04	7.393900E-04	2.675684E-04	2.502873E-03	8.799934E-04
1.040000E+00	-6.384033E-02	9.275160E-02	-4.298495E-03	1.151896E-02	-5.985586E-02	8.166107E-02	2.083206E-03	7.422162E-04	7.046687E-04	2.560435E-04	2.392631E-03	8.582007E-04
1.050000E+00	-6.081342E-02	8.835373E-02	-4.094669E-03	1.097277E-02	-5.701803E-02	7.778926E-02	1.993341E-03	7.357713E-04	6.712711E-04	2.449987E-04	2.286491E-03	8.372909E-04
1.060000E+00	-5.790313E-02	8.412529E-02	-3.898696E-03	1.044763E-02	-5.428952E-02	7.406661E-02	1.906834E-03	7.290952E-04	6.391644E-04	2.344148E-04	2.184341E-03	8.171269E-04
1.070000E+00	-5.510650E-02	8.006201E-02	-3.710378E-03	9.943006E-03	-5.166757E-02	7.048934E-02	1.823584E-03	7.220723E-04	6.083156E-04	2.242731E-04	2.086071E-03	7.975876E-04
1.080000E+00	-5.242058E-02	7.615960E-02	-3.529516E-03	9.458355E-03	-4.914940E-02	6.705369E-02	1.743492E-03	7.146159E-04	5.786915E-04	2.145555E-04	1.991570E-03	7.785680E-04
1.090000E+00	-4.984241E-02	7.241374E-02	-3.355910E-03	8.993148E-03	-4.673224E-02	6.375586E-02	1.666462E-03	7.066640E-04	5.502591E-04	2.052442E-04	1.900728E-03	7.599779E-04
1.100000E+00	-4.736903E-02	6.882013E-02	-3.189361E-03	8.546851E-03	-4.441333E-02	6.059206E-02	1.592396E-03	6.981756E-04	5.229852E-04	1.963224E-04	1.813438E-03	7.417408E-04
1.110000E+00	-4.499747E-02	6.537449E-02	-3.029670E-03	8.118928E-03	-4.218987E-02	5.755852E-02	1.521202E-03	6.891274E-04	4.968367E-04	1.877734E-04	1.729592E-03	7.237932E-04
1.120000E+00	-4.272480E-02	6.207251E-02	-2.876638E-03	7.708848E-03	-4.005911E-02	5.465145E-02	1.452787E-03	6.795109E-04	4.717807E-04	1.795813E-04	1.649085E-03	7.060828E-04
1.130000E+00	-4.054807E-02	5.890993E-02	-2.730066E-03	7.316081E-03	-3.801830E-02	5.186710E-02	1.387062E-03	6.693298E-04	4.477845E-04	1.717309E-04	1.571813E-03	6.885678E-04
1.140000E+00	-3.846436E-02	5.588251E-02	-2.589759E-03	6.940100E-03	-3.606470E-02	4.920175E-02	1.323936E-03	6.585979E-04	4.248155E-04	1.642073E-04	1.497673E-03	6.712158E-04
1.150000E+00	-3.647079E-02	5.298606E-02	-2.455522E-03	6.580384E-03	-3.419559E-02	4.665168E-02	1.263325E-03	6.473367E-04	4.028415E-04	1.569966E-04	1.426564E-03	6.540024E-04
1.160000E+00	-3.456448E-02	5.021639E-02	-2.327162E-03	6.236414E-03	-3.240829E-02	4.421324E-02	1.205144E-03	6.355744E-04	3.818306E-04	1.500850E-04	1.358387E-03	6.369105E-04
1.170000E+00	-3.274260E-02	4.756940E-02	-2.204487E-03	5.907678E-03	-3.070015E-02	4.188278E-02	1.149310E-03	6.233440E-04	3.617513E-04	1.434598E-04	1.293044E-03	6.199291E-04
1.180000E+00	-3.100234E-02	4.504100E-02	-2.087308E-03	5.593672E-03	-2.906853E-02	3.965674E-02	1.095743E-03	6.106823E-04	3.425723E-04	1.371084E-04	1.230440E-03	6.030527E-04
1.190000E+00	-2.934094E-02	4.262718E-02	-1.975441E-03	5.293896E-03	-2.751084E-02	3.753157E-02	1.044365E-03	5.976286E-04	3.242629E-04	1.310190E-04	1.170482E-03	5.862802E-04
1.200000E+00	-2.775568E-02	4.032399E-02	-1.868700E-03	5.007858E-03	-2.602453E-02	3.550379E-02	9.950996E-04	5.842243E-04	3.067930E-04	1.251804E-04	1.113078E-03	5.696143E-04
1.210000E+00	-2.624388E-02	3.812752E-02	-1.766906E-03	4.735076E-03	-2.460709E-02	3.356997E-02	9.478724E-04	5.705116E-04	2.901328E-04	1.195819E-04	1.058139E-03	5.530607E-04
1.220000E+00	-2.480289E-02	3.603396E-02	-1.669881E-03	4.475072E-03	-2.325605E-02	3.172673E-02	9.026115E-04	5.565333E-04	2.742531E-04	1.142132E-04	1.005576E-03	5.366278E-04
1.230000E+00	-2.343014E-02	3.403953E-02	-1.577451E-03	4.227382E-03	-2.196897E-02	2.997078E-02	8.592469E-04	5.423320E-04	2.591251E-04	1.090645E-04	9.553064E-04	5.203259E-04
1.240000E+00	-2.212309E-02	3.214056E-02	-1.489445E-03	3.991545E-03	-2.074349E-02	2.829886E-02	8.177104E-04	5.279500E-04	2.447209E-04	1.041267E-04	9.072451E-04	5.041667E-04
1.250000E+00	-2.087925E-02	3.033343E-02	-1.405695E-03	3.767116E-03	-1.957727E-02	2.670781E-02	7.779360E-04	5.134284E-04	2.310129E-04	9.939088E-05	8.613116E-04	4.881631E-04
1.260000E+00	-1.969620E-02	2.861461E-02	-1.326039E-03	3.553654E-03	-1.846804E-02	2.519450E-02	7.398596E-04	4.988075E-04	2.179743E-04	9.484879E-05	8.174269E-04	4.723288E-04
1.270000E+00	-1.857155E-02	2.698066E-02	-1.250315E-03	3.350731E-03	-1.741357E-02	2.375590E-02	7.034191E-04	4.841260E-04	2.055786E-04	9.049246E-05	7.755143E-04	4.566777E-04
1.280000E+00	-1.750298E-02	2.542819E-02	-1.178368E-03	3.157928E-03	-1.641168E-02	2.238904E-02	6.685541E-04	4.694210E-04	1.938004E-04	8.631435E-05	7.354991E-04	4.412240E-04
1.290000E+00	-1.648824E-02	2.395392E-02	-1.110046E-03	2.974837E-03	-1.546025E-02	2.109103E-02	6.352062E-04	4.547279E-04	1.826146E-04	8.230730E-05	6.973085E-04	4.259817E-04
1.300000E+00	-1.552511E-02	2.255465E-02	-1.045199E-03	2.801060E-03	-1.455721E-02	1.985904E-02	6.033188E-04	4.400803E-04	1.719968E-04	7.846452E-05	6.608723E-04	4.109645E-04
1.310000E+00	-1.461146E-02	2.122725E-02	-9.836833E-04	2.636209E-03	-1.370056E-02	1.869034E-02	5.728371E-04	4.255098E-04	1.619234E-04	7.477952E-05	6.261219E-04	3.961857E-04
1.320000E+00	-1.374519E-02	1.996870E-02	-9.253583E-04	2.479908E-03	-1.288833E-02	1.758224E-02	5.437079E-04	4.110461E-04	1.523713E-04	7.124615E-05	5.929909E-04	3.816579E-04
1.330000E+00	-1.292427E-02	1.877604E-02	-8.700872E-04	2.331791E-03	-1.211862E-02	1.653216E-02	5.158799E-04	3.967168E-04	1.433182E-04	6.785855E-05	5.614151E-04	3.673931E-04
1.340000E+00	-1.214674E-02	1.764642E-02	-8.177376E-04	2.191502E-03	-1.138959E-02	1.553758E-02	4.893033E-04	3.825475E-04	1.347423E-04	6.461115E-05	5.313320E-04	3.534025E-04
1.350000E+00	-1.141068E-02	1.657706E-02	-7.681807E-04	2.058697E-03	-1.069945E-02	1.459605E-02	4.639298E-04	3.685619E-04	1.266226E-04	6.149860E-05	5.026812E-04	3.396962E-04
1.360000E+00	-1.071425E-02	1.556527E-02	-7.212920E-04	1.933043E-03	-1.004646E-02	1.370520E-02	4.397130E-04	3.547817E-04	1.189388E-04	5.851584E-05	4.754044E-04	3.262836E-04
1.370000E+00	-1.005566E-02	1.460844E-02	-6.769508E-04	1.814214E-03	-9.428940E-03	1.286276E-02	4.166077E-04	3.412263E-04	1.116711E-04	5.565800E-05	4.494448E-04	3.131732E-04
1.380000E+00	-9.433164E-03	1.370407E-02	-6.350405E-04	1.701900E-03	-8.845268E-03	1.206649E-02	3.945704E-04	3.279138E-04	1.048004E-04	5.292045E-05	4.247478E-04	3.003722E-04
1.390000E+00	-8.845097E-03	1.284972E-02	-5.954482E-04	1.595798E-03	-8.293875E-03	1.131426E-02	3.735588E-04	3.148598E-04	9.830839E-05	5.029874E-05	4.012606E-04	2.878870E-04
1.400000E+00	-8.289839E-03	1.204304E-02	-5.580651E-04	1.495615E-03	-7.773243E-03	1.060399E-02	3.535322E-04	3.020786E-04	9.217716E-05	4.778860E-05	3.789320E-04	2.757232E-04
1.410000E+00	-7.765830E-03	1.128176E-02	-5.227861E-04	1.401071E-03	-7.281910E-03	9.933704E-03	3.344513E-04	2.895824E-04	8.638960E-05	4.538594E-05	3.577126E-04	2.638851E-04
1.420000E+00	-7.271567E-03	1.056369E-02	-4.895099E-04	1.311895E-03	-6.818467E-03	9.301463E-03	3.162777E-04	2.773820E-04	8.092918E-05	4.308684E-05	3.375549E-04	2.523761E-04
1.430000E+00	-6.805601E-03	9.886735E-03	-4.581390E-04	1.227824E-03	-6.381555E-03	8.705418E-03	2.989749E-04	2.654866E-04	7.577997E-05	4.088751E-05	3.184128E-04	2.411989E-04
1.440000E+00	-6.366537E-03	9.248865E-03	-4.285794E-04	1.148607E-03	-5.969866E-03	8.143786E-03	2.825071E-04	2.539035E-04	7.092664E-05	3.878431E-05	3.002421E-04	2.303550E-04
1.450000E+00	-5.953035E-03	8.648133E-03	-4.007410E-04	1.074002E-03	-5.582143E-03	7.614850E-03	2.668400E-04	2.426391E-04	6.635448E-05	3.677373E-05	2.829999E-04	2.198452E-04
1.460000E+00	-5.563804E-03	8.082665E-03	-3.745367E-04	1.003776E-03	-5.217178E-03	7.116963E-03	2.519403E-04	2.316981E-04	6.204933E-05	3.485238E-05	2.666451E-04	2.096694E-04
1.470000E+00	-5.197609E-03	7.550663E-03	-3.498835E-04	9.377070E-04	-4.873812E-03	6.648541E-03	2.377761E-04	2.210840E-04	5.799759E-05	3.301700E-05	2.511379E-04	1.998267E-04
1.480000E+00	-4.853262E-03	7.050404E-03	-3.267012E-04	8.755798E-04	-4.550930E-03	6.208067E-03	2.243162E-04	2.107991E-04	5.418624E-05	3.126442E-05	2.364401E-04	1.903156E-04
1.490000E+00	-4.529625E-03	6.580232E-03	-3.049134E-04	8.171893E-04	-4.247466E-03	5.794083E-03	2.115309E-04	2.008445E-04	5.060278E-05	2.959157E-05	2.225150E-04	1.811336E-04
1.500000E+00	-4.225607E-03	6.138563E-03	-2.844464E-04	7.623387E-04	-3.962397E-03	5.405195E-03	1.993912E-04	1.912204E-04	4.723524E-05	2.799551E-05	2.093270E-04	1.722779E-04
1.510000E+00	-3.940163E-03	5.723881E-03	-2.652301E-04	7.108395E-04	-3.694745E-03	5.040068E-03	1.878692E-04	1.819260E-04	4.407216E-05	2.647334E-05	1.968422E-04	1.637448E-04
1.520000E+00	-3.672297E-03	5.334735E-03	-2.471971E-04	6.625116E-04	-3.443573E-03	4.697424E-03	1.769381E-04	1.729594E-04	4.110259E-05	2.502231E-05	1.850278E-04	1.555301E-04
1.530000E+00	-3.421052E-03	4.969737E-03	-2.302833E-04	6.171828E-04	-3.207986E-03	4.376042E-03	1.665720E-04	1.643182E-04	3.831606E-05	2.363969E-05	1.738522E-04	1.476292E-04
1.540000E+00	-3.185517E-03	4.627563E-03	-2.144271E-04	5.746884E-04	-2.987129E-03	4.074755E-03	1.567459E-04	1.559990E-04	3.570255E-05	2.232289E-05	1.632853E-04	1.400369E-04
1.550000E+00	-2.964821E-03	4.306948E-03	-1.995701E-04	5.348715E-04	-2.780187E-03	3.792451E-03	1.474356E-04	1.479978E-04	3.325252E-05	2.106935E-05	1.532979E-04	1.327476E-04
1.560000E+00	-2.758135E-03	4.006686E-03	-1.856562E-04	4.975822E-04	-2.586379E-03	3.528066E-03	1.386179E-04	1.403100E-04	3.095687E-05	1.987661E-05	1.438623E-04	1.257554E-04
1.570000E+00	-2.564666E-03	3.725626E-03	-1.726322E-04	4.626777E-04	-2.404966E-03	3.280589E-03	1.302704E-04	1.329305E-04	2.880690E-05	1.874228E-05	1.349516E-04	1.190539E-04
1.580000E+00	-2.383661E-03	3.462675E-03	-1.604474E-04	4.300219E-04	-2.235239E-03	3.049056E-03	1.223717E-04	1.258534E-04	2.679436E-05	1.766404E-05	1.265402E-04	1.126367E-04
1.590000E+00	-2.214403E-03	3.216788E-03	-1.490533E-04	3.994855E-04	-2.076526E-03	2.832548E-03	1.149008E-04	1.190728E-04	2.491137E-05	1.663962E-05	1.186034E-04	1.064967E-04
1.600000E+00	-2.056208E-03	2.986975E-03	-1.384042E-04	3.709453E-04	-1.928187E-03	2.630192E-03	1.078379E-04	1.125820E-04	2.315044E-05	1.566685E-05	1.111176E-04	1.006269E-04
1.610000E+00	-1.908429E-03	2.772292E-03	-1.284562E-04	3.442842E-04	-1.789614E-03	2.441159E-03	1.011638E-04	1.063744E-04	2.150445E-05	1.474359E-05	1.040603E-04	9.502009E-05
1.620000E+00	-1.770448E-03	2.571846E-03	-1.191679E-04	3.193910E-04	-1.660229E-03	2.264661E-03	9.485987E-05	1.004427E-04	1.996665E-05	1.386779E-05	9.740978E-05	8.966881E-05
1.630000E+00	-1.641682E-03	2.384785E-03	-1.104999E-04	2.961601E-04	-1.539483E-03	2.099948E-03	8.890845E-05	9.477971E-05	1.853062E-05	1.303744E-05	9.114533E-05	8.456556E-05
1.640000E+00	-1.521574E-03	2.210303E-03	-1.024148E-04	2.744915E-04	-1.426856E-03	1.946311E-03	8.329245E-05	8.937778E-05	1.719026E-05	1.225061E-05	8.524712E-05	7.970271E-05
1.650000E+00	-1.409599E-03	2.047637E-03	-9.487724E-05	2.542902E-04	-1.321856E-03	1.803078E-03	7.799547E-05	8.422925E-05	1.593980E-05	1.150542E-05	7.969618E-05	7.507259E-05
1.660000E+00	-1.305258E-03	1.896061E-03	-8.785364E-05	2.354663E-04	-1.224014E-03	1.669610E-03	7.300176E-05	7.932632E-05	1.477377E-05	1.080005E-05	7.447439E-05	7.066752E-05
1.670000E+00	-1.208080E-03	1.754891E-03	-8.131224E-05	2.179347E-04	-1.132888E-03	1.545304E-03	6.829622E-05	7.466110E-05	1.368700E-05	1.013274E-05	6.956442E-05	6.647979E-05
1.680000E+00	-1.117618E-03	1.623478E-03	-7.522296E-05	2.016147E-04	-1.048059E-03	1.429590E-03	6.386436E-05	7.022567E-05	1.267457E-05	9.501780E-06	6.494972E-05	6.250173E-05
1.690000E+00	-1.033450E-03	1.501209E-03	-6.955740E-05	1.864303E-04	-9.691328E-04	1.321926E-03	5.969228E-05	6.601208E-05	1.173185E-05	8.905522E-06	6.061449E-05	5.872572E-05
1.700000E+00	-9.551773E-04	1.387504E-03	-6.428870E-05	1.723095E-04	-8.957342E-04	1.221804E-03	5.576668E-05	6.201241E-05	1.085446E-05	8.342373E-06	5.654366E-05	5.514418E-05
1.710000E+00	-8.824233E-04	1.281816E-03	-5.939151E-05	1.591844E-04	-8.275104E-04	1.128740E-03	5.207481E-05	5.821875E-05	1.003826E-05	7.810791E-06	5.272284E-05	5.174962E-05
1.720000E+00	-8.148325E-04	1.183629E-03	-5.484190E-05	1.469908E-04	-7.641282E-04	1.042282E-03	4.860446E-05	5.462329E-05	9.279345E-06	7.309289E-06	4.913833E-05	4.853467E-05
1.730000E+00	-7.520699E-04	1.092456E-03	-5.061731E-05	1.356682E-04	-7.052732E-04	9.619988E-04	4.534396E-05	5.121826E-05	8.574029E-06	6.836433E-06	4.577707E-05	4.549204E-05
1.740000E+00	-6.938194E-04	1.007838E-03	-4.669647E-05	1.251597E-04	-6.506493E-04	8.874879E-04	4.228214E-05	4.799602E-05	7.918837E-06	6.390839E-06	4.262661E-05	4.261458E-05
1.750000E+00	-6.397837E-04	9.293424E-04	-4.305934E-05	1.154116E-04	-5.999776E-04	8.183683E-04	3.940834E-05	4.494904E-05	7.310493E-06	5.971173E-06	3.967511E-05	3.989530E-05
1.760000E+00	-5.896827E-04	8.565631E-04	-3.968709E-05	1.063733E-04	-5.529955E-04	7.542817E-04	3.671237E-05	4.206992E-05	6.745916E-06	5.576153E-06	3.691130E-05	3.732732E-05
1.770000E+00	-5.432528E-04	7.891171E-04	-3.656196E-05	9.799735E-05	-5.094558E-04	6.948911E-04	3.418450E-05	3.935142E-05	6.222205E-06	5.204542E-06	3.432446E-05	3.490395E-05
1.780000E+00	-5.002465E-04	7.266444E-04	-3.366729E-05	9.023905E-05	-4.691265E-04	6.398798E-04	3.181544E-05	3.678642E-05	5.736629E-06	4.855154E-06	3.190440E-05	3.261865E-05
1.790000E+00	-4.604310E-04	6.688072E-04	-3.098741E-05	8.305641E-05	-4.317892E-04	5.889501E-04	2.959635E-05	3.436803E-05	5.286624E-06	4.526848E-06	2.964144E-05	3.046505E-05
1.800000E+00	-4.235879E-04	6.152878E-04	-2.850761E-05	7.641000E-05	-3.972393E-04	5.418226E-04	2.751879E-05	3.208947E-05	4.869781E-06	4.218528E-06	2.752640E-05	2.843698E-05
1.810000E+00	-3.895122E-04	5.657886E-04	-2.621410E-05	7.026285E-05	-3.652843E-04	4.982349E-04	2.557472E-05	2.994418E-05	4.483836E-06	3.929146E-06	2.555054E-05	2.652842E-05
1.820000E+00	-3.580115E-04	5.200302E-04	-2.409391E-05	6.458025E-05	-3.357440E-04	4.579411E-04	2.375651E-05	2.792580E-05	4.126668E-06	3.657692E-06	2.370561E-05	2.473357E-05
1.830000E+00	-3.289057E-04	4.777507E-04	-2.213494E-05	5.932970E-05	-3.084495E-04	4.207107E-04	2.205688E-05	2.602813E-05	3.796285E-06	3.403204E-06	2.198374E-05	2.304679E-05
1.840000E+00	-3.020260E-04	4.387050E-04	-2.032580E-05	5.448075E-05	-2.832424E-04	3.863278E-04	2.046891E-05	2.424519E-05	3.490822E-06	3.164758E-06	2.037751E-05	2.146263E-05
1.850000E+00	-2.772143E-04	4.026636E-04	-1.865587E-05	5.000489E-05	-2.599747E-04	3.545903E-04	1.898604E-05	2.257118E-05	3.208531E-06	2.941472E-06	1.887987E-05	1.997587E-05
1.860000E+00	-2.543230E-04	3.694116E-04	-1.711520E-05	4.587545E-05	-2.385076E-04	3.253091E-04	1.760202E-05	2.100053E-05	2.947776E-06	2.732502E-06	1.748417E-05	1.858142E-05
1.870000E+00	-2.332136E-04	3.387484E-04	-1.569447E-05	4.206750E-05	-2.187117E-04	2.983075E-04	1.631093E-05	1.952785E-05	2.707027E-06	2.537043E-06	1.618411E-05	1.727443E-05
1.880000E+00	-2.137572E-04	3.104863E-04	-1.438500E-05	3.855774E-05	-2.004658E-04	2.734201E-04	1.510717E-05	1.814795E-05	2.484851E-06	2.354326E-06	1.497371E-05	1.605022E-05
1.890000E+00	-1.958332E-04	2.844502E-04	-1.317867E-05	3.532440E-05	-1.836568E-04	2.504929E-04	1.398540E-05	1.685586E-05	2.279913E-06	2.183620E-06	1.384736E-05	1.490429E-05
1.900000E+00	-1.793288E-04	2.604764E-04	-1.206791E-05	3.234720E-05	-1.681792E-04	2.293817E-04	1.294059E-05	1.564678E-05	2.090961E-06	2.024226E-06	1.279972E-05	1.383233E-05
1.910000E+00	-1.641393E-04	2.384125E-04	-1.104564E-05	2.960718E-05	-1.539345E-04	2.099523E-04	1.196796E-05	1.451612E-05	1.916831E-06	1.875481E-06	1.182578E-05	1.283022E-05
1.920000E+00	-1.501666E-04	2.181164E-04	-1.010527E-05	2.708668E-05	-1.408310E-04	1.920794E-04	1.106301E-05	1.345949E-05	1.756433E-06	1.736752E-06	1.092080E-05	1.189400E-05
1.930000E+00	-1.373197E-04	1.994555E-04	-9.240675E-06	2.476927E-05	-1.287832E-04	1.756466E-04	1.022145E-05	1.247269E-05	1.608754E-06	1.607440E-06	1.008032E-05	1.101990E-05
1.940000E+00	-1.255136E-04	1.823065E-04	-8.446134E-06	2.263961E-05	-1.177114E-04	1.605451E-04	9.439274E-06	1.155170E-05	1.472848E-06	1.486974E-06	9.300127E-06	1.020433E-05
1.950000E+00	-1.146693E-04	1.665547E-04	-7.716329E-06	2.068347E-05	-1.075416E-04	1.466740E-04	8.712658E-06	1.069268E-05	1.347834E-06	1.374815E-06	8.576254E-06	9.443829E-06
1.960000E+00	-1.047134E-04	1.520933E-04	-7.046314E-06	1.888758E-05	-9.820482E-05	1.339391E-04	8.038012E-06	9.891964E-06	1.232892E-06	1.270447E-06	7.904973E-06	8.735141E-06
1.970000E+00	-9.557756E-05	1.388232E-04	-6.431493E-06	1.723962E-05	-8.963709E-05	1.222533E-04	7.411950E-06	9.146079E-06	1.127260E-06	1.173387E-06	7.282772E-06	8.075144E-06
1.980000E+00	-8.719831E-05	1.266521E-04	-5.867595E-06	1.572815E-05	-8.177890E-05	1.115352E-04	6.831276E-06	8.451706E-06	1.030229E-06	1.083174E-06	6.706353E-06	7.460876E-06
1.990000E+00	-7.951677E-05	1.154945E-04	-5.350655E-06	1.434254E-05	-7.457501E-05	1.017096E-04	6.292985E-06	7.805696E-06	9.411383E-07	9.993723E-07	6.172613E-06	6.889524E-06
