kt	u	d	ub	db	uv	dv	du	dd	dub	ddb	duv	ddv
0.000000E+00	-1.042511E+00	1.131631E+00	-1.658029E-01	3.822294E-01	-8.767083E-01	7.494019E-01	5.810136E-02	2.439124E-02	2.742601E-02	1.079531E-02	7.258034E-02	2.105251E-02
1.000000E-02	-1.042268E+00	1.131368E+00	-1.657644E-01	3.821405E-01	-8.808876E-01	7.529747E-01	5.808731E-02	2.438358E-02	2.741959E-02	1.079228E-02	7.269615E-02	2.137921E-02
2.000000E-02	-1.041542E+00	1.130579E+00	-1.656488E-01	3.818741E-01	-8.802975E-01	7.524702E-01	5.804518E-02	2.436065E-02	2.740033E-02	1.078321E-02	7.264614E-02	2.136496E-02
3.000000E-02	-1.040332E+00	1.129266E+00	-1.654564E-01	3.814305E-01	-8.792771E-01	7.515979E-01	5.797503E-02	2.432246E-02	2.736826E-02	1.076811E-02	7.256056E-02	2.133555E-02
4.000000E-02	-1.038640E+00	1.127430E+00	-1.651873E-01	3.808103E-01	-8.778495E-01	7.503776E-01	5.787697E-02	2.426910E-02	2.732343E-02	1.074701E-02	7.244087E-02	2.129430E-02
5.000000E-02	-1.036470E+00	1.125073E+00	-1.648420E-01	3.800144E-01	-8.760169E-01	7.488110E-01	5.775114E-02	2.420065E-02	2.726589E-02	1.071993E-02	7.228724E-02	2.124130E-02
6.000000E-02	-1.033823E+00	1.122200E+00	-1.644210E-01	3.790438E-01	-8.737817E-01	7.469003E-01	5.759773E-02	2.411725E-02	2.719573E-02	1.068693E-02	7.209988E-02	2.117663E-02
7.000000E-02	-1.030703E+00	1.118814E+00	-1.639248E-01	3.779000E-01	-8.711472E-01	7.446482E-01	5.741697E-02	2.401904E-02	2.711305E-02	1.064807E-02	7.187907E-02	2.110040E-02
8.000000E-02	-1.027115E+00	1.114919E+00	-1.633542E-01	3.765845E-01	-8.681169E-01	7.420578E-01	5.720911E-02	2.390620E-02	2.701796E-02	1.060340E-02	7.162513E-02	2.101275E-02
9.000000E-02	-1.023064E+00	1.110522E+00	-1.627098E-01	3.750992E-01	-8.646951E-01	7.391327E-01	5.697446E-02	2.377894E-02	2.691060E-02	1.055301E-02	7.133840E-02	2.091382E-02
1.000000E-01	-1.018556E+00	1.105627E+00	-1.619927E-01	3.734460E-01	-8.608864E-01	7.358769E-01	5.671338E-02	2.363747E-02	2.679112E-02	1.049697E-02	7.101930E-02	2.080377E-02
1.100000E-01	-1.013595E+00	1.100243E+00	-1.612038E-01	3.716273E-01	-8.566961E-01	7.322949E-01	5.642624E-02	2.348206E-02	2.665967E-02	1.043539E-02	7.066828E-02	2.068280E-02
1.200000E-01	-1.008190E+00	1.094376E+00	-1.603441E-01	3.696456E-01	-8.521299E-01	7.283916E-01	5.611345E-02	2.331298E-02	2.651645E-02	1.036837E-02	7.028583E-02	2.055110E-02
1.300000E-01	-1.002348E+00	1.088034E+00	-1.594149E-01	3.675035E-01	-8.471941E-01	7.241723E-01	5.577547E-02	2.313052E-02	2.636165E-02	1.029601E-02	6.987248E-02	2.040889E-02
1.400000E-01	-9.960767E-01	1.081226E+00	-1.584173E-01	3.652040E-01	-8.418954E-01	7.196427E-01	5.541280E-02	2.293502E-02	2.619549E-02	1.021843E-02	6.942882E-02	2.025640E-02
1.500000E-01	-9.893843E-01	1.073961E+00	-1.573529E-01	3.627502E-01	-8.362409E-01	7.148091E-01	5.502594E-02	2.272681E-02	2.601818E-02	1.013577E-02	6.895546E-02	2.009390E-02
1.600000E-01	-9.822800E-01	1.066249E+00	-1.562229E-01	3.601453E-01	-8.302383E-01	7.096779E-01	5.461546E-02	2.250626E-02	2.582998E-02	1.004817E-02	6.845305E-02	1.992163E-02
1.700000E-01	-9.747735E-01	1.058101E+00	-1.550290E-01	3.573930E-01	-8.238958E-01	7.042561E-01	5.418193E-02	2.227376E-02	2.563114E-02	9.955748E-03	6.792229E-02	1.973989E-02
1.800000E-01	-9.668747E-01	1.049526E+00	-1.537726E-01	3.544969E-01	-8.172216E-01	6.985508E-01	5.372597E-02	2.202969E-02	2.542192E-02	9.858673E-03	6.736391E-02	1.954896E-02
1.900000E-01	-9.585942E-01	1.040538E+00	-1.524556E-01	3.514607E-01	-8.102247E-01	6.925696E-01	5.324822E-02	2.177449E-02	2.520261E-02	9.757096E-03	6.677866E-02	1.934915E-02
2.000000E-01	-9.499428E-01	1.031146E+00	-1.510795E-01	3.482887E-01	-8.029144E-01	6.863205E-01	5.274934E-02	2.150858E-02	2.497350E-02	9.651179E-03	6.616733E-02	1.914078E-02
2.100000E-01	-9.409319E-01	1.021365E+00	-1.496463E-01	3.449848E-01	-7.953002E-01	6.798117E-01	5.223003E-02	2.123242E-02	2.473490E-02	9.541091E-03	6.553075E-02	1.892419E-02
2.200000E-01	-9.315733E-01	1.011206E+00	-1.481578E-01	3.415534E-01	-7.873920E-01	6.730515E-01	5.169101E-02	2.094647E-02	2.448711E-02	9.427004E-03	6.486977E-02	1.869970E-02
2.300000E-01	-9.218791E-01	1.000683E+00	-1.466159E-01	3.379989E-01	-7.792002E-01	6.660489E-01	5.113301E-02	2.065121E-02	2.423046E-02	9.309096E-03	6.418526E-02	1.846768E-02
2.400000E-01	-9.118617E-01	9.898084E-01	-1.450226E-01	3.343260E-01	-7.707351E-01	6.588127E-01	5.055678E-02	2.034713E-02	2.396528E-02	9.187551E-03	6.347812E-02	1.822847E-02
2.500000E-01	-9.015339E-01	9.785974E-01	-1.433799E-01	3.305393E-01	-7.620077E-01	6.513522E-01	4.996310E-02	2.003472E-02	2.369192E-02	9.062553E-03	6.274927E-02	1.798245E-02
2.600000E-01	-8.909089E-01	9.670637E-01	-1.416899E-01	3.266435E-01	-7.530289E-01	6.436769E-01	4.935275E-02	1.971448E-02	2.341072E-02	8.934294E-03	6.199966E-02	1.772998E-02
2.700000E-01	-8.799998E-01	9.552217E-01	-1.399548E-01	3.226436E-01	-7.438101E-01	6.357964E-01	4.872656E-02	1.938695E-02	2.312205E-02	8.802964E-03	6.123024E-02	1.747144E-02
2.800000E-01	-8.688203E-01	9.430861E-01	-1.381767E-01	3.185446E-01	-7.343626E-01	6.277205E-01	4.808532E-02	1.905262E-02	2.282625E-02	8.668761E-03	6.044200E-02	1.720722E-02
2.900000E-01	-8.573841E-01	9.306719E-01	-1.363577E-01	3.143515E-01	-7.246982E-01	6.194590E-01	4.742987E-02	1.871204E-02	2.252370E-02	8.531880E-03	5.963591E-02	1.693771E-02
3.000000E-01	-8.457052E-01	9.179942E-01	-1.345002E-01	3.100693E-01	-7.148285E-01	6.110221E-01	4.676104E-02	1.836573E-02	2.221477E-02	8.392521E-03	5.881300E-02	1.666329E-02
3.100000E-01	-8.337976E-01	9.050683E-01	-1.326062E-01	3.057034E-01	-7.047655E-01	6.024201E-01	4.607969E-02	1.801422E-02	2.189984E-02	8.250882E-03	5.797426E-02	1.638436E-02
3.200000E-01	-8.216756E-01	8.919097E-01	-1.306782E-01	3.012588E-01	-6.945213E-01	5.936630E-01	4.538666E-02	1.765804E-02	2.157928E-02	8.107165E-03	5.712071E-02	1.610131E-02
3.300000E-01	-8.093535E-01	8.785338E-01	-1.287183E-01	2.967408E-01	-6.841078E-01	5.847613E-01	4.468280E-02	1.729772E-02	2.125348E-02	7.961570E-03	5.625339E-02	1.581453E-02
3.400000E-01	-7.968457E-01	8.649563E-01	-1.267289E-01	2.921548E-01	-6.735373E-01	5.757253E-01	4.396897E-02	1.693381E-02	2.092282E-02	7.814297E-03	5.537332E-02	1.552441E-02
3.500000E-01	-7.841665E-01	8.511928E-01	-1.247123E-01	2.875059E-01	-6.628218E-01	5.665656E-01	4.324603E-02	1.656681E-02	2.058767E-02	7.665545E-03	5.448153E-02	1.523136E-02
3.600000E-01	-7.713303E-01	8.372590E-01	-1.226707E-01	2.827995E-01	-6.519737E-01	5.572924E-01	4.251484E-02	1.619727E-02	2.024844E-02	7.515513E-03	5.357905E-02	1.493575E-02
3.700000E-01	-7.583517E-01	8.231705E-01	-1.206064E-01	2.780408E-01	-6.410051E-01	5.479161E-01	4.177623E-02	1.582569E-02	1.990549E-02	7.364396E-03	5.266692E-02	1.463798E-02
3.800000E-01	-7.452449E-01	8.089429E-01	-1.185218E-01	2.732352E-01	-6.299281E-01	5.384473E-01	4.103107E-02	1.545259E-02	1.955922E-02	7.212391E-03	5.174615E-02	1.433842E-02
3.900000E-01	-7.320242E-01	7.945917E-01	-1.164190E-01	2.683878E-01	-6.187548E-01	5.288961E-01	4.028019E-02	1.507848E-02	1.920999E-02	7.059688E-03	5.081776E-02	1.403745E-02
4.000000E-01	-7.187039E-01	7.801323E-01	-1.143004E-01	2.635038E-01	-6.074972E-01	5.192729E-01	3.952442E-02	1.470386E-02	1.885820E-02	6.906477E-03	4.988277E-02	1.373545E-02
4.100000E-01	-7.052980E-01	7.655800E-01	-1.121682E-01	2.585885E-01	-5.961673E-01	5.095878E-01	3.876460E-02	1.432921E-02	1.850420E-02	6.752944E-03	4.894217E-02	1.343279E-02
4.200000E-01	-6.918204E-01	7.509500E-01	-1.100246E-01	2.536470E-01	-5.847767E-01	4.998510E-01	3.800152E-02	1.395501E-02	1.814838E-02	6.599271E-03	4.799696E-02	1.312980E-02
4.300000E-01	-6.782850E-01	7.362572E-01	-1.078718E-01	2.486842E-01	-5.733371E-01	4.900722E-01	3.723600E-02	1.358173E-02	1.779110E-02	6.445638E-03	4.704810E-02	1.282686E-02
4.400000E-01	-6.647054E-01	7.215163E-01	-1.057119E-01	2.437052E-01	-5.618601E-01	4.802615E-01	3.646882E-02	1.320983E-02	1.743271E-02	6.292218E-03	4.609657E-02	1.252431E-02
4.500000E-01	-6.510949E-01	7.067420E-01	-1.035472E-01	2.387149E-01	-5.503569E-01	4.704284E-01	3.570075E-02	1.283974E-02	1.707358E-02	6.139182E-03	4.514331E-02	1.222247E-02
4.600000E-01	-6.374666E-01	6.919484E-01	-1.013796E-01	2.337181E-01	-5.388387E-01	4.605825E-01	3.493255E-02	1.247191E-02	1.671405E-02	5.986695E-03	4.418924E-02	1.192167E-02
4.700000E-01	-6.238335E-01	6.771496E-01	-9.921132E-02	2.287195E-01	-5.273164E-01	4.507331E-01	3.416496E-02	1.210673E-02	1.635446E-02	5.834916E-03	4.323528E-02	1.162223E-02
4.800000E-01	-6.102083E-01	6.623594E-01	-9.704425E-02	2.237238E-01	-5.158006E-01	4.408892E-01	3.339871E-02	1.174463E-02	1.599515E-02	5.684000E-03	4.228231E-02	1.132445E-02
4.900000E-01	-5.966032E-01	6.475910E-01	-9.488039E-02	2.187355E-01	-5.043019E-01	4.310599E-01	3.263449E-02	1.138597E-02	1.563645E-02	5.534098E-03	4.133121E-02	1.102862E-02
5.000000E-01	-5.830304E-01	6.328577E-01	-9.272167E-02	2.137590E-01	-4.928303E-01	4.212539E-01	3.187299E-02	1.103113E-02	1.527867E-02	5.385351E-03	4.038281E-02	1.073503E-02
5.100000E-01	-5.695016E-01	6.181721E-01	-9.056994E-02	2.087987E-01	-4.813958E-01	4.114796E-01	3.111487E-02	1.068046E-02	1.492212E-02	5.237899E-03	3.943793E-02	1.044394E-02
5.200000E-01	-5.560282E-01	6.035466E-01	-8.842703E-02	2.038587E-01	-4.700081E-01	4.017453E-01	3.036077E-02	1.033430E-02	1.456710E-02	5.091872E-03	3.849738E-02	1.015562E-02
5.300000E-01	-5.426212E-01	5.889933E-01	-8.629470E-02	1.989430E-01	-4.586765E-01	3.920590E-01	2.961131E-02	9.992968E-03	1.421391E-02	4.947395E-03	3.756193E-02	9.870316E-03
5.400000E-01	-5.292914E-01	5.745238E-01	-8.417464E-02	1.940557E-01	-4.474101E-01	3.824284E-01	2.886709E-02	9.656766E-03	1.386283E-02	4.804589E-03	3.663232E-02	9.588257E-03
5.500000E-01	-5.160491E-01	5.601493E-01	-8.206850E-02	1.892004E-01	-4.362176E-01	3.728610E-01	2.812867E-02	9.325978E-03	1.351413E-02	4.663565E-03	3.570926E-02	9.309665E-03
5.600000E-01	-5.029043E-01	5.458807E-01	-7.997787E-02	1.843809E-01	-4.251075E-01	3.633640E-01	2.739661E-02	9.000870E-03	1.316807E-02	4.524430E-03	3.479345E-02	9.034751E-03
5.700000E-01	-4.898665E-01	5.317282E-01	-7.790428E-02	1.796007E-01	-4.140878E-01	3.539444E-01	2.667142E-02	8.681690E-03	1.282491E-02	4.387283E-03	3.388554E-02	8.763709E-03
5.800000E-01	-4.769450E-01	5.177020E-01	-7.584918E-02	1.748630E-01	-4.031663E-01	3.446086E-01	2.595361E-02	8.368669E-03	1.248487E-02	4.252217E-03	3.298618E-02	8.496724E-03
5.900000E-01	-4.641485E-01	5.038115E-01	-7.381396E-02	1.701713E-01	-3.923504E-01	3.353632E-01	2.524365E-02	8.062019E-03	1.214821E-02	4.119318E-03	3.209596E-02	8.233966E-03
6.000000E-01	-4.514855E-01	4.900658E-01	-7.179998E-02	1.655284E-01	-3.816472E-01	3.262142E-01	2.454199E-02	7.761934E-03	1.181513E-02	3.988667E-03	3.121546E-02	7.975590E-03
6.100000E-01	-4.389638E-01	4.764736E-01	-6.980848E-02	1.609374E-01	-3.710636E-01	3.171673E-01	2.384906E-02	7.468591E-03	1.148584E-02	3.860335E-03	3.034523E-02	7.721743E-03
6.200000E-01	-4.265911E-01	4.630431E-01	-6.784068E-02	1.564010E-01	-3.606057E-01	3.082279E-01	2.316524E-02	7.182148E-03	1.116055E-02	3.734391E-03	2.948576E-02	7.472554E-03
6.300000E-01	-4.143744E-01	4.497820E-01	-6.589770E-02	1.519218E-01	-3.502797E-01	2.994014E-01	2.249092E-02	6.902744E-03	1.083943E-02	3.610893E-03	2.863756E-02	7.228143E-03
6.400000E-01	-4.023206E-01	4.366977E-01	-6.398063E-02	1.475024E-01	-3.400913E-01	2.906924E-01	2.182644E-02	6.630503E-03	1.052266E-02	3.489896E-03	2.780107E-02	6.988616E-03
6.500000E-01	-3.904358E-01	4.237970E-01	-6.209045E-02	1.431449E-01	-3.300459E-01	2.821056E-01	2.117212E-02	6.365529E-03	1.021041E-02	3.371446E-03	2.697672E-02	6.754065E-03
6.600000E-01	-3.787261E-01	4.110863E-01	-6.022811E-02	1.388516E-01	-3.201482E-01	2.736452E-01	2.052826E-02	6.107912E-03	9.902830E-03	3.255585E-03	2.616490E-02	6.524572E-03
6.700000E-01	-3.671969E-01	3.985714E-01	-5.839448E-02	1.346245E-01	-3.104031E-01	2.653152E-01	1.989513E-02	5.857722E-03	9.600059E-03	3.142347E-03	2.536598E-02	6.300207E-03
6.800000E-01	-3.558532E-01	3.862580E-01	-5.659037E-02	1.304654E-01	-3.008148E-01	2.571192E-01	1.927299E-02	5.615014E-03	9.302231E-03	3.031761E-03	2.458029E-02	6.081026E-03
6.900000E-01	-3.446996E-01	3.741510E-01	-5.481650E-02	1.263760E-01	-2.913872E-01	2.490606E-01	1.866205E-02	5.379825E-03	9.009464E-03	2.923850E-03	2.380813E-02	5.867075E-03
7.000000E-01	-3.337405E-01	3.622551E-01	-5.307356E-02	1.223580E-01	-2.821239E-01	2.411424E-01	1.806252E-02	5.152179E-03	8.721867E-03	2.818631E-03	2.304979E-02	5.658389E-03
7.100000E-01	-3.229797E-01	3.505744E-01	-5.136216E-02	1.184126E-01	-2.730281E-01	2.333675E-01	1.747457E-02	4.932081E-03	8.439540E-03	2.716117E-03	2.230551E-02	5.454992E-03
7.200000E-01	-3.124206E-01	3.391127E-01	-4.968285E-02	1.145412E-01	-2.641028E-01	2.257384E-01	1.689835E-02	4.719524E-03	8.162571E-03	2.616312E-03	2.157552E-02	5.256896E-03
7.300000E-01	-3.020662E-01	3.278733E-01	-4.803610E-02	1.107449E-01	-2.553506E-01	2.182571E-01	1.633400E-02	4.514482E-03	7.891036E-03	2.519218E-03	2.086000E-02	5.064106E-03
7.400000E-01	-2.919193E-01	3.168591E-01	-4.642236E-02	1.070247E-01	-2.467737E-01	2.109258E-01	1.578164E-02	4.316918E-03	7.625003E-03	2.424831E-03	2.015913E-02	4.876613E-03
7.500000E-01	-2.819822E-01	3.060726E-01	-4.484198E-02	1.033813E-01	-2.383741E-01	2.037459E-01	1.524134E-02	4.126780E-03	7.364531E-03	2.333143E-03	1.947304E-02	4.694402E-03
7.600000E-01	-2.722568E-01	2.955159E-01	-4.329527E-02	9.981560E-02	-2.301534E-01	1.967191E-01	1.471317E-02	3.944001E-03	7.109667E-03	2.244139E-03	1.880185E-02	4.517448E-03
7.700000E-01	-2.627446E-01	2.851908E-01	-4.178248E-02	9.632809E-02	-2.221129E-01	1.898463E-01	1.419720E-02	3.768502E-03	6.860451E-03	2.157802E-03	1.814565E-02	4.345716E-03
7.800000E-01	-2.534470E-01	2.750985E-01	-4.030382E-02	9.291923E-02	-2.142537E-01	1.831285E-01	1.369343E-02	3.600189E-03	6.616910E-03	2.074110E-03	1.750450E-02	4.179165E-03
7.900000E-01	-2.443648E-01	2.652400E-01	-3.885942E-02	8.958935E-02	-2.065766E-01	1.765663E-01	1.320190E-02	3.438958E-03	6.379067E-03	1.993037E-03	1.687846E-02	4.017745E-03
8.000000E-01	-2.354985E-01	2.556160E-01	-3.744937E-02	8.633867E-02	-1.990820E-01	1.701601E-01	1.272258E-02	3.284692E-03	6.146934E-03	1.914553E-03	1.626753E-02	3.861399E-03
8.100000E-01	-2.268485E-01	2.462267E-01	-3.607372E-02	8.316727E-02	-1.917702E-01	1.639102E-01	1.225546E-02	3.137259E-03	5.920513E-03	1.838625E-03	1.567172E-02	3.710062E-03
8.200000E-01	-2.184147E-01	2.370721E-01	-3.473245E-02	8.007514E-02	-1.846411E-01	1.578165E-01	1.180049E-02	2.996521E-03	5.699801E-03	1.765217E-03	1.509101E-02	3.563666E-03
8.300000E-01	-2.101967E-01	2.281518E-01	-3.342552E-02	7.706214E-02	-1.776944E-01	1.518787E-01	1.135762E-02	2.862325E-03	5.484786E-03	1.694289E-03	1.452535E-02	3.422134E-03
8.400000E-01	-2.021940E-01	2.194651E-01	-3.215281E-02	7.412806E-02	-1.709296E-01	1.460965E-01	1.092678E-02	2.734510E-03	5.275448E-03	1.625799E-03	1.397469E-02	3.285385E-03
8.500000E-01	-1.944055E-01	2.110111E-01	-3.091419E-02	7.127256E-02	-1.643460E-01	1.404690E-01	1.050788E-02	2.612903E-03	5.071761E-03	1.559701E-03	1.343894E-02	3.153331E-03
8.600000E-01	-1.868303E-01	2.027884E-01	-2.970948E-02	6.849522E-02	-1.579425E-01	1.349956E-01	1.010082E-02	2.497323E-03	4.873693E-03	1.495950E-03	1.291801E-02	3.025882E-03
8.700000E-01	-1.794668E-01	1.947957E-01	-2.853844E-02	6.579551E-02	-1.517180E-01	1.296751E-01	9.705504E-03	2.387579E-03	4.681202E-03	1.434494E-03	1.241178E-02	2.902943E-03
8.800000E-01	-1.723134E-01	1.870310E-01	-2.740083E-02	6.317285E-02	-1.456711E-01	1.245065E-01	9.321795E-03	2.283475E-03	4.494244E-03	1.375284E-03	1.192012E-02	2.784415E-03
8.900000E-01	-1.653682E-01	1.794924E-01	-2.629634E-02	6.062655E-02	-1.398002E-01	1.194883E-01	8.949563E-03	2.184805E-03	4.312768E-03	1.318266E-03	1.144289E-02	2.670196E-03
9.000000E-01	-1.586293E-01	1.721776E-01	-2.522464E-02	5.815585E-02	-1.341036E-01	1.146192E-01	8.588665E-03	2.091356E-03	4.136715E-03	1.263386E-03	1.097994E-02	2.560181E-03
9.100000E-01	-1.520942E-01	1.650841E-01	-2.418538E-02	5.575991E-02	-1.285794E-01	1.098973E-01	8.238947E-03	2.002912E-03	3.966025E-03	1.210589E-03	1.053108E-02	2.454264E-03
9.200000E-01	-1.457607E-01	1.582094E-01	-2.317816E-02	5.343785E-02	-1.232254E-01	1.053210E-01	7.900245E-03	1.919251E-03	3.800631E-03	1.159818E-03	1.009615E-02	2.352336E-03
9.300000E-01	-1.396260E-01	1.515505E-01	-2.220257E-02	5.118869E-02	-1.180395E-01	1.008884E-01	7.572390E-03	1.840148E-03	3.640460E-03	1.111016E-03	9.674933E-03	2.254286E-03
9.400000E-01	-1.336873E-01	1.451044E-01	-2.125816E-02	4.901142E-02	-1.130194E-01	9.659745E-02	7.255203E-03	1.765376E-03	3.485439E-03	1.064126E-03	9.267239E-03	2.160003E-03
9.500000E-01	-1.279418E-01	1.388680E-01	-2.034446E-02	4.690495E-02	-1.081624E-01	9.244602E-02	6.948500E-03	1.694707E-03	3.335487E-03	1.019088E-03	8.872849E-03	2.069375E-03
9.600000E-01	-1.223863E-01	1.328378E-01	-1.946099E-02	4.486816E-02	-1.034661E-01	8.843190E-02	6.652088E-03	1.627912E-03	3.190522E-03	9.758448E-04	8.491540E-03	1.982289E-03
9.700000E-01	-1.170177E-01	1.270105E-01	-1.860724E-02	4.289987E-02	-9.892776E-02	8.455278E-02	6.365772E-03	1.564765E-03	3.050458E-03	9.343382E-04	8.123082E-03	1.898634E-03
9.800000E-01	-1.118325E-01	1.213824E-01	-1.778267E-02	4.099888E-02	-9.454451E-02	8.080626E-02	6.089351E-03	1.505044E-03	2.915206E-03	8.945099E-04	7.767235E-03	1.818296E-03
9.900000E-01	-1.068275E-01	1.159498E-01	-1.698675E-02	3.916391E-02	-9.031350E-02	7.718987E-02	5.822618E-03	1.448527E-03	2.784674E-03	8.563021E-04	7.423755E-03	1.741164E-03
1.000000E+00	-1.019991E-01	1.107088E-01	-1.621891E-02	3.739370E-02	-8.623176E-02	7.370107E-02	5.565365E-03	1.395002E-03	2.658769E-03	8.196575E-04	7.092391E-03	1.667128E-03
1.010000E+00	-9.734367E-02	1.056557E-01	-1.547859E-02	3.568691E-02	-8.229624E-02	7.033726E-02	5.317380E-03	1.344260E-03	2.537394E-03	7.845195E-04	6.772889E-03	1.596079E-03
1.020000E+00	-9.285756E-02	1.007863E-01	-1.476519E-02	3.404220E-02	-7.850385E-02	6.709580E-02	5.078447E-03	1.296102E-03	2.420452E-03	7.508322E-04	6.464987E-03	1.527909E-03
1.030000E+00	-8.853705E-02	9.609672E-02	-1.407813E-02	3.245821E-02	-7.485143E-02	6.397399E-02	4.848351E-03	1.250336E-03	2.307844E-03	7.185408E-04	6.168424E-03	1.462511E-03
1.040000E+00	-8.437835E-02	9.158276E-02	-1.341681E-02	3.093354E-02	-7.133580E-02	6.096909E-02	4.626874E-03	1.206779E-03	2.199469E-03	6.875913E-04	5.882932E-03	1.399783E-03
1.050000E+00	-8.037763E-02	8.724029E-02	-1.278061E-02	2.946680E-02	-6.795370E-02	5.807834E-02	4.413796E-03	1.165260E-03	2.095226E-03	6.579311E-04	5.608243E-03	1.339622E-03
1.060000E+00	-7.653104E-02	8.306512E-02	-1.216893E-02	2.805657E-02	-6.470188E-02	5.529895E-02	4.208897E-03	1.125616E-03	1.995012E-03	6.295085E-04	5.344087E-03	1.281928E-03
1.070000E+00	-7.283469E-02	7.905303E-02	-1.158113E-02	2.670141E-02	-6.157706E-02	5.262811E-02	4.011959E-03	1.087695E-03	1.898724E-03	6.022736E-04	5.090192E-03	1.226605E-03
1.080000E+00	-6.928466E-02	7.519977E-02	-1.101661E-02	2.539991E-02	-5.857593E-02	5.006300E-02	3.822763E-03	1.051357E-03	1.806259E-03	5.761773E-04	4.846287E-03	1.173558E-03
1.090000E+00	-6.587705E-02	7.150110E-02	-1.047474E-02	2.415062E-02	-5.569519E-02	4.760079E-02	3.641089E-03	1.016471E-03	1.717513E-03	5.511725E-04	4.612100E-03	1.122696E-03
1.100000E+00	-6.260794E-02	6.795277E-02	-9.954894E-03	2.295211E-02	-5.293152E-02	4.523866E-02	3.466720E-03	9.829198E-04	1.632384E-03	5.272133E-04	4.387359E-03	1.073930E-03
1.110000E+00	-5.947342E-02	6.455053E-02	-9.456453E-03	2.180295E-02	-5.028163E-02	4.297377E-02	3.299441E-03	9.505932E-04	1.550767E-03	5.042554E-04	4.171793E-03	1.027173E-03
1.120000E+00	-5.646960E-02	6.129015E-02	-8.978795E-03	2.070170E-02	-4.774221E-02	4.080332E-02	3.139037E-03	9.193931E-04	1.472560E-03	4.822561E-04	3.965134E-03	9.823425E-04
1.130000E+00	-5.359258E-02	5.816741E-02	-8.521305E-03	1.964695E-02	-4.530998E-02	3.872448E-02	2.985297E-03	8.892310E-04	1.397661E-03	4.611741E-04	3.767113E-03	9.393591E-04
1.140000E+00	-5.083851E-02	5.517814E-02	-8.083368E-03	1.863727E-02	-4.298170E-02	3.673449E-02	2.838010E-03	8.600273E-04	1.325969E-03	4.409701E-04	3.577466E-03	8.981453E-04
1.150000E+00	-4.820358E-02	5.231818E-02	-7.664376E-03	1.767127E-02	-4.075411E-02	3.483058E-02	2.696970E-03	8.317115E-04	1.257382E-03	4.216060E-04	3.395929E-03	8.586271E-04
1.160000E+00	-4.568398E-02	4.958341E-02	-7.263727E-03	1.674756E-02	-3.862403E-02	3.301001E-02	2.561972E-03	8.042210E-04	1.191801E-03	4.030454E-04	3.222243E-03	8.207335E-04
1.170000E+00	-4.327598E-02	4.696977E-02	-6.880823E-03	1.586476E-02	-3.658827E-02	3.127006E-02	2.432815E-03	7.775010E-04	1.129127E-03	3.852536E-04	3.056151E-03	7.843963E-04
1.180000E+00	-4.097586E-02	4.447323E-02	-6.515077E-03	1.502151E-02	-3.464372E-02	2.960807E-02	2.309301E-03	7.515033E-04	1.069264E-03	3.681972E-04	2.897400E-03	7.495503E-04
1.190000E+00	-3.877997E-02	4.208983E-02	-6.165906E-03	1.421648E-02	-3.278728E-02	2.802139E-02	2.191236E-03	7.261865E-04	1.012116E-03	3.518446E-04	2.745740E-03	7.161330E-04
1.200000E+00	-3.668471E-02	3.981565E-02	-5.832738E-03	1.344834E-02	-3.101591E-02	2.650742E-02	2.078428E-03	7.015147E-04	9.575874E-04	3.361654E-04	2.600926E-03	6.840848E-04
1.210000E+00	-3.468654E-02	3.764687E-02	-5.515010E-03	1.271579E-02	-2.932661E-02	2.506361E-02	1.970691E-03	6.774573E-04	9.055862E-04	3.211308E-04	2.462717E-03	6.533487E-04
1.220000E+00	-3.278198E-02	3.557968E-02	-5.212168E-03	1.201757E-02	-2.771645E-02	2.368743E-02	1.867840E-03	6.539880E-04	8.560210E-04	3.067134E-04	2.330876E-03	6.238705E-04
1.230000E+00	-3.096760E-02	3.361039E-02	-4.923667E-03	1.135241E-02	-2.618252E-02	2.237642E-02	1.769697E-03	6.310850E-04	8.088025E-04	2.928869E-04	2.205170E-03	5.955983E-04
1.240000E+00	-2.924006E-02	3.173535E-02	-4.648976E-03	1.071908E-02	-2.472200E-02	2.112814E-02	1.676087E-03	6.087298E-04	7.638429E-04	2.796266E-04	2.085373E-03	5.684827E-04
1.250000E+00	-2.759607E-02	2.995099E-02	-4.387570E-03	1.011639E-02	-2.333211E-02	1.994024E-02	1.586836E-03	5.869072E-04	7.210564E-04	2.669089E-04	1.971261E-03	5.424767E-04
1.260000E+00	-2.603242E-02	2.825384E-02	-4.138940E-03	9.543148E-03	-2.201014E-02	1.881039E-02	1.501780E-03	5.656045E-04	6.803590E-04	2.547114E-04	1.862617E-03	5.175354E-04
1.270000E+00	-2.454596E-02	2.664047E-02	-3.902585E-03	8.998209E-03	-2.075342E-02	1.773632E-02	1.420754E-03	5.448113E-04	6.416688E-04	2.430127E-04	1.759228E-03	4.936162E-04
1.280000E+00	-2.313363E-02	2.510757E-02	-3.678019E-03	8.480447E-03	-1.955937E-02	1.671580E-02	1.343601E-03	5.245192E-04	6.049056E-04	2.317926E-04	1.660888E-03	4.706784E-04
1.290000E+00	-2.179243E-02	2.365188E-02	-3.464765E-03	7.988766E-03	-1.842547E-02	1.574670E-02	1.270165E-03	5.047214E-04	5.699914E-04	2.210319E-04	1.567394E-03	4.486832E-04
1.300000E+00	-2.051947E-02	2.227025E-02	-3.262360E-03	7.522096E-03	-1.734923E-02	1.482688E-02	1.200296E-03	4.854122E-04	5.368504E-04	2.107123E-04	1.478550E-03	4.275938E-04
1.310000E+00	-1.931188E-02	2.095958E-02	-3.070352E-03	7.079399E-03	-1.632828E-02	1.395432E-02	1.133850E-03	4.665871E-04	5.054084E-04	2.008164E-04	1.394164E-03	4.073748E-04
1.320000E+00	-1.816693E-02	1.971689E-02	-2.888304E-03	6.659661E-03	-1.536027E-02	1.312700E-02	1.070684E-03	4.482422E-04	4.755937E-04	1.913277E-04	1.314050E-03	3.879928E-04
1.330000E+00	-1.708192E-02	1.853927E-02	-2.715787E-03	6.261901E-03	-1.444294E-02	1.234300E-02	1.010660E-03	4.303743E-04	4.473363E-04	1.822305E-04	1.238027E-03	3.694156E-04
1.340000E+00	-1.605426E-02	1.742388E-02	-2.552389E-03	5.885163E-03	-1.357408E-02	1.160044E-02	9.536469E-04	4.129805E-04	4.205686E-04	1.735098E-04	1.165921E-03	3.516127E-04
1.350000E+00	-1.508141E-02	1.636800E-02	-2.397708E-03	5.528523E-03	-1.275157E-02	1.089748E-02	8.995147E-04	3.960582E-04	3.952249E-04	1.651512E-04	1.097562E-03	3.345548E-04
1.360000E+00	-1.416094E-02	1.536897E-02	-2.251355E-03	5.191083E-03	-1.197334E-02	1.023237E-02	8.481390E-04	3.796047E-04	3.712415E-04	1.571412E-04	1.032785E-03	3.182140E-04
1.370000E+00	-1.329047E-02	1.442421E-02	-2.112954E-03	4.871976E-03	-1.123738E-02	9.603393E-03	7.993991E-04	3.636176E-04	3.485570E-04	1.494666E-04	9.714299E-04	3.025634E-04
1.380000E+00	-1.246772E-02	1.353124E-02	-1.982140E-03	4.570362E-03	-1.054177E-02	9.008892E-03	7.531787E-04	3.480940E-04	3.271117E-04	1.421151E-04	9.133439E-04	2.875773E-04
1.390000E+00	-1.169047E-02	1.268766E-02	-1.858561E-03	4.285430E-03	-9.884617E-03	8.447271E-03	7.093651E-04	3.330309E-04	3.068482E-04	1.350746E-04	8.583779E-04	2.732312E-04
1.400000E+00	-1.095659E-02	1.189114E-02	-1.741878E-03	4.016396E-03	-9.264131E-03	7.916983E-03	6.678499E-04	3.184252E-04	2.877109E-04	1.283337E-04	8.063880E-04	2.595013E-04
1.410000E+00	-1.026400E-02	1.113946E-02	-1.631762E-03	3.762503E-03	-8.678563E-03	7.416540E-03	6.285283E-04	3.042734E-04	2.696463E-04	1.218815E-04	7.572359E-04	2.463650E-04
1.420000E+00	-9.610738E-03	1.043045E-02	-1.527898E-03	3.523024E-03	-8.126233E-03	6.944505E-03	5.912995E-04	2.905713E-04	2.526027E-04	1.157074E-04	7.107877E-04	2.338003E-04
1.430000E+00	-8.994872E-03	9.762026E-03	-1.429981E-03	3.297255E-03	-7.605522E-03	6.499493E-03	5.560661E-04	2.773149E-04	2.365306E-04	1.098012E-04	6.669147E-04	2.217863E-04
1.440000E+00	-8.414562E-03	9.132199E-03	-1.337717E-03	3.084522E-03	-7.114873E-03	6.080175E-03	5.227347E-04	2.644993E-04	2.213820E-04	1.041532E-04	6.254931E-04	2.103026E-04
1.450000E+00	-7.868037E-03	8.539041E-03	-1.250825E-03	2.884174E-03	-6.652786E-03	5.685268E-03	4.912152E-04	2.521193E-04	2.071110E-04	9.875389E-05	5.864035E-04	1.993296E-04
1.460000E+00	-7.353593E-03	7.980704E-03	-1.169035E-03	2.695588E-03	-6.217823E-03	5.313542E-03	4.614212E-04	2.401695E-04	1.936734E-04	9.359422E-05	5.495314E-04	1.888485E-04
1.470000E+00	-6.869595E-03	7.455411E-03	-1.092085E-03	2.518162E-03	-5.808600E-03	4.963816E-03	4.332695E-04	2.286437E-04	1.810268E-04	8.866540E-05	5.147667E-04	1.788409E-04
1.480000E+00	-6.414474E-03	6.961459E-03	-1.019727E-03	2.351323E-03	-5.423790E-03	4.634955E-03	4.066802E-04	2.175357E-04	1.691305E-04	8.395893E-05	4.820038E-04	1.692893E-04
1.490000E+00	-5.986724E-03	6.497216E-03	-9.517204E-04	2.194519E-03	-5.062123E-03	4.325873E-03	3.815767E-04	2.068386E-04	1.579455E-04	7.946660E-05	4.511412E-04	1.601764E-04
1.500000E+00	-5.584906E-03	6.061118E-03	-8.878373E-04	2.047220E-03	-4.722379E-03	4.035527E-03	3.578855E-04	1.965453E-04	1.474345E-04	7.518044E-05	4.220817E-04	1.514858E-04
1.510000E+00	-5.207638E-03	5.651665E-03	-8.278577E-04	1.908922E-03	-4.403392E-03	3.762921E-03	3.355362E-04	1.866482E-04	1.375616E-04	7.109276E-05	3.947323E-04	1.432015E-04
1.520000E+00	-4.853601E-03	5.267427E-03	-7.715718E-04	1.779140E-03	-4.104046E-03	3.507102E-03	3.144613E-04	1.771396E-04	1.282928E-04	6.719607E-05	3.690039E-04	1.353078E-04
1.530000E+00	-4.521532E-03	4.907033E-03	-7.187789E-04	1.657412E-03	-3.823274E-03	3.267156E-03	2.945961E-04	1.680112E-04	1.195952E-04	6.348314E-05	3.448112E-04	1.277899E-04
1.540000E+00	-4.210228E-03	4.569174E-03	-6.692874E-04	1.543295E-03	-3.560057E-03	3.042215E-03	2.758788E-04	1.592546E-04	1.114377E-04	5.994693E-05	3.220726E-04	1.206330E-04
1.550000E+00	-3.918537E-03	4.252603E-03	-6.229144E-04	1.436369E-03	-3.313423E-03	2.831445E-03	2.582501E-04	1.508613E-04	1.037905E-04	5.658062E-05	3.007103E-04	1.138230E-04
1.560000E+00	-3.645362E-03	3.956128E-03	-5.794852E-04	1.336230E-03	-3.082444E-03	2.634054E-03	2.416535E-04	1.428223E-04	9.662509E-05	5.337759E-05	2.806498E-04	1.073461E-04
1.570000E+00	-3.389657E-03	3.678613E-03	-5.388337E-04	1.242496E-03	-2.866236E-03	2.449287E-03	2.260348E-04	1.351285E-04	8.991445E-05	5.033141E-05	2.618202E-04	1.011892E-04
1.580000E+00	-3.150426E-03	3.418978E-03	-5.008014E-04	1.154801E-03	-2.663956E-03	2.276424E-03	2.113426E-04	1.277708E-04	8.363273E-05	4.743584E-05	2.441539E-04	9.533912E-05
1.590000E+00	-2.926719E-03	3.176193E-03	-4.652374E-04	1.072797E-03	-2.474802E-03	2.114778E-03	1.975274E-04	1.207399E-04	7.775538E-05	4.468483E-05	2.275862E-04	8.978350E-05
1.600000E+00	-2.717636E-03	2.949279E-03	-4.319983E-04	9.961539E-04	-2.298012E-03	1.963699E-03	1.845422E-04	1.140261E-04	7.225903E-05	4.207249E-05	2.120557E-04	8.451013E-05
1.610000E+00	-2.522318E-03	2.737305E-03	-4.009479E-04	9.245569E-04	-2.132861E-03	1.822567E-03	1.723422E-04	1.076202E-04	6.712145E-05	3.959313E-05	1.975040E-04	7.950726E-05
1.620000E+00	-2.339952E-03	2.539387E-03	-3.719565E-04	8.577075E-04	-1.978660E-03	1.690792E-03	1.608845E-04	1.015125E-04	6.232154E-05	3.724121E-05	1.838752E-04	7.476344E-05
1.630000E+00	-2.169763E-03	2.354686E-03	-3.449012E-04	7.953223E-04	-1.834755E-03	1.567818E-03	1.501285E-04	9.569350E-05	5.783927E-05	3.501136E-05	1.711166E-04	7.026763E-05
1.640000E+00	-2.011018E-03	2.182406E-03	-3.196654E-04	7.371324E-04	-1.700527E-03	1.453112E-03	1.400354E-04	9.015359E-05	5.365564E-05	3.289837E-05	1.591779E-04	6.600910E-05
1.650000E+00	-1.863023E-03	2.021791E-03	-2.961386E-04	6.828829E-04	-1.575387E-03	1.346174E-03	1.305683E-04	8.488329E-05	4.975260E-05	3.089720E-05	1.480111E-04	6.197748E-05
1.660000E+00	-1.725118E-03	1.872128E-03	-2.742160E-04	6.323323E-04	-1.458779E-03	1.246527E-03	1.216919E-04	7.987313E-05	4.611310E-05	2.900297E-05	1.375711E-04	5.816272E-05
1.670000E+00	-1.596680E-03	1.732739E-03	-2.537984E-04	5.852520E-04	-1.350175E-03	1.153720E-03	1.133730E-04	7.511371E-05	4.272097E-05	2.721094E-05	1.278149E-04	5.455512E-05
1.680000E+00	-1.477118E-03	1.602985E-03	-2.347920E-04	5.414256E-04	-1.249077E-03	1.067327E-03	1.055797E-04	7.059576E-05	3.956089E-05	2.551652E-05	1.187015E-04	5.114527E-05
1.690000E+00	-1.365875E-03	1.482258E-03	-2.171082E-04	5.006488E-04	-1.155012E-03	9.869459E-04	9.828204E-05	6.631009E-05	3.661840E-05	2.391531E-05	1.101925E-04	4.792410E-05
1.700000E+00	-1.262424E-03	1.369988E-03	-2.006631E-04	4.627281E-04	-1.067536E-03	9.121944E-04	9.145124E-05	6.224765E-05	3.387982E-05	2.240300E-05	1.022512E-04	4.488284E-05
1.710000E+00	-1.166267E-03	1.265634E-03	-1.853776E-04	4.274812E-04	-9.862270E-04	8.427133E-04	8.506019E-05	5.839955E-05	3.133223E-05	2.097546E-05	9.484300E-05	4.201303E-05
1.720000E+00	-1.076934E-03	1.168686E-03	-1.711770E-04	3.947359E-04	-9.106880E-04	7.781633E-04	7.908310E-05	5.475703E-05	2.896345E-05	1.962871E-05	8.793513E-05	3.930652E-05
1.730000E+00	-9.939821E-04	1.078663E-03	-1.579909E-04	3.643297E-04	-8.405447E-04	7.182243E-04	7.349555E-05	5.131153E-05	2.676196E-05	1.835888E-05	8.149665E-05	3.675542E-05
1.740000E+00	-9.169941E-04	9.951131E-04	-1.457528E-04	3.361097E-04	-7.754440E-04	6.625945E-04	6.827439E-05	4.805465E-05	2.471692E-05	1.716226E-05	7.549827E-05	3.435217E-05
1.750000E+00	-8.455766E-04	9.176085E-04	-1.344003E-04	3.099316E-04	-7.150535E-04	6.109899E-04	6.339767E-05	4.497820E-05	2.281811E-05	1.603527E-05	6.991237E-05	3.208945E-05
1.760000E+00	-7.793594E-04	8.457478E-04	-1.238746E-04	2.856598E-04	-6.590601E-04	5.631429E-04	5.884465E-05	4.207417E-05	2.105590E-05	1.497446E-05	6.471287E-05	2.996027E-05
1.770000E+00	-7.179945E-04	7.791530E-04	-1.141202E-04	2.631667E-04	-6.071696E-04	5.188021E-04	5.459566E-05	3.933477E-05	1.942125E-05	1.397652E-05	5.987515E-05	2.795785E-05
1.780000E+00	-6.611543E-04	7.174689E-04	-1.050851E-04	2.423322E-04	-5.591051E-04	4.777307E-04	5.063213E-05	3.675243E-05	1.790563E-05	1.303826E-05	5.537602E-05	2.607573E-05
1.790000E+00	-6.085315E-04	6.603617E-04	-9.672043E-05	2.230436E-04	-5.146066E-04	4.397068E-04	4.693649E-05	3.431979E-05	1.650104E-05	1.215661E-05	5.119362E-05	2.430767E-05
1.800000E+00	-5.598372E-04	6.075179E-04	-8.898028E-05	2.051950E-04	-4.734299E-04	4.045215E-04	4.349213E-05	3.202970E-05	1.519996E-05	1.132863E-05	4.730736E-05	2.264771E-05
1.810000E+00	-5.148004E-04	5.586435E-04	-8.182157E-05	1.886871E-04	-4.353460E-04	3.719790E-04	4.028337E-05	2.987526E-05	1.399531E-05	1.055151E-05	4.369785E-05	2.109012E-05
1.820000E+00	-4.731670E-04	5.134627E-04	-7.520389E-05	1.734268E-04	-4.001399E-04	3.418958E-04	3.729542E-05	2.784977E-05	1.288049E-05	9.822538E-06	4.034685E-05	1.962942E-05
1.830000E+00	-4.346989E-04	4.717170E-04	-6.908937E-05	1.593268E-04	-3.676103E-04	3.140997E-04	3.451431E-05	2.594677E-05	1.184927E-05	9.139124E-06	3.723723E-05	1.826037E-05
1.840000E+00	-3.991730E-04	4.331643E-04	-6.344255E-05	1.463052E-04	-3.375685E-04	2.884296E-04	3.192685E-05	2.416004E-05	1.089584E-05	8.498790E-06	3.435285E-05	1.697793E-05
1.850000E+00	-3.663804E-04	3.975778E-04	-5.823022E-05	1.342855E-04	-3.098380E-04	2.647345E-04	2.952065E-05	2.248356E-05	1.001473E-05	7.899167E-06	3.167859E-05	1.577733E-05
1.860000E+00	-3.361257E-04	3.647457E-04	-5.342134E-05	1.231961E-04	-2.842535E-04	2.428733E-04	2.728398E-05	2.091155E-05	9.200839E-06	7.337989E-06	2.920023E-05	1.465397E-05
1.870000E+00	-3.082263E-04	3.344697E-04	-4.898686E-05	1.129700E-04	-2.606607E-04	2.227140E-04	2.520585E-05	1.943847E-05	8.449392E-06	6.813093E-06	2.690443E-05	1.360348E-05
1.880000E+00	-2.825116E-04	3.065644E-04	-4.489964E-05	1.035448E-04	-2.389152E-04	2.041332E-04	2.327588E-05	1.805896E-05	7.755920E-06	6.322418E-06	2.477867E-05	1.262171E-05
1.890000E+00	-2.588221E-04	2.808570E-04	-4.113435E-05	9.486181E-05	-2.188823E-04	1.870158E-04	2.148431E-05	1.676793E-05	7.116249E-06	5.863995E-06	2.281124E-05	1.170467E-05
1.900000E+00	-2.370090E-04	2.571859E-04	-3.766733E-05	8.686668E-05	-2.004361E-04	1.712543E-04	1.982196E-05	1.556045E-05	6.526479E-06	5.435952E-06	2.099114E-05	1.084859E-05
1.910000E+00	-2.169336E-04	2.354007E-04	-3.447654E-05	7.950850E-05	-1.834593E-04	1.567485E-04	1.828022E-05	1.443185E-05	5.982969E-06	5.036504E-06	1.930808E-05	1.004987E-05
1.920000E+00	-1.984666E-04	2.153608E-04	-3.154139E-05	7.273985E-05	-1.678425E-04	1.434047E-04	1.685098E-05	1.337763E-05	5.482323E-06	4.663955E-06	1.775244E-05	9.305096E-06
1.930000E+00	-1.814874E-04	1.969356E-04	-2.884275E-05	6.651655E-05	-1.534839E-04	1.311361E-04	1.552664E-05	1.239352E-05	5.021375E-06	4.316695E-06	1.631521E-05	8.611013E-06
1.940000E+00	-1.658838E-04	1.800032E-04	-2.636276E-05	6.079748E-05	-1.402885E-04	1.198614E-04	1.430006E-05	1.147543E-05	4.597173E-06	3.993191E-06	1.498795E-05	7.964542E-06
1.950000E+00	-1.515515E-04	1.644504E-04	-2.408483E-05	5.554435E-05	-1.281681E-04	1.095053E-04	1.316454E-05	1.061945E-05	4.206969E-06	3.691991E-06	1.376280E-05	7.362758E-06
1.960000E+00	-1.383932E-04	1.501716E-04	-2.199353E-05	5.072158E-05	-1.170406E-04	9.999757E-05	1.211380E-05	9.821895E-06	3.848204E-06	3.411719E-06	1.263241E-05	6.802892E-06
1.970000E+00	-1.263188E-04	1.370691E-04	-2.007450E-05	4.629608E-05	-1.068295E-04	9.127299E-05	1.114197E-05	9.079225E-06	3.518496E-06	3.151069E-06	1.158991E-05	6.282318E-06
1.980000E+00	-1.152444E-04	1.250517E-04	-1.831441E-05	4.223711E-05	-9.746413E-05	8.327097E-05	1.024352E-05	8.388091E-06	3.215633E-06	2.908806E-06	1.062889E-05	5.798554E-06
1.990000E+00	-1.050921E-04	1.140350E-04	-1.670090E-05	3.851613E-05	-8.887853E-05	7.593526E-05	9.413309E-06	7.745311E-06	2.937557E-06	2.683761E-06	9.743378E-06	5.349251E-06
