i,Ebeam,x,y,z,Q2,pT,obs,value,stat,systrel,systabs,target,hadron,Experiment
0,11.0,0.085730,0.650076,0.323369,1.143975,0.136724,AUT,0.0,0.008858,0.070207,0.008317,proton,pi+,solid
1,11.0,0.106370,0.580538,0.323904,1.273520,0.130042,AUT,0.0,0.009807,0.070207,0.008190,proton,pi+,solid
2,11.0,0.123286,0.549287,0.324083,1.397188,0.128410,AUT,0.0,0.010058,0.070207,0.008086,proton,pi+,solid
3,11.0,0.140325,0.527135,0.324370,1.526140,0.127547,AUT,0.0,0.009931,0.070207,0.007982,proton,pi+,solid
4,11.0,0.159774,0.495842,0.324698,1.633778,0.126197,AUT,0.0,0.009842,0.070207,0.007867,proton,pi+,solid
5,11.0,0.189295,0.445923,0.325408,1.738236,0.125160,AUT,0.0,0.009133,0.070207,0.007706,proton,pi+,solid
6,11.0,0.229634,0.394305,0.329101,1.865300,0.124200,AUT,0.0,0.015083,0.070207,0.007512,proton,pi+,solid
7,11.0,0.071378,0.749212,0.323220,1.100064,0.312099,AUT,0.0,0.009143,0.070207,0.008409,proton,pi+,solid
8,11.0,0.083909,0.687564,0.323746,1.190222,0.304679,AUT,0.0,0.009123,0.070207,0.008329,proton,pi+,solid
9,11.0,0.093825,0.656278,0.323916,1.270568,0.302118,AUT,0.0,0.009201,0.070207,0.008267,proton,pi+,solid
10,11.0,0.103608,0.631557,0.324005,1.350302,0.300447,AUT,0.0,0.008739,0.070207,0.008207,proton,pi+,solid
11,11.0,0.113607,0.610436,0.324077,1.431146,0.298824,AUT,0.0,0.008530,0.070207,0.008145,proton,pi+,solid
12,11.0,0.123697,0.588812,0.324179,1.503077,0.296650,AUT,0.0,0.008286,0.070207,0.008082,proton,pi+,solid
13,11.0,0.134178,0.565545,0.324428,1.565952,0.294751,AUT,0.0,0.007835,0.070207,0.008017,proton,pi+,solid
14,11.0,0.145935,0.539426,0.324686,1.624281,0.292277,AUT,0.0,0.007528,0.070207,0.007947,proton,pi+,solid
15,11.0,0.161473,0.504227,0.324869,1.679291,0.289707,AUT,0.0,0.006715,0.070207,0.007856,proton,pi+,solid
16,11.0,0.188505,0.452019,0.325505,1.754425,0.285101,AUT,0.0,0.006050,0.070207,0.007710,proton,pi+,solid
17,11.0,0.228883,0.395292,0.329290,1.863646,0.281524,AUT,0.0,0.011200,0.070207,0.007516,proton,pi+,solid
18,11.0,0.069258,0.782448,0.323866,1.114545,0.494386,AUT,0.0,0.006622,0.070207,0.008423,proton,pi+,solid
19,11.0,0.083303,0.718557,0.324164,1.234794,0.491557,AUT,0.0,0.006261,0.070207,0.008333,proton,pi+,solid
20,11.0,0.095080,0.686861,0.324134,1.347491,0.491373,AUT,0.0,0.005933,0.070207,0.008259,proton,pi+,solid
21,11.0,0.106641,0.658364,0.324190,1.448648,0.490801,AUT,0.0,0.005762,0.070207,0.008187,proton,pi+,solid
22,11.0,0.119643,0.622739,0.324283,1.536862,0.489709,AUT,0.0,0.005426,0.070207,0.008106,proton,pi+,solid
23,11.0,0.136547,0.571670,0.324442,1.609321,0.488322,AUT,0.0,0.005374,0.070207,0.008002,proton,pi+,solid
24,11.0,0.164802,0.497084,0.324835,1.684158,0.489585,AUT,0.0,0.005905,0.070207,0.007838,proton,pi+,solid
25,11.0,0.212195,0.415205,0.327082,1.811652,0.492899,AUT,0.0,0.015563,0.070207,0.007593,proton,pi+,solid
26,11.0,0.079819,0.747786,0.325601,1.222164,0.672962,AUT,0.0,0.006387,0.070207,0.008354,proton,pi+,solid
27,11.0,0.116456,0.626498,0.325690,1.494838,0.672168,AUT,0.0,0.006380,0.070207,0.008125,proton,pi+,solid
28,11.0,0.171636,0.480518,0.326855,1.679370,0.670472,AUT,0.0,0.009854,0.070207,0.007802,proton,pi+,solid
29,11.0,0.106594,0.673858,0.329230,1.418141,0.850453,AUT,0.0,0.016391,0.070207,0.008183,proton,pi+,solid
30,11.0,0.092559,0.617380,0.373350,1.171134,0.134589,AUT,0.0,0.007872,0.070207,0.008255,proton,pi+,solid
31,11.0,0.118020,0.548574,0.373930,1.335032,0.128443,AUT,0.0,0.009155,0.070207,0.008095,proton,pi+,solid
32,11.0,0.138621,0.519264,0.374009,1.484881,0.127380,AUT,0.0,0.009622,0.070207,0.007967,proton,pi+,solid
33,11.0,0.160255,0.484625,0.374239,1.601274,0.126116,AUT,0.0,0.009983,0.070207,0.007838,proton,pi+,solid
34,11.0,0.192721,0.428962,0.374483,1.701258,0.125424,AUT,0.0,0.010043,0.070207,0.007662,proton,pi+,solid
35,11.0,0.243567,0.364635,0.376138,1.825340,0.123689,AUT,0.0,0.014670,0.070207,0.007430,proton,pi+,solid
36,11.0,0.076753,0.710941,0.373260,1.121402,0.311638,AUT,0.0,0.008747,0.070207,0.008357,proton,pi+,solid
37,11.0,0.092906,0.645999,0.373804,1.237962,0.303677,AUT,0.0,0.009335,0.070207,0.008253,proton,pi+,solid
38,11.0,0.105311,0.615223,0.373958,1.336923,0.300661,AUT,0.0,0.009981,0.070207,0.008175,proton,pi+,solid
39,11.0,0.117187,0.592329,0.374023,1.432326,0.298701,AUT,0.0,0.009595,0.070207,0.008099,proton,pi+,solid
40,11.0,0.129699,0.567404,0.374174,1.518448,0.296344,AUT,0.0,0.008847,0.070207,0.008021,proton,pi+,solid
41,11.0,0.143662,0.535623,0.374233,1.587362,0.293356,AUT,0.0,0.007976,0.070207,0.007935,proton,pi+,solid
42,11.0,0.161034,0.493691,0.374486,1.639402,0.290224,AUT,0.0,0.007250,0.070207,0.007832,proton,pi+,solid
43,11.0,0.188547,0.437141,0.374889,1.696992,0.285297,AUT,0.0,0.006543,0.070207,0.007683,proton,pi+,solid
44,11.0,0.236850,0.370197,0.376477,1.800479,0.283718,AUT,0.0,0.008983,0.070207,0.007458,proton,pi+,solid
45,11.0,0.072263,0.757905,0.373415,1.125935,0.496282,AUT,0.0,0.006715,0.070207,0.008387,proton,pi+,solid
46,11.0,0.088767,0.692976,0.373995,1.268712,0.492965,AUT,0.0,0.006491,0.070207,0.008279,proton,pi+,solid
47,11.0,0.103419,0.656504,0.374033,1.400655,0.492224,AUT,0.0,0.006177,0.070207,0.008186,proton,pi+,solid
48,11.0,0.119167,0.618763,0.374194,1.520660,0.490886,AUT,0.0,0.005869,0.070207,0.008085,proton,pi+,solid
49,11.0,0.139604,0.559590,0.374354,1.609377,0.488714,AUT,0.0,0.005777,0.070207,0.007958,proton,pi+,solid
50,11.0,0.179691,0.456964,0.374596,1.677678,0.489913,AUT,0.0,0.006020,0.070207,0.007731,proton,pi+,solid
51,11.0,0.252362,0.352351,0.377126,1.830393,0.492821,AUT,0.0,0.028386,0.070207,0.007394,proton,pi+,solid
52,11.0,0.080180,0.741874,0.374600,1.218650,0.680025,AUT,0.0,0.005983,0.070207,0.008335,proton,pi+,solid
53,11.0,0.114431,0.633704,0.374844,1.488853,0.679139,AUT,0.0,0.005803,0.070207,0.008115,proton,pi+,solid
54,11.0,0.171681,0.472885,0.375114,1.640334,0.678673,AUT,0.0,0.007408,0.070207,0.007778,proton,pi+,solid
55,11.0,0.110928,0.651660,0.377182,1.421216,0.866784,AUT,0.0,0.010332,0.070207,0.008136,proton,pi+,solid
56,11.0,0.098562,0.591474,0.423422,1.193495,0.132675,AUT,0.0,0.007736,0.070207,0.008201,proton,pi+,solid
57,11.0,0.128865,0.524185,0.423861,1.392826,0.127514,AUT,0.0,0.008808,0.070207,0.008008,proton,pi+,solid
58,11.0,0.156242,0.486167,0.423990,1.565490,0.126724,AUT,0.0,0.009259,0.070207,0.007841,proton,pi+,solid
59,11.0,0.196764,0.418796,0.424102,1.692235,0.126550,AUT,0.0,0.010154,0.070207,0.007620,proton,pi+,solid
60,11.0,0.256985,0.343368,0.424081,1.815673,0.125637,AUT,0.0,0.019961,0.070207,0.007354,proton,pi+,solid
61,11.0,0.080693,0.682707,0.423125,1.132180,0.311683,AUT,0.0,0.008943,0.070207,0.008318,proton,pi+,solid
62,11.0,0.099165,0.617855,0.423810,1.263643,0.303647,AUT,0.0,0.009747,0.070207,0.008198,proton,pi+,solid
63,11.0,0.114634,0.586486,0.424003,1.387012,0.300346,AUT,0.0,0.009966,0.070207,0.008098,proton,pi+,solid
64,11.0,0.130410,0.558372,0.424099,1.502201,0.297544,AUT,0.0,0.009175,0.070207,0.007997,proton,pi+,solid
65,11.0,0.147816,0.521043,0.424171,1.588337,0.294038,AUT,0.0,0.008349,0.070207,0.007889,proton,pi+,solid
66,11.0,0.171301,0.464794,0.424351,1.640091,0.290010,AUT,0.0,0.007048,0.070207,0.007753,proton,pi+,solid
67,11.0,0.216522,0.385363,0.424648,1.709710,0.287019,AUT,0.0,0.006765,0.070207,0.007526,proton,pi+,solid
68,11.0,0.281377,0.322517,0.424764,1.872147,0.289937,AUT,0.0,0.024979,0.070207,0.007262,proton,pi+,solid
69,11.0,0.078055,0.711111,0.422713,1.141324,0.494504,AUT,0.0,0.007836,0.070207,0.008336,proton,pi+,solid
70,11.0,0.098634,0.649821,0.423763,1.321600,0.492053,AUT,0.0,0.007375,0.070207,0.008201,proton,pi+,solid
71,11.0,0.118324,0.611852,0.424070,1.492946,0.491040,AUT,0.0,0.006942,0.070207,0.008073,proton,pi+,solid
72,11.0,0.142472,0.549777,0.424341,1.612510,0.488599,AUT,0.0,0.006715,0.070207,0.007921,proton,pi+,solid
73,11.0,0.196232,0.422840,0.424604,1.679193,0.487742,AUT,0.0,0.006619,0.070207,0.007628,proton,pi+,solid
74,11.0,0.087073,0.696016,0.423337,1.241783,0.683937,AUT,0.0,0.006146,0.070207,0.008276,proton,pi+,solid
75,11.0,0.130522,0.579137,0.424412,1.544468,0.684126,AUT,0.0,0.005455,0.070207,0.007995,proton,pi+,solid
76,11.0,0.194758,0.422291,0.424220,1.679687,0.681681,AUT,0.0,0.009946,0.070207,0.007633,proton,pi+,solid
77,11.0,0.116114,0.618910,0.425561,1.422383,0.882935,AUT,0.0,0.008304,0.070207,0.008087,proton,pi+,solid
78,11.0,0.107354,0.561395,0.473386,1.232695,0.131072,AUT,0.0,0.007436,0.070207,0.008130,proton,pi+,solid
79,11.0,0.145608,0.496023,0.473894,1.488065,0.127650,AUT,0.0,0.008437,0.070207,0.007887,proton,pi+,solid
80,11.0,0.191866,0.425123,0.473999,1.672266,0.127498,AUT,0.0,0.009850,0.070207,0.007626,proton,pi+,solid
81,11.0,0.257166,0.341945,0.473871,1.810047,0.128155,AUT,0.0,0.023586,0.070207,0.007332,proton,pi+,solid
82,11.0,0.089269,0.632919,0.472488,1.160761,0.307293,AUT,0.0,0.008300,0.070207,0.008249,proton,pi+,solid
83,11.0,0.112462,0.576637,0.473687,1.337400,0.300979,AUT,0.0,0.009913,0.070207,0.008097,proton,pi+,solid
84,11.0,0.132559,0.545666,0.473947,1.492020,0.298075,AUT,0.0,0.009315,0.070207,0.007966,proton,pi+,solid
85,11.0,0.154652,0.500715,0.474189,1.595928,0.294431,AUT,0.0,0.008299,0.070207,0.007830,proton,pi+,solid
86,11.0,0.189086,0.427057,0.474317,1.659614,0.290092,AUT,0.0,0.006926,0.070207,0.007638,proton,pi+,solid
87,11.0,0.245122,0.349221,0.474295,1.759176,0.290320,AUT,0.0,0.010718,0.070207,0.007381,proton,pi+,solid
88,11.0,0.088083,0.650844,0.472277,1.178373,0.492765,AUT,0.0,0.008912,0.070207,0.008257,proton,pi+,solid
89,11.0,0.116223,0.595637,0.473656,1.427035,0.490607,AUT,0.0,0.008276,0.070207,0.008071,proton,pi+,solid
90,11.0,0.148314,0.531727,0.474391,1.620219,0.488524,AUT,0.0,0.007456,0.070207,0.007867,proton,pi+,solid
91,11.0,0.207641,0.399927,0.474383,1.690094,0.484614,AUT,0.0,0.008506,0.070207,0.007550,proton,pi+,solid
92,11.0,0.101587,0.628817,0.472781,1.306735,0.685353,AUT,0.0,0.006956,0.070207,0.008167,proton,pi+,solid
93,11.0,0.164328,0.491680,0.474258,1.632545,0.685808,AUT,0.0,0.006380,0.070207,0.007778,proton,pi+,solid
94,11.0,0.122898,0.581614,0.474437,1.432954,0.900641,AUT,0.0,0.007798,0.070207,0.008028,proton,pi+,solid
95,11.0,0.118424,0.527304,0.523132,1.278463,0.129584,AUT,0.0,0.007412,0.070207,0.008043,proton,pi+,solid
96,11.0,0.170467,0.455405,0.523904,1.592818,0.128310,AUT,0.0,0.008679,0.070207,0.007720,proton,pi+,solid
97,11.0,0.235674,0.365546,0.523806,1.766788,0.129239,AUT,0.0,0.017624,0.070207,0.007399,proton,pi+,solid
98,11.0,0.101337,0.576000,0.522344,1.199224,0.303143,AUT,0.0,0.008980,0.070207,0.008156,proton,pi+,solid
99,11.0,0.132247,0.529068,0.523479,1.442766,0.297988,AUT,0.0,0.009205,0.070207,0.007951,proton,pi+,solid
100,11.0,0.162465,0.479674,0.524153,1.603924,0.294480,AUT,0.0,0.008045,0.070207,0.007764,proton,pi+,solid
101,11.0,0.218029,0.383704,0.524260,1.707003,0.291282,AUT,0.0,0.007428,0.070207,0.007479,proton,pi+,solid
102,11.0,0.103181,0.586220,0.522152,1.242289,0.490878,AUT,0.0,0.010625,0.070207,0.008143,proton,pi+,solid
103,11.0,0.145919,0.526426,0.523863,1.578630,0.488629,AUT,0.0,0.008401,0.070207,0.007863,proton,pi+,solid
104,11.0,0.206883,0.403641,0.524281,1.702412,0.481664,AUT,0.0,0.010012,0.070207,0.007531,proton,pi+,solid
105,11.0,0.126405,0.550622,0.522989,1.411845,0.686175,AUT,0.0,0.008100,0.070207,0.007989,proton,pi+,solid
106,11.0,0.204408,0.415818,0.523671,1.747654,0.681409,AUT,0.0,0.016219,0.070207,0.007539,proton,pi+,solid
107,11.0,0.128589,0.552088,0.523392,1.440121,0.912758,AUT,0.0,0.008594,0.070207,0.007975,proton,pi+,solid
108,11.0,0.133663,0.491010,0.573098,1.343830,0.129269,AUT,0.0,0.007527,0.070207,0.007924,proton,pi+,solid
109,11.0,0.205446,0.404903,0.573856,1.694225,0.129532,AUT,0.0,0.011346,0.070207,0.007515,proton,pi+,solid
110,11.0,0.115709,0.524644,0.572536,1.246602,0.299734,AUT,0.0,0.009819,0.070207,0.008042,proton,pi+,solid
111,11.0,0.158814,0.475121,0.573683,1.553290,0.295497,AUT,0.0,0.008299,0.070207,0.007763,proton,pi+,solid
112,11.0,0.216611,0.385919,0.573989,1.707554,0.291981,AUT,0.0,0.008391,0.070207,0.007460,proton,pi+,solid
113,11.0,0.123781,0.527829,0.572493,1.339779,0.489523,AUT,0.0,0.011527,0.070207,0.007987,proton,pi+,solid
114,11.0,0.189260,0.439794,0.574033,1.694296,0.483406,AUT,0.0,0.009990,0.070207,0.007594,proton,pi+,solid
115,11.0,0.134995,0.517139,0.572718,1.424787,0.758879,AUT,0.0,0.008051,0.070207,0.007914,proton,pi+,solid
116,11.0,0.213965,0.417120,0.572345,1.839033,0.679819,AUT,0.0,0.033855,0.070207,0.007464,proton,pi+,solid
117,11.0,0.156859,0.450933,0.623218,1.440136,0.129154,AUT,0.0,0.007931,0.070207,0.007757,proton,pi+,solid
118,11.0,0.243517,0.359353,0.622534,1.800748,0.129653,AUT,0.0,0.028953,0.070207,0.007309,proton,pi+,solid
119,11.0,0.134099,0.479490,0.622738,1.318904,0.296717,AUT,0.0,0.009520,0.070207,0.007898,proton,pi+,solid
120,11.0,0.199944,0.412146,0.623342,1.684247,0.292905,AUT,0.0,0.008452,0.070207,0.007512,proton,pi+,solid
121,11.0,0.134564,0.489171,0.622346,1.351508,0.548890,AUT,0.0,0.013096,0.070207,0.007894,proton,pi+,solid
122,11.0,0.195463,0.437379,0.623258,1.753991,0.523260,AUT,0.0,0.014239,0.070207,0.007529,proton,pi+,solid
123,11.0,0.140163,0.450259,0.672465,1.296525,0.232051,AUT,0.0,0.008531,0.070207,0.007833,proton,pi+,solid
124,11.0,0.199447,0.415721,0.672424,1.703768,0.225351,AUT,0.0,0.009627,0.070207,0.007481,proton,pi+,solid
125,11.0,0.152383,0.462577,0.670893,1.446206,0.540455,AUT,0.0,0.016386,0.070207,0.007756,proton,pi+,solid
126,11.0,0.176241,0.608810,0.323696,2.206698,0.132105,AUT,0.0,0.010949,0.070207,0.007766,proton,pi+,solid
127,11.0,0.208755,0.550731,0.324085,2.371126,0.127931,AUT,0.0,0.010093,0.070207,0.007601,proton,pi+,solid
128,11.0,0.235575,0.498177,0.324139,2.419936,0.126937,AUT,0.0,0.009244,0.070207,0.007482,proton,pi+,solid
129,11.0,0.267746,0.452047,0.325122,2.495765,0.126469,AUT,0.0,0.008320,0.070207,0.007356,proton,pi+,solid
130,11.0,0.318332,0.409827,0.327544,2.684929,0.125786,AUT,0.0,0.008657,0.070207,0.007184,proton,pi+,solid
131,11.0,0.153336,0.687064,0.323222,2.164368,0.310890,AUT,0.0,0.007182,0.070207,0.007893,proton,pi+,solid
132,11.0,0.178703,0.617726,0.323917,2.277279,0.299938,AUT,0.0,0.007040,0.070207,0.007751,proton,pi+,solid
133,11.0,0.197031,0.582955,0.324092,2.370002,0.296017,AUT,0.0,0.006795,0.070207,0.007656,proton,pi+,solid
134,11.0,0.214441,0.551841,0.324192,2.441631,0.292418,AUT,0.0,0.006739,0.070207,0.007573,proton,pi+,solid
135,11.0,0.233700,0.510678,0.324326,2.461934,0.288994,AUT,0.0,0.006332,0.070207,0.007489,proton,pi+,solid
136,11.0,0.258032,0.467696,0.324807,2.489119,0.286024,AUT,0.0,0.006259,0.070207,0.007392,proton,pi+,solid
137,11.0,0.297084,0.426504,0.326440,2.610806,0.285096,AUT,0.0,0.006250,0.070207,0.007253,proton,pi+,solid
138,11.0,0.353332,0.385676,0.330643,2.809938,0.287393,AUT,0.0,0.014487,0.070207,0.007074,proton,pi+,solid
139,11.0,0.145082,0.739087,0.323843,2.199162,0.493465,AUT,0.0,0.007542,0.070207,0.007940,proton,pi+,solid
140,11.0,0.178204,0.639520,0.324290,2.349166,0.486121,AUT,0.0,0.006112,0.070207,0.007752,proton,pi+,solid
141,11.0,0.210062,0.570164,0.324407,2.467062,0.485363,AUT,0.0,0.006120,0.070207,0.007593,proton,pi+,solid
142,11.0,0.261052,0.467760,0.324958,2.507237,0.487030,AUT,0.0,0.007432,0.070207,0.007382,proton,pi+,solid
143,11.0,0.334587,0.398251,0.328730,2.745077,0.487006,AUT,0.0,0.022313,0.070207,0.007132,proton,pi+,solid
144,11.0,0.180161,0.647824,0.325626,2.345793,0.671563,AUT,0.0,0.008519,0.070207,0.007747,proton,pi+,solid
145,11.0,0.277364,0.450019,0.326669,2.560055,0.669242,AUT,0.0,0.019053,0.070207,0.007323,proton,pi+,solid
146,11.0,0.182905,0.594078,0.373671,2.233725,0.130923,AUT,0.0,0.010210,0.070207,0.007703,proton,pi+,solid
147,11.0,0.220562,0.526333,0.373949,2.392606,0.127618,AUT,0.0,0.009729,0.070207,0.007518,proton,pi+,solid
148,11.0,0.256338,0.462688,0.374033,2.444099,0.127117,AUT,0.0,0.009042,0.070207,0.007370,proton,pi+,solid
149,11.0,0.307311,0.399670,0.374400,2.528107,0.126000,AUT,0.0,0.008010,0.070207,0.007192,proton,pi+,solid
150,11.0,0.368227,0.366098,0.373825,2.781952,0.125516,AUT,0.0,0.020348,0.070207,0.007005,proton,pi+,solid
151,11.0,0.161390,0.656765,0.373495,2.178581,0.308180,AUT,0.0,0.007704,0.070207,0.007820,proton,pi+,solid
152,11.0,0.189904,0.591886,0.373954,2.318607,0.298895,AUT,0.0,0.007532,0.070207,0.007664,proton,pi+,solid
153,11.0,0.211924,0.553559,0.374075,2.420041,0.294507,AUT,0.0,0.007319,0.070207,0.007556,proton,pi+,solid
154,11.0,0.235403,0.505204,0.374213,2.452623,0.290667,AUT,0.0,0.007002,0.070207,0.007453,proton,pi+,solid
155,11.0,0.265541,0.452907,0.374310,2.479208,0.287677,AUT,0.0,0.006890,0.070207,0.007335,proton,pi+,solid
156,11.0,0.311169,0.396902,0.374790,2.543772,0.287990,AUT,0.0,0.007025,0.070207,0.007179,proton,pi+,solid
157,11.0,0.366806,0.366507,0.374421,2.774271,0.290697,AUT,0.0,0.017438,0.070207,0.007009,proton,pi+,solid
158,11.0,0.153913,0.702788,0.373638,2.216832,0.494953,AUT,0.0,0.006289,0.070207,0.007862,proton,pi+,solid
159,11.0,0.193105,0.603933,0.374279,2.402918,0.486468,AUT,0.0,0.006474,0.070207,0.007647,proton,pi+,solid
160,11.0,0.240031,0.505027,0.374355,2.486756,0.485869,AUT,0.0,0.006559,0.070207,0.007435,proton,pi+,solid
161,11.0,0.315339,0.395845,0.374736,2.565717,0.486485,AUT,0.0,0.009798,0.070207,0.007167,proton,pi+,solid
162,11.0,0.178016,0.651074,0.374787,2.339337,0.678817,AUT,0.0,0.007175,0.070207,0.007730,proton,pi+,solid
163,11.0,0.274039,0.448417,0.374797,2.514936,0.675303,AUT,0.0,0.014693,0.070207,0.007307,proton,pi+,solid
164,11.0,0.194334,0.618939,0.377067,2.395212,0.867312,AUT,0.0,0.021478,0.070207,0.007651,proton,pi+,solid
165,11.0,0.191341,0.577491,0.423631,2.269532,0.130499,AUT,0.0,0.009325,0.070207,0.007635,proton,pi+,solid
166,11.0,0.239204,0.490077,0.423874,2.413123,0.127771,AUT,0.0,0.009183,0.070207,0.007414,proton,pi+,solid
167,11.0,0.297155,0.409144,0.423830,2.498889,0.127096,AUT,0.0,0.008392,0.070207,0.007201,proton,pi+,solid
168,11.0,0.363477,0.367539,0.423691,2.756661,0.126467,AUT,0.0,0.020834,0.070207,0.006993,proton,pi+,solid
169,11.0,0.168123,0.635578,0.423631,2.196499,0.306766,AUT,0.0,0.008139,0.070207,0.007759,proton,pi+,solid
170,11.0,0.200578,0.570881,0.424004,2.361500,0.298015,AUT,0.0,0.007905,0.070207,0.007586,proton,pi+,solid
171,11.0,0.228433,0.517472,0.424076,2.436868,0.293451,AUT,0.0,0.007601,0.070207,0.007458,proton,pi+,solid
172,11.0,0.263466,0.455224,0.424191,2.471102,0.289914,AUT,0.0,0.007413,0.070207,0.007318,proton,pi+,solid
173,11.0,0.320244,0.389374,0.424214,2.565474,0.290602,AUT,0.0,0.007658,0.070207,0.007126,proton,pi+,solid
174,11.0,0.163892,0.664613,0.423509,2.234419,0.493327,AUT,0.0,0.006398,0.070207,0.007782,proton,pi+,solid
175,11.0,0.209793,0.567701,0.424390,2.450654,0.485918,AUT,0.0,0.008157,0.070207,0.007542,proton,pi+,solid
176,11.0,0.284673,0.435177,0.424472,2.524817,0.483368,AUT,0.0,0.006938,0.070207,0.007246,proton,pi+,solid
177,11.0,0.189023,0.617481,0.424126,2.353742,0.683476,AUT,0.0,0.006251,0.070207,0.007651,proton,pi+,solid
178,11.0,0.287414,0.430229,0.424004,2.542605,0.677210,AUT,0.0,0.016025,0.070207,0.007234,proton,pi+,solid
179,11.0,0.197608,0.603423,0.425572,2.393489,0.883034,AUT,0.0,0.016450,0.070207,0.007610,proton,pi+,solid
180,11.0,0.200612,0.559368,0.473634,2.300503,0.130361,AUT,0.0,0.008897,0.070207,0.007567,proton,pi+,solid
181,11.0,0.264625,0.450007,0.473805,2.445518,0.128128,AUT,0.0,0.008984,0.070207,0.007292,proton,pi+,solid
182,11.0,0.332523,0.379028,0.473614,2.598006,0.127975,AUT,0.0,0.012857,0.070207,0.007063,proton,pi+,solid
183,11.0,0.177725,0.610386,0.473487,2.229634,0.304009,AUT,0.0,0.008171,0.070207,0.007684,proton,pi+,solid
184,11.0,0.216741,0.538770,0.474032,2.406345,0.296338,AUT,0.0,0.008097,0.070207,0.007487,proton,pi+,solid
185,11.0,0.256530,0.465328,0.474140,2.457984,0.292200,AUT,0.0,0.007845,0.070207,0.007321,proton,pi+,solid
186,11.0,0.317435,0.391293,0.474148,2.554538,0.293027,AUT,0.0,0.008554,0.070207,0.007111,proton,pi+,solid
187,11.0,0.177622,0.622959,0.473408,2.271683,0.491278,AUT,0.0,0.007297,0.070207,0.007684,proton,pi+,solid
188,11.0,0.239858,0.505309,0.474450,2.479358,0.485161,AUT,0.0,0.010048,0.070207,0.007389,proton,pi+,solid
189,11.0,0.321716,0.389997,0.474377,2.582734,0.478376,AUT,0.0,0.011332,0.070207,0.007096,proton,pi+,solid
190,11.0,0.193480,0.596960,0.473828,2.350112,0.731814,AUT,0.0,0.006232,0.070207,0.007604,proton,pi+,solid
191,11.0,0.277821,0.449112,0.473738,2.565420,0.705662,AUT,0.0,0.012593,0.070207,0.007243,proton,pi+,solid
192,11.0,0.216704,0.525005,0.523153,2.324872,0.129823,AUT,0.0,0.008835,0.070207,0.007468,proton,pi+,solid
193,11.0,0.300100,0.409402,0.523697,2.519949,0.128717,AUT,0.0,0.009885,0.070207,0.007142,proton,pi+,solid
194,11.0,0.191766,0.573168,0.522384,2.258456,0.300966,AUT,0.0,0.008671,0.070207,0.007587,proton,pi+,solid
195,11.0,0.242193,0.488550,0.523975,2.434319,0.294839,AUT,0.0,0.008145,0.070207,0.007353,proton,pi+,solid
196,11.0,0.309182,0.399410,0.524052,2.535937,0.294975,AUT,0.0,0.008733,0.070207,0.007112,proton,pi+,solid
197,11.0,0.197460,0.572453,0.522708,2.317746,0.489591,AUT,0.0,0.008869,0.070207,0.007558,proton,pi+,solid
198,11.0,0.281051,0.439451,0.524079,2.522472,0.481653,AUT,0.0,0.010238,0.070207,0.007208,proton,pi+,solid
199,11.0,0.216089,0.546430,0.523060,2.392541,0.743115,AUT,0.0,0.006857,0.070207,0.007475,proton,pi+,solid
200,11.0,0.243683,0.476675,0.573307,2.359799,0.129394,AUT,0.0,0.008699,0.070207,0.007328,proton,pi+,solid
201,11.0,0.339919,0.376671,0.573420,2.640432,0.129781,AUT,0.0,0.019615,0.070207,0.006984,proton,pi+,solid
202,11.0,0.213511,0.521181,0.572806,2.283539,0.298521,AUT,0.0,0.008910,0.070207,0.007455,proton,pi+,solid
203,11.0,0.291574,0.420550,0.573575,2.511348,0.294758,AUT,0.0,0.008442,0.070207,0.007143,proton,pi+,solid
204,11.0,0.230602,0.503013,0.573098,2.360192,0.487298,AUT,0.0,0.010108,0.070207,0.007382,proton,pi+,solid
205,11.0,0.321545,0.406331,0.572053,2.694487,0.470789,AUT,0.0,0.023070,0.070207,0.007040,proton,pi+,solid
206,11.0,0.222860,0.521915,0.572570,2.375343,0.734835,AUT,0.0,0.011728,0.070207,0.007415,proton,pi+,solid
207,11.0,0.224725,0.490102,0.622373,2.263488,0.236940,AUT,0.0,0.008735,0.070207,0.007374,proton,pi+,solid
208,11.0,0.291223,0.423053,0.622775,2.533055,0.229808,AUT,0.0,0.008659,0.070207,0.007111,proton,pi+,solid
209,11.0,0.239193,0.485717,0.621792,2.377270,0.547993,AUT,0.0,0.011774,0.070207,0.007314,proton,pi+,solid
210,11.0,0.243344,0.461390,0.671398,2.309397,0.294395,AUT,0.0,0.008589,0.070207,0.007262,proton,pi+,solid
211,11.0,0.304936,0.434192,0.669615,2.730579,0.244329,AUT,0.0,0.018413,0.070207,0.007028,proton,pi+,solid
212,11.0,0.253965,0.628705,0.324059,3.289737,0.127794,AUT,0.0,0.013105,0.070207,0.007400,proton,pi+,solid
213,11.0,0.297414,0.565373,0.324046,3.465285,0.127078,AUT,0.0,0.012335,0.070207,0.007245,proton,pi+,solid
214,11.0,0.345036,0.482681,0.324064,3.429965,0.126692,AUT,0.0,0.010487,0.070207,0.007098,proton,pi+,solid
215,11.0,0.406165,0.423767,0.324929,3.548502,0.124602,AUT,0.0,0.012098,0.070207,0.006919,proton,pi+,solid
216,11.0,0.239914,0.647962,0.323810,3.202294,0.300345,AUT,0.0,0.010035,0.070207,0.007456,proton,pi+,solid
217,11.0,0.273643,0.604409,0.324154,3.412538,0.293688,AUT,0.0,0.009707,0.070207,0.007326,proton,pi+,solid
218,11.0,0.302856,0.557042,0.324189,3.479048,0.290097,AUT,0.0,0.009479,0.070207,0.007227,proton,pi+,solid
219,11.0,0.340660,0.493186,0.324272,3.462785,0.287282,AUT,0.0,0.009333,0.070207,0.007110,proton,pi+,solid
220,11.0,0.398468,0.429309,0.325255,3.523879,0.286732,AUT,0.0,0.010804,0.070207,0.006941,proton,pi+,solid
221,11.0,0.243693,0.652518,0.324182,3.265543,0.486613,AUT,0.0,0.008777,0.070207,0.007441,proton,pi+,solid
222,11.0,0.310525,0.548568,0.324352,3.495695,0.484898,AUT,0.0,0.008681,0.070207,0.007203,proton,pi+,solid
223,11.0,0.394000,0.433801,0.325115,3.518998,0.485304,AUT,0.0,0.016381,0.070207,0.006954,proton,pi+,solid
224,11.0,0.290144,0.582579,0.325585,3.407058,0.691966,AUT,0.0,0.013118,0.070207,0.007276,proton,pi+,solid
225,11.0,0.260471,0.620928,0.373892,3.330210,0.127837,AUT,0.0,0.011945,0.070207,0.007345,proton,pi+,solid
226,11.0,0.316734,0.529453,0.373899,3.450388,0.127263,AUT,0.0,0.011480,0.070207,0.007153,proton,pi+,solid
227,11.0,0.388968,0.435772,0.373719,3.487566,0.126351,AUT,0.0,0.011154,0.070207,0.006938,proton,pi+,solid
228,11.0,0.246624,0.637713,0.373893,3.239863,0.298717,AUT,0.0,0.010791,0.070207,0.007399,proton,pi+,solid
229,11.0,0.285525,0.587376,0.374066,3.458561,0.293730,AUT,0.0,0.010485,0.070207,0.007254,proton,pi+,solid
230,11.0,0.326339,0.515021,0.374190,3.462605,0.290029,AUT,0.0,0.010051,0.070207,0.007123,proton,pi+,solid
231,11.0,0.390980,0.434110,0.374203,3.492362,0.289223,AUT,0.0,0.011313,0.070207,0.006932,proton,pi+,solid
232,11.0,0.252420,0.638058,0.374165,3.307172,0.487564,AUT,0.0,0.010320,0.070207,0.007377,proton,pi+,solid
233,11.0,0.344449,0.498841,0.374537,3.498364,0.483107,AUT,0.0,0.009496,0.070207,0.007068,proton,pi+,solid
234,11.0,0.287760,0.586183,0.375010,3.402296,0.710352,AUT,0.0,0.010512,0.070207,0.007254,proton,pi+,solid
235,11.0,0.269920,0.606639,0.423739,3.365956,0.128502,AUT,0.0,0.010957,0.070207,0.007285,proton,pi+,solid
236,11.0,0.350552,0.478871,0.423701,3.441615,0.127536,AUT,0.0,0.010838,0.070207,0.007024,proton,pi+,solid
237,11.0,0.429299,0.411838,0.423471,3.648993,0.126792,AUT,0.0,0.026545,0.070207,0.006793,proton,pi+,solid
238,11.0,0.253072,0.629415,0.423921,3.280359,0.298185,AUT,0.0,0.011280,0.070207,0.007347,proton,pi+,solid
239,11.0,0.301168,0.559788,0.424015,3.472215,0.293395,AUT,0.0,0.010690,0.070207,0.007175,proton,pi+,solid
240,11.0,0.364188,0.460553,0.424126,3.447167,0.291422,AUT,0.0,0.011265,0.070207,0.006983,proton,pi+,solid
241,11.0,0.431064,0.409276,0.423992,3.641476,0.292583,AUT,0.0,0.030601,0.070207,0.006787,proton,pi+,solid
242,11.0,0.260770,0.624137,0.424181,3.340786,0.488122,AUT,0.0,0.012295,0.070207,0.007319,proton,pi+,solid
243,11.0,0.355828,0.480474,0.424512,3.491573,0.482913,AUT,0.0,0.013621,0.070207,0.007007,proton,pi+,solid
244,11.0,0.284519,0.591036,0.424532,3.399616,0.725805,AUT,0.0,0.009315,0.070207,0.007239,proton,pi+,solid
245,11.0,0.282396,0.585336,0.473741,3.385543,0.128775,AUT,0.0,0.010599,0.070207,0.007216,proton,pi+,solid
246,11.0,0.376722,0.449267,0.473618,3.476072,0.128314,AUT,0.0,0.013307,0.070207,0.006919,proton,pi+,solid
247,11.0,0.260633,0.620172,0.473853,3.326769,0.298107,AUT,0.0,0.011247,0.070207,0.007293,proton,pi+,solid
248,11.0,0.324165,0.519360,0.474017,3.459483,0.293896,AUT,0.0,0.010922,0.070207,0.007077,proton,pi+,solid
249,11.0,0.399547,0.424940,0.474078,3.497831,0.294801,AUT,0.0,0.017246,0.070207,0.006852,proton,pi+,solid
250,11.0,0.274991,0.600020,0.474156,3.376920,0.488181,AUT,0.0,0.013621,0.070207,0.007243,proton,pi+,solid
251,11.0,0.376709,0.450580,0.474265,3.485925,0.481093,AUT,0.0,0.018121,0.070207,0.006919,proton,pi+,solid
252,11.0,0.284558,0.589409,0.474221,3.406023,0.737315,AUT,0.0,0.010520,0.070207,0.007211,proton,pi+,solid
253,11.0,0.314135,0.533925,0.522780,3.400284,0.129039,AUT,0.0,0.010079,0.070207,0.007085,proton,pi+,solid
254,11.0,0.429072,0.412546,0.523394,3.653223,0.128922,AUT,0.0,0.036590,0.070207,0.006736,proton,pi+,solid
255,11.0,0.279795,0.585400,0.522112,3.363244,0.297222,AUT,0.0,0.011021,0.070207,0.007198,proton,pi+,solid
256,11.0,0.370063,0.457545,0.523929,3.470543,0.295848,AUT,0.0,0.012722,0.070207,0.006910,proton,pi+,solid
257,11.0,0.307430,0.546080,0.522800,3.399919,0.486585,AUT,0.0,0.013690,0.070207,0.007108,proton,pi+,solid
258,11.0,0.431512,0.419169,0.520190,3.733106,0.453754,AUT,0.0,0.084803,0.070207,0.006730,proton,pi+,solid
259,11.0,0.290867,0.574563,0.522597,3.411123,0.737377,AUT,0.0,0.016395,0.070207,0.007161,proton,pi+,solid
260,11.0,0.303738,0.535732,0.571953,3.343186,0.235599,AUT,0.0,0.010389,0.070207,0.007087,proton,pi+,solid
261,11.0,0.382729,0.442662,0.573227,3.485969,0.232475,AUT,0.0,0.013079,0.070207,0.006842,proton,pi+,solid
262,11.0,0.316100,0.525619,0.572006,3.395140,0.555912,AUT,0.0,0.016250,0.070207,0.007048,proton,pi+,solid
263,11.0,0.332665,0.490609,0.621773,3.351394,0.298074,AUT,0.0,0.010980,0.070207,0.006962,proton,pi+,solid
264,11.0,0.410171,0.437039,0.618556,3.699225,0.216479,AUT,0.0,0.038405,0.070207,0.006727,proton,pi+,solid
265,11.0,0.336458,0.479408,0.668555,3.323481,0.271074,AUT,0.0,0.018387,0.070207,0.006917,proton,pi+,solid
266,11.0,0.324348,0.639613,0.323993,4.277709,0.125882,AUT,0.0,0.020913,0.070207,0.007154,proton,pi+,solid
267,11.0,0.368276,0.593859,0.324054,4.509822,0.126570,AUT,0.0,0.019263,0.070207,0.007023,proton,pi+,solid
268,11.0,0.435940,0.504214,0.323931,4.515815,0.127241,AUT,0.0,0.014583,0.070207,0.006828,proton,pi+,solid
269,11.0,0.521214,0.455356,0.323718,4.899128,0.131072,AUT,0.0,0.149520,0.070207,0.006576,proton,pi+,solid
270,11.0,0.318408,0.646320,0.324192,4.244487,0.291071,AUT,0.0,0.017663,0.070207,0.007172,proton,pi+,solid
271,11.0,0.354450,0.611961,0.324283,4.475293,0.289555,AUT,0.0,0.015373,0.070207,0.007063,proton,pi+,solid
272,11.0,0.393425,0.554647,0.324318,4.498363,0.287867,AUT,0.0,0.013713,0.070207,0.006951,proton,pi+,solid
273,11.0,0.456453,0.482228,0.324208,4.533567,0.290196,AUT,0.0,0.014222,0.070207,0.006768,proton,pi+,solid
274,11.0,0.344649,0.617264,0.324473,4.374542,0.483004,AUT,0.0,0.016009,0.070207,0.007093,proton,pi+,solid
275,11.0,0.438464,0.500223,0.324382,4.507782,0.483363,AUT,0.0,0.016151,0.070207,0.006820,proton,pi+,solid
276,11.0,0.366287,0.591117,0.325012,4.421333,0.702050,AUT,0.0,0.018141,0.070207,0.007028,proton,pi+,solid
277,11.0,0.331096,0.633133,0.373868,4.320735,0.126745,AUT,0.0,0.018963,0.070207,0.007102,proton,pi+,solid
278,11.0,0.392567,0.559875,0.373854,4.522157,0.127572,AUT,0.0,0.017171,0.070207,0.006920,proton,pi+,solid
279,11.0,0.467662,0.468398,0.373566,4.516732,0.127824,AUT,0.0,0.023661,0.070207,0.006703,proton,pi+,solid
280,11.0,0.322747,0.642201,0.374179,4.274060,0.292831,AUT,0.0,0.018775,0.070207,0.007128,proton,pi+,solid
281,11.0,0.365755,0.596384,0.374208,4.498037,0.290716,AUT,0.0,0.015829,0.070207,0.006998,proton,pi+,solid
282,11.0,0.426632,0.513182,0.374171,4.503349,0.290787,AUT,0.0,0.013792,0.070207,0.006822,proton,pi+,solid
283,11.0,0.495831,0.456838,0.374030,4.675487,0.295754,AUT,0.0,0.038546,0.070207,0.006618,proton,pi+,solid
284,11.0,0.348923,0.612331,0.374515,4.388551,0.482790,AUT,0.0,0.020411,0.070207,0.007048,proton,pi+,solid
285,11.0,0.447105,0.490907,0.374492,4.515884,0.482395,AUT,0.0,0.019100,0.070207,0.006762,proton,pi+,solid
286,11.0,0.365664,0.591303,0.374743,4.416358,0.717498,AUT,0.0,0.015550,0.070207,0.006998,proton,pi+,solid
287,11.0,0.340187,0.623007,0.423779,4.364448,0.127754,AUT,0.0,0.017543,0.070207,0.007047,proton,pi+,solid
288,11.0,0.423120,0.521575,0.423718,4.527190,0.128533,AUT,0.0,0.017331,0.070207,0.006802,proton,pi+,solid
289,11.0,0.328303,0.636675,0.424052,4.308916,0.293998,AUT,0.0,0.019101,0.070207,0.007083,proton,pi+,solid
290,11.0,0.382515,0.572137,0.424091,4.507767,0.292059,AUT,0.0,0.015398,0.070207,0.006921,proton,pi+,solid
291,11.0,0.454426,0.484815,0.424018,4.536702,0.294584,AUT,0.0,0.018631,0.070207,0.006711,proton,pi+,solid
292,11.0,0.357357,0.601401,0.424500,4.403029,0.483827,AUT,0.0,0.020311,0.070207,0.006995,proton,pi+,solid
293,11.0,0.463644,0.475187,0.424372,4.541199,0.481942,AUT,0.0,0.026838,0.070207,0.006684,proton,pi+,solid
294,11.0,0.362980,0.594572,0.424570,4.412125,0.726617,AUT,0.0,0.016368,0.070207,0.006978,proton,pi+,solid
295,11.0,0.355149,0.604668,0.473708,4.409528,0.128254,AUT,0.0,0.016045,0.070207,0.006974,proton,pi+,solid
296,11.0,0.450890,0.487294,0.473572,4.523402,0.129850,AUT,0.0,0.025634,0.070207,0.006692,proton,pi+,solid
297,11.0,0.335171,0.629529,0.474023,4.347153,0.295288,AUT,0.0,0.018483,0.070207,0.007034,proton,pi+,solid
298,11.0,0.417300,0.528772,0.473990,4.522529,0.295123,AUT,0.0,0.014213,0.070207,0.006789,proton,pi+,solid
299,11.0,0.524991,0.455579,0.473609,4.937042,0.304196,AUT,0.0,0.328387,0.070207,0.006467,proton,pi+,solid
300,11.0,0.367421,0.589115,0.474436,4.416708,0.484968,AUT,0.0,0.018712,0.070207,0.006936,proton,pi+,solid
301,11.0,0.485591,0.462552,0.473331,4.635545,0.470939,AUT,0.0,0.049519,0.070207,0.006589,proton,pi+,solid
302,11.0,0.360033,0.599088,0.474398,4.413372,0.729968,AUT,0.0,0.023049,0.070207,0.006959,proton,pi+,solid
303,11.0,0.340035,0.616717,0.520633,4.321456,0.232282,AUT,0.0,0.016853,0.070207,0.006992,proton,pi+,solid
304,11.0,0.405507,0.541487,0.523781,4.516011,0.234212,AUT,0.0,0.014232,0.070207,0.006795,proton,pi+,solid
305,11.0,0.479681,0.461944,0.523516,4.572381,0.244286,AUT,0.0,0.028584,0.070207,0.006576,proton,pi+,solid
306,11.0,0.373841,0.577830,0.522312,4.415799,0.535439,AUT,0.0,0.018593,0.070207,0.006889,proton,pi+,solid
307,11.0,0.490088,0.469239,0.519683,4.746381,0.452696,AUT,0.0,0.093117,0.070207,0.006545,proton,pi+,solid
308,11.0,0.396774,0.541379,0.571595,4.406375,0.236727,AUT,0.0,0.014097,0.070207,0.006789,proton,pi+,solid
309,11.0,0.490438,0.462519,0.570317,4.681960,0.225611,AUT,0.0,0.055709,0.070207,0.006510,proton,pi+,solid
310,11.0,0.390456,0.549144,0.571106,4.404819,0.539438,AUT,0.0,0.024449,0.070207,0.006808,proton,pi+,solid
311,11.0,0.410256,0.519038,0.619343,4.384437,0.305837,AUT,0.0,0.017810,0.070207,0.006716,proton,pi+,solid
312,11.0,0.413780,0.625950,0.323824,5.335666,0.126901,AUT,0.0,0.022083,0.070207,0.006887,proton,pi+,solid
313,11.0,0.492605,0.546119,0.323829,5.537478,0.126697,AUT,0.0,0.025152,0.070207,0.006657,proton,pi+,solid
314,11.0,0.402557,0.639302,0.324151,5.306197,0.290771,AUT,0.0,0.017063,0.070207,0.006920,proton,pi+,solid
315,11.0,0.469502,0.570119,0.324384,5.510685,0.287226,AUT,0.0,0.016383,0.070207,0.006725,proton,pi+,solid
316,11.0,0.538650,0.504699,0.324412,5.611138,0.288776,AUT,0.0,0.041425,0.070207,0.006520,proton,pi+,solid
317,11.0,0.436714,0.604513,0.324588,5.410927,0.530640,AUT,0.0,0.014015,0.070207,0.006818,proton,pi+,solid
318,11.0,0.545285,0.502755,0.324554,5.658951,0.488944,AUT,0.0,0.073646,0.070207,0.006500,proton,pi+,solid
319,11.0,0.426735,0.612257,0.373753,5.373636,0.127687,AUT,0.0,0.021246,0.070207,0.006816,proton,pi+,solid
320,11.0,0.513068,0.526178,0.373654,5.565571,0.128127,AUT,0.0,0.038288,0.070207,0.006562,proton,pi+,solid
321,11.0,0.410467,0.631185,0.374085,5.338434,0.292311,AUT,0.0,0.017923,0.070207,0.006864,proton,pi+,solid
322,11.0,0.490488,0.547986,0.374214,5.530242,0.289830,AUT,0.0,0.019399,0.070207,0.006628,proton,pi+,solid
323,11.0,0.439196,0.602617,0.374659,5.419064,0.542663,AUT,0.0,0.016190,0.070207,0.006777,proton,pi+,solid
324,11.0,0.571802,0.503588,0.375269,5.943920,0.465351,AUT,0.0,0.543121,0.070207,0.006382,proton,pi+,solid
325,11.0,0.402204,0.637162,0.423847,5.283739,0.229068,AUT,0.0,0.019599,0.070207,0.006858,proton,pi+,solid
326,11.0,0.460162,0.579144,0.423912,5.492867,0.224788,AUT,0.0,0.018496,0.070207,0.006688,proton,pi+,solid
327,11.0,0.522993,0.516469,0.423793,5.571503,0.230941,AUT,0.0,0.029210,0.070207,0.006500,proton,pi+,solid
328,11.0,0.439551,0.602070,0.424408,5.418554,0.544254,AUT,0.0,0.019552,0.070207,0.006745,proton,pi+,solid
329,11.0,0.411401,0.628195,0.473836,5.325034,0.231708,AUT,0.0,0.019123,0.070207,0.006802,proton,pi+,solid
330,11.0,0.489224,0.549290,0.473837,5.529926,0.231985,AUT,0.0,0.019777,0.070207,0.006570,proton,pi+,solid
331,11.0,0.438325,0.603384,0.474403,5.417321,0.545566,AUT,0.0,0.022296,0.070207,0.006719,proton,pi+,solid
332,11.0,0.436771,0.599461,0.521982,5.384426,0.233954,AUT,0.0,0.018115,0.070207,0.006696,proton,pi+,solid
333,11.0,0.522055,0.517604,0.523514,5.573760,0.240792,AUT,0.0,0.036578,0.070207,0.006439,proton,pi+,solid
334,11.0,0.441869,0.596999,0.521898,5.413907,0.541866,AUT,0.0,0.028058,0.070207,0.006679,proton,pi+,solid
335,11.0,0.468747,0.560726,0.570113,5.408134,0.311455,AUT,0.0,0.020547,0.070207,0.006567,proton,pi+,solid
336,11.0,0.492608,0.625178,0.323927,6.346034,0.224602,AUT,0.0,0.017270,0.070207,0.006654,proton,pi+,solid
337,11.0,0.568559,0.578517,0.323938,6.787853,0.217968,AUT,0.0,0.019226,0.070207,0.006426,proton,pi+,solid
338,11.0,0.521188,0.613047,0.324567,6.571085,0.522655,AUT,0.0,0.021028,0.070207,0.006566,proton,pi+,solid
339,11.0,0.504419,0.615528,0.373842,6.393167,0.227629,AUT,0.0,0.017993,0.070207,0.006583,proton,pi+,solid
340,11.0,0.581974,0.572872,0.373806,6.883376,0.222961,AUT,0.0,0.027999,0.070207,0.006349,proton,pi+,solid
341,11.0,0.519987,0.613816,0.374540,6.563521,0.526297,AUT,0.0,0.029539,0.070207,0.006534,proton,pi+,solid
342,11.0,0.523126,0.603080,0.423744,6.488358,0.230310,AUT,0.0,0.018005,0.070207,0.006493,proton,pi+,solid
343,11.0,0.615089,0.584128,0.423746,7.417505,0.224586,AUT,0.0,0.081264,0.070207,0.006213,proton,pi+,solid
344,11.0,0.519392,0.613184,0.424189,6.549231,0.529001,AUT,0.0,0.039684,0.070207,0.006503,proton,pi+,solid
345,11.0,0.522517,0.604526,0.473849,6.496094,0.297795,AUT,0.0,0.018484,0.070207,0.006462,proton,pi+,solid
346,11.0,0.617201,0.586067,0.473326,7.467487,0.264240,AUT,0.0,0.099252,0.070207,0.006173,proton,pi+,solid
347,11.0,0.526405,0.600053,0.521902,6.501062,0.315273,AUT,0.0,0.021877,0.070207,0.006418,proton,pi+,solid
348,11.0,0.539177,0.577573,0.567808,6.421617,0.275896,AUT,0.0,0.037391,0.070207,0.006347,proton,pi+,solid
349,8.8,0.121699,0.593057,0.324339,1.181159,0.133486,AUT,0.0,0.010017,0.070207,0.011444,proton,pi+,solid
350,8.8,0.176715,0.531027,0.326441,1.545614,0.130078,AUT,0.0,0.007644,0.070207,0.010994,proton,pi+,solid
351,8.8,0.236125,0.479646,0.331201,1.867629,0.127338,AUT,0.0,0.018198,0.070207,0.010580,proton,pi+,solid
352,8.8,0.098965,0.704648,0.323709,1.143908,0.307248,AUT,0.0,0.006706,0.070207,0.011642,proton,pi+,solid
353,8.8,0.125666,0.618176,0.324215,1.281056,0.300101,AUT,0.0,0.005618,0.070207,0.011412,proton,pi+,solid
354,8.8,0.152485,0.579435,0.325183,1.457629,0.297075,AUT,0.0,0.005033,0.070207,0.011185,proton,pi+,solid
355,8.8,0.195734,0.529971,0.326929,1.704055,0.290794,AUT,0.0,0.004609,0.070207,0.010852,proton,pi+,solid
356,8.8,0.099920,0.726028,0.324697,1.188417,0.486045,AUT,0.0,0.006330,0.070207,0.011634,proton,pi+,solid
357,8.8,0.138010,0.620170,0.325245,1.408745,0.484425,AUT,0.0,0.005950,0.070207,0.011305,proton,pi+,solid
358,8.8,0.189854,0.539859,0.327073,1.682041,0.484101,AUT,0.0,0.009577,0.070207,0.010895,proton,pi+,solid
359,8.8,0.135664,0.634881,0.328172,1.369847,0.659499,AUT,0.0,0.011795,0.070207,0.011325,proton,pi+,solid
360,8.8,0.130913,0.559937,0.374086,1.197113,0.130922,AUT,0.0,0.010087,0.070207,0.011331,proton,pi+,solid
361,8.8,0.188480,0.490143,0.375349,1.521613,0.127783,AUT,0.0,0.007632,0.070207,0.010869,proton,pi+,solid
362,8.8,0.250750,0.437366,0.377632,1.806674,0.126320,AUT,0.0,0.012726,0.070207,0.010463,proton,pi+,solid
363,8.8,0.105642,0.669698,0.373828,1.158707,0.306321,AUT,0.0,0.006503,0.070207,0.011554,proton,pi+,solid
364,8.8,0.138627,0.577719,0.374148,1.319886,0.297044,AUT,0.0,0.005711,0.070207,0.011266,proton,pi+,solid
365,8.8,0.172746,0.528698,0.374768,1.505829,0.292199,AUT,0.0,0.005049,0.070207,0.010985,proton,pi+,solid
366,8.8,0.224196,0.467561,0.376359,1.720645,0.286582,AUT,0.0,0.005776,0.070207,0.010625,proton,pi+,solid
367,8.8,0.103869,0.708872,0.374175,1.204710,0.491816,AUT,0.0,0.005672,0.070207,0.011570,proton,pi+,solid
368,8.8,0.148892,0.585098,0.374573,1.430396,0.489357,AUT,0.0,0.005340,0.070207,0.011178,proton,pi+,solid
369,8.8,0.210921,0.484193,0.376005,1.672685,0.489320,AUT,0.0,0.009361,0.070207,0.010713,proton,pi+,solid
370,8.8,0.141738,0.615723,0.376528,1.373970,0.676367,AUT,0.0,0.008852,0.070207,0.011244,proton,pi+,solid
371,8.8,0.137907,0.539113,0.423915,1.212497,0.129880,AUT,0.0,0.010219,0.070207,0.011245,proton,pi+,solid
372,8.8,0.204413,0.456925,0.424639,1.534696,0.126473,AUT,0.0,0.007580,0.070207,0.010727,proton,pi+,solid
373,8.8,0.275127,0.404127,0.423931,1.834919,0.126252,AUT,0.0,0.020032,0.070207,0.010301,proton,pi+,solid
374,8.8,0.112717,0.636982,0.423792,1.174376,0.304770,AUT,0.0,0.006856,0.070207,0.011467,proton,pi+,solid
375,8.8,0.153221,0.541687,0.424166,1.366878,0.294813,AUT,0.0,0.005927,0.070207,0.011114,proton,pi+,solid
376,8.8,0.200007,0.476655,0.424743,1.567616,0.288870,AUT,0.0,0.005411,0.070207,0.010754,proton,pi+,solid
377,8.8,0.259813,0.414347,0.424573,1.774894,0.287889,AUT,0.0,0.010833,0.070207,0.010383,proton,pi+,solid
378,8.8,0.108317,0.688878,0.424063,1.218980,0.495144,AUT,0.0,0.005312,0.070207,0.011507,proton,pi+,solid
379,8.8,0.164933,0.546255,0.424319,1.472796,0.491331,AUT,0.0,0.005149,0.070207,0.011019,proton,pi+,solid
380,8.8,0.237961,0.433051,0.424524,1.694922,0.489570,AUT,0.0,0.012360,0.070207,0.010510,proton,pi+,solid
381,8.8,0.136234,0.623064,0.425400,1.346855,0.695821,AUT,0.0,0.007305,0.070207,0.011261,proton,pi+,solid
382,8.8,0.237449,0.453375,0.424314,1.774375,0.666070,AUT,0.0,0.037691,0.070207,0.010509,proton,pi+,solid
383,8.8,0.148009,0.517828,0.473956,1.246975,0.128835,AUT,0.0,0.009580,0.070207,0.011136,proton,pi+,solid
384,8.8,0.221494,0.438593,0.473966,1.596133,0.126701,AUT,0.0,0.009032,0.070207,0.010586,proton,pi+,solid
385,8.8,0.119276,0.610294,0.473892,1.189465,0.304322,AUT,0.0,0.007466,0.070207,0.011387,proton,pi+,solid
386,8.8,0.168234,0.510125,0.474224,1.411969,0.293879,AUT,0.0,0.006085,0.070207,0.010966,proton,pi+,solid
387,8.8,0.227368,0.441177,0.474249,1.647167,0.289801,AUT,0.0,0.006997,0.070207,0.010547,proton,pi+,solid
388,8.8,0.116714,0.657588,0.473982,1.249773,0.495258,AUT,0.0,0.005130,0.070207,0.011410,proton,pi+,solid
389,8.8,0.191346,0.499495,0.474161,1.552782,0.488624,AUT,0.0,0.005974,0.070207,0.010796,proton,pi+,solid
390,8.8,0.131145,0.634489,0.474783,1.330342,0.713817,AUT,0.0,0.006459,0.070207,0.011281,proton,pi+,solid
391,8.8,0.219327,0.479974,0.473623,1.733548,0.683843,AUT,0.0,0.024427,0.070207,0.010592,proton,pi+,solid
392,8.8,0.159407,0.499926,0.523938,1.294197,0.128609,AUT,0.0,0.009029,0.070207,0.011017,proton,pi+,solid
393,8.8,0.238065,0.425677,0.523983,1.668626,0.127813,AUT,0.0,0.012822,0.070207,0.010449,proton,pi+,solid
394,8.8,0.128440,0.581696,0.523902,1.218223,0.303086,AUT,0.0,0.007446,0.070207,0.011282,proton,pi+,solid
395,8.8,0.193250,0.473874,0.524231,1.502947,0.292637,AUT,0.0,0.006238,0.070207,0.010748,proton,pi+,solid
396,8.8,0.262441,0.410992,0.524218,1.778987,0.291963,AUT,0.0,0.016265,0.070207,0.010306,proton,pi+,solid
397,8.8,0.128114,0.619013,0.523976,1.286905,0.493239,AUT,0.0,0.005537,0.070207,0.011284,proton,pi+,solid
398,8.8,0.206330,0.479620,0.524031,1.619384,0.482723,AUT,0.0,0.010000,0.070207,0.010655,proton,pi+,solid
399,8.8,0.136413,0.621873,0.524170,1.358817,0.728884,AUT,0.0,0.005886,0.070207,0.011212,proton,pi+,solid
400,8.8,0.177074,0.480502,0.573929,1.373437,0.129101,AUT,0.0,0.008347,0.070207,0.010852,proton,pi+,solid
401,8.8,0.290773,0.396645,0.573492,1.904219,0.128100,AUT,0.0,0.055647,0.070207,0.010120,proton,pi+,solid
402,8.8,0.137438,0.556373,0.573891,1.244491,0.301571,AUT,0.0,0.007704,0.070207,0.011174,proton,pi+,solid
403,8.8,0.211206,0.454981,0.573710,1.575926,0.291106,AUT,0.0,0.007646,0.070207,0.010590,proton,pi+,solid
404,8.8,0.142927,0.580886,0.573797,1.342357,0.490655,AUT,0.0,0.006518,0.070207,0.011125,proton,pi+,solid
405,8.8,0.231116,0.458640,0.572779,1.746342,0.474896,AUT,0.0,0.025979,0.070207,0.010451,proton,pi+,solid
406,8.8,0.136291,0.613029,0.573373,1.354811,0.736869,AUT,0.0,0.006240,0.070207,0.011183,proton,pi+,solid
407,8.8,0.136325,0.541707,0.623747,1.206472,0.245429,AUT,0.0,0.008417,0.070207,0.011151,proton,pi+,solid
408,8.8,0.201745,0.465697,0.622899,1.543935,0.222600,AUT,0.0,0.007126,0.070207,0.010616,proton,pi+,solid
409,8.8,0.141855,0.577108,0.623208,1.335824,0.550683,AUT,0.0,0.006766,0.070207,0.011099,proton,pi+,solid
410,8.8,0.218964,0.495528,0.621677,1.788024,0.495303,AUT,0.0,0.038143,0.070207,0.010484,proton,pi+,solid
411,8.8,0.151221,0.520360,0.672860,1.287800,0.237669,AUT,0.0,0.007948,0.070207,0.010980,proton,pi+,solid
412,8.8,0.217118,0.483328,0.670694,1.729719,0.215217,AUT,0.0,0.014699,0.070207,0.010455,proton,pi+,solid
413,8.8,0.145089,0.567020,0.671486,1.349301,0.544594,AUT,0.0,0.009635,0.070207,0.011033,proton,pi+,solid
414,8.8,0.225949,0.594498,0.323937,2.197978,0.250881,AUT,0.0,0.005808,0.070207,0.010645,proton,pi+,solid
415,8.8,0.289056,0.526716,0.326441,2.511249,0.220660,AUT,0.0,0.006159,0.070207,0.010295,proton,pi+,solid
416,8.8,0.351923,0.483780,0.330311,2.808324,0.220813,AUT,0.0,0.014331,0.070207,0.010008,proton,pi+,solid
417,8.8,0.249280,0.590876,0.326037,2.368204,0.515385,AUT,0.0,0.008537,0.070207,0.010520,proton,pi+,solid
418,8.8,0.237576,0.571360,0.373890,2.223177,0.241771,AUT,0.0,0.006114,0.070207,0.010535,proton,pi+,solid
419,8.8,0.305687,0.492482,0.374679,2.480329,0.215759,AUT,0.0,0.006690,0.070207,0.010177,proton,pi+,solid
420,8.8,0.368752,0.457906,0.374208,2.787701,0.220065,AUT,0.0,0.018508,0.070207,0.009902,proton,pi+,solid
421,8.8,0.255430,0.575821,0.374721,2.357618,0.533188,AUT,0.0,0.007341,0.070207,0.010447,proton,pi+,solid
422,8.8,0.247996,0.554620,0.423892,2.253216,0.235683,AUT,0.0,0.006638,0.070207,0.010441,proton,pi+,solid
423,8.8,0.320826,0.478846,0.424041,2.531303,0.219233,AUT,0.0,0.008370,0.070207,0.010073,proton,pi+,solid
424,8.8,0.254751,0.574454,0.424404,2.349731,0.547744,AUT,0.0,0.006765,0.070207,0.010415,proton,pi+,solid
425,8.8,0.261581,0.537294,0.473934,2.299636,0.232450,AUT,0.0,0.006924,0.070207,0.010334,proton,pi+,solid
426,8.8,0.336808,0.467796,0.473960,2.599575,0.224404,AUT,0.0,0.012565,0.070207,0.009967,proton,pi+,solid
427,8.8,0.253453,0.576023,0.474333,2.348320,0.559053,AUT,0.0,0.007179,0.070207,0.010388,proton,pi+,solid
428,8.8,0.277506,0.521119,0.523931,2.359462,0.232876,AUT,0.0,0.007082,0.070207,0.010218,proton,pi+,solid
429,8.8,0.377109,0.455548,0.523773,2.836525,0.237665,AUT,0.0,0.038939,0.070207,0.009755,proton,pi+,solid
430,8.8,0.252197,0.575212,0.524003,2.344538,0.562383,AUT,0.0,0.008572,0.070207,0.010358,proton,pi+,solid
431,8.8,0.267955,0.535473,0.573723,2.341819,0.303986,AUT,0.0,0.007220,0.070207,0.010228,proton,pi+,solid
432,8.8,0.357277,0.467050,0.571943,2.754359,0.244470,AUT,0.0,0.025885,0.070207,0.009799,proton,pi+,solid
433,8.8,0.264024,0.546753,0.622787,2.359795,0.333804,AUT,0.0,0.007989,0.070207,0.010204,proton,pi+,solid
434,8.8,0.257388,0.556277,0.671584,2.354457,0.301926,AUT,0.0,0.011242,0.070207,0.010191,proton,pi+,solid
435,8.8,0.367599,0.552200,0.324738,3.343173,0.211113,AUT,0.0,0.010501,0.070207,0.009943,proton,pi+,solid
436,8.8,0.435261,0.518272,0.325098,3.724232,0.208067,AUT,0.0,0.024087,0.070207,0.009664,proton,pi+,solid
437,8.8,0.374428,0.548318,0.324688,3.376935,0.528182,AUT,0.0,0.019110,0.070207,0.009914,proton,pi+,solid
438,8.8,0.366059,0.551064,0.374155,3.321677,0.266262,AUT,0.0,0.010397,0.070207,0.009906,proton,pi+,solid
439,8.8,0.431055,0.517080,0.374105,3.679950,0.262877,AUT,0.0,0.020667,0.070207,0.009636,proton,pi+,solid
440,8.8,0.377431,0.545176,0.424129,3.385099,0.271339,AUT,0.0,0.010892,0.070207,0.009819,proton,pi+,solid
441,8.8,0.461957,0.510609,0.423997,3.895166,0.260478,AUT,0.0,0.088003,0.070207,0.009466,proton,pi+,solid
442,8.8,0.376852,0.546479,0.474010,3.387680,0.299393,AUT,0.0,0.011687,0.070207,0.009783,proton,pi+,solid
443,8.8,0.375798,0.547936,0.523778,3.387856,0.298234,AUT,0.0,0.013565,0.070207,0.009748,proton,pi+,solid
444,8.8,0.371965,0.552259,0.573240,3.381508,0.288111,AUT,0.0,0.016571,0.070207,0.009720,proton,pi+,solid
445,8.8,0.362875,0.562363,0.622353,3.363655,0.269272,AUT,0.0,0.021860,0.070207,0.009712,proton,pi+,solid
446,8.8,0.462019,0.566627,0.324181,4.319309,0.262563,AUT,0.0,0.015585,0.070207,0.009548,proton,pi+,solid
447,8.8,0.461964,0.566357,0.374132,4.316740,0.270081,AUT,0.0,0.018937,0.070207,0.009501,proton,pi+,solid
448,8.8,0.461506,0.566672,0.423929,4.314738,0.278005,AUT,0.0,0.023279,0.070207,0.009461,proton,pi+,solid
449,8.8,0.460753,0.566814,0.473754,4.308627,0.279372,AUT,0.0,0.027152,0.070207,0.009423,proton,pi+,solid
450,8.8,0.459279,0.567587,0.523521,4.300841,0.270816,AUT,0.0,0.032754,0.070207,0.009386,proton,pi+,solid
