i,Ebeam,x,y,z,Q2,pT,obs,value,stat,systrel,systabs,target,hadron,Experiment
0,11.0,0.093177,0.618772,0.321988,1.187066,0.161879,AUT,0.0,0.002412,0.070207,0.000988,neutron,pi-,solid
1,11.0,0.113500,0.584732,0.322759,1.369287,0.149765,AUT,0.0,0.001954,0.070207,0.000990,neutron,pi-,solid
2,11.0,0.128034,0.563495,0.323335,1.488782,0.142946,AUT,0.0,0.001886,0.070207,0.000994,neutron,pi-,solid
3,11.0,0.141058,0.543871,0.324499,1.583173,0.136955,AUT,0.0,0.001918,0.070207,0.000999,neutron,pi-,solid
4,11.0,0.155165,0.523241,0.325651,1.675315,0.131287,AUT,0.0,0.001977,0.070207,0.001006,neutron,pi-,solid
5,11.0,0.175389,0.496559,0.327023,1.795973,0.124202,AUT,0.0,0.002069,0.070207,0.001018,neutron,pi-,solid
6,11.0,0.201259,0.459862,0.333637,1.908778,0.115229,AUT,0.0,0.004973,0.070207,0.001033,neutron,pi-,solid
7,11.0,0.066192,0.787083,0.321488,1.073302,0.336675,AUT,0.0,0.002100,0.070207,0.000989,neutron,pi-,solid
8,11.0,0.074545,0.730273,0.322308,1.123304,0.321881,AUT,0.0,0.001866,0.070207,0.000989,neutron,pi-,solid
9,11.0,0.080072,0.700682,0.322668,1.157920,0.316703,AUT,0.0,0.001893,0.070207,0.000989,neutron,pi-,solid
10,11.0,0.084617,0.681266,0.322833,1.189843,0.313135,AUT,0.0,0.001858,0.070207,0.000989,neutron,pi-,solid
11,11.0,0.088906,0.671889,0.322947,1.232985,0.311060,AUT,0.0,0.001880,0.070207,0.000989,neutron,pi-,solid
12,11.0,0.093156,0.663331,0.323048,1.275467,0.308946,AUT,0.0,0.001855,0.070207,0.000989,neutron,pi-,solid
13,11.0,0.097346,0.655763,0.323177,1.317643,0.307088,AUT,0.0,0.001920,0.070207,0.000989,neutron,pi-,solid
14,11.0,0.101593,0.648174,0.323215,1.359220,0.305234,AUT,0.0,0.001876,0.070207,0.000990,neutron,pi-,solid
15,11.0,0.105990,0.640920,0.323362,1.402182,0.303301,AUT,0.0,0.001923,0.070207,0.000990,neutron,pi-,solid
16,11.0,0.110437,0.633619,0.323356,1.444356,0.301817,AUT,0.0,0.001957,0.070207,0.000991,neutron,pi-,solid
17,11.0,0.114985,0.626478,0.323470,1.486914,0.300400,AUT,0.0,0.002013,0.070207,0.000992,neutron,pi-,solid
18,11.0,0.119778,0.619638,0.323544,1.531971,0.299117,AUT,0.0,0.002005,0.070207,0.000993,neutron,pi-,solid
19,11.0,0.124772,0.612096,0.323661,1.576414,0.297931,AUT,0.0,0.002102,0.070207,0.000995,neutron,pi-,solid
20,11.0,0.130050,0.601281,0.323937,1.613996,0.296365,AUT,0.0,0.002158,0.070207,0.000996,neutron,pi-,solid
21,11.0,0.135913,0.585930,0.324236,1.643673,0.294277,AUT,0.0,0.002353,0.070207,0.000998,neutron,pi-,solid
22,11.0,0.142710,0.568997,0.324691,1.675918,0.292003,AUT,0.0,0.002596,0.070207,0.001001,neutron,pi-,solid
23,11.0,0.151608,0.547902,0.325263,1.714197,0.289287,AUT,0.0,0.003040,0.070207,0.001005,neutron,pi-,solid
24,11.0,0.164984,0.520087,0.326121,1.770241,0.288102,AUT,0.0,0.004775,0.070207,0.001012,neutron,pi-,solid
25,11.0,0.187547,0.481257,0.329444,1.859753,0.289960,AUT,0.0,0.012173,0.070207,0.001026,neutron,pi-,solid
26,11.0,0.062034,0.825629,0.322842,1.056090,0.500841,AUT,0.0,0.001938,0.070207,0.000989,neutron,pi-,solid
27,11.0,0.068702,0.780060,0.323302,1.105936,0.495502,AUT,0.0,0.001966,0.070207,0.000990,neutron,pi-,solid
28,11.0,0.073735,0.752835,0.323613,1.145656,0.492286,AUT,0.0,0.001969,0.070207,0.000990,neutron,pi-,solid
29,11.0,0.078453,0.731983,0.323761,1.185240,0.490233,AUT,0.0,0.001992,0.070207,0.000989,neutron,pi-,solid
30,11.0,0.082996,0.714054,0.323908,1.223205,0.488850,AUT,0.0,0.002091,0.070207,0.000989,neutron,pi-,solid
31,11.0,0.087575,0.702670,0.323951,1.270164,0.488540,AUT,0.0,0.002081,0.070207,0.000989,neutron,pi-,solid
32,11.0,0.092472,0.692213,0.323971,1.321198,0.487905,AUT,0.0,0.002142,0.070207,0.000989,neutron,pi-,solid
33,11.0,0.097708,0.681084,0.324010,1.373565,0.487527,AUT,0.0,0.002154,0.070207,0.000990,neutron,pi-,solid
34,11.0,0.103503,0.669646,0.324040,1.430579,0.487096,AUT,0.0,0.002175,0.070207,0.000990,neutron,pi-,solid
35,11.0,0.109884,0.656592,0.324132,1.489127,0.486824,AUT,0.0,0.002227,0.070207,0.000991,neutron,pi-,solid
36,11.0,0.116976,0.642348,0.324026,1.550820,0.486644,AUT,0.0,0.002259,0.070207,0.000993,neutron,pi-,solid
37,11.0,0.124839,0.625538,0.324098,1.611681,0.486928,AUT,0.0,0.002323,0.070207,0.000995,neutron,pi-,solid
38,11.0,0.134387,0.593573,0.324418,1.645780,0.488171,AUT,0.0,0.002300,0.070207,0.000998,neutron,pi-,solid
39,11.0,0.148640,0.550655,0.325173,1.688091,0.490230,AUT,0.0,0.002255,0.070207,0.001004,neutron,pi-,solid
40,11.0,0.175402,0.499439,0.327555,1.802639,0.492028,AUT,0.0,0.002733,0.070207,0.001018,neutron,pi-,solid
41,11.0,0.067204,0.800196,0.325996,1.106662,0.668193,AUT,0.0,0.001895,0.070207,0.000989,neutron,pi-,solid
42,11.0,0.084135,0.725566,0.326303,1.258536,0.666206,AUT,0.0,0.001912,0.070207,0.000989,neutron,pi-,solid
43,11.0,0.103878,0.678749,0.326365,1.453555,0.665030,AUT,0.0,0.002048,0.070207,0.000991,neutron,pi-,solid
44,11.0,0.134480,0.606261,0.326969,1.672856,0.661920,AUT,0.0,0.002856,0.070207,0.000999,neutron,pi-,solid
45,11.0,0.179530,0.495676,0.330496,1.831330,0.654209,AUT,0.0,0.021810,0.070207,0.001020,neutron,pi-,solid
46,11.0,0.104014,0.589873,0.372457,1.262401,0.155849,AUT,0.0,0.002142,0.070207,0.000980,neutron,pi-,solid
47,11.0,0.130677,0.550311,0.373094,1.483289,0.141112,AUT,0.0,0.001870,0.070207,0.000984,neutron,pi-,solid
48,11.0,0.149561,0.516217,0.373366,1.592553,0.131967,AUT,0.0,0.001922,0.070207,0.000991,neutron,pi-,solid
49,11.0,0.168802,0.479836,0.373916,1.670654,0.124038,AUT,0.0,0.002015,0.070207,0.001000,neutron,pi-,solid
50,11.0,0.195158,0.442144,0.375819,1.778403,0.117237,AUT,0.0,0.002194,0.070207,0.001015,neutron,pi-,solid
51,11.0,0.228670,0.403623,0.381420,1.903505,0.114922,AUT,0.0,0.005336,0.070207,0.001035,neutron,pi-,solid
52,11.0,0.072011,0.741112,0.371938,1.098266,0.334668,AUT,0.0,0.002081,0.070207,0.000984,neutron,pi-,solid
53,11.0,0.082748,0.680025,0.372687,1.161071,0.319339,AUT,0.0,0.001890,0.070207,0.000982,neutron,pi-,solid
54,11.0,0.089931,0.660391,0.372898,1.225756,0.315319,AUT,0.0,0.001871,0.070207,0.000982,neutron,pi-,solid
55,11.0,0.096562,0.647429,0.373102,1.290351,0.312033,AUT,0.0,0.001865,0.070207,0.000981,neutron,pi-,solid
56,11.0,0.102843,0.636575,0.373243,1.351275,0.309394,AUT,0.0,0.001923,0.070207,0.000981,neutron,pi-,solid
57,11.0,0.109239,0.626164,0.373345,1.411814,0.306736,AUT,0.0,0.001861,0.070207,0.000982,neutron,pi-,solid
58,11.0,0.115979,0.615739,0.373404,1.473997,0.304041,AUT,0.0,0.001903,0.070207,0.000983,neutron,pi-,solid
59,11.0,0.122774,0.605858,0.373481,1.535318,0.301949,AUT,0.0,0.001979,0.070207,0.000984,neutron,pi-,solid
60,11.0,0.129843,0.591834,0.373628,1.586016,0.299396,AUT,0.0,0.002038,0.070207,0.000986,neutron,pi-,solid
61,11.0,0.137821,0.571873,0.373700,1.626601,0.296576,AUT,0.0,0.002155,0.070207,0.000988,neutron,pi-,solid
62,11.0,0.147319,0.547559,0.373872,1.664624,0.293566,AUT,0.0,0.002458,0.070207,0.000991,neutron,pi-,solid
63,11.0,0.159650,0.514790,0.374083,1.695561,0.290295,AUT,0.0,0.003274,0.070207,0.000997,neutron,pi-,solid
64,11.0,0.178851,0.471131,0.374903,1.737134,0.289938,AUT,0.0,0.006519,0.070207,0.001006,neutron,pi-,solid
65,11.0,0.210149,0.424612,0.377958,1.837892,0.291465,AUT,0.0,0.009606,0.070207,0.001024,neutron,pi-,solid
66,11.0,0.064618,0.805592,0.372805,1.072577,0.502917,AUT,0.0,0.001886,0.070207,0.000985,neutron,pi-,solid
67,11.0,0.073429,0.748603,0.373295,1.134226,0.497655,AUT,0.0,0.001940,0.070207,0.000984,neutron,pi-,solid
68,11.0,0.079989,0.717660,0.373604,1.184655,0.493611,AUT,0.0,0.001988,0.070207,0.000983,neutron,pi-,solid
69,11.0,0.086215,0.697380,0.373806,1.240966,0.491440,AUT,0.0,0.002066,0.070207,0.000983,neutron,pi-,solid
70,11.0,0.092761,0.684930,0.373858,1.311324,0.490410,AUT,0.0,0.002125,0.070207,0.000982,neutron,pi-,solid
71,11.0,0.099788,0.672137,0.373925,1.384324,0.489282,AUT,0.0,0.002244,0.070207,0.000982,neutron,pi-,solid
72,11.0,0.107469,0.658858,0.373957,1.461385,0.488327,AUT,0.0,0.002367,0.070207,0.000983,neutron,pi-,solid
73,11.0,0.116088,0.643427,0.374029,1.541596,0.487587,AUT,0.0,0.002523,0.070207,0.000984,neutron,pi-,solid
74,11.0,0.126229,0.622490,0.374046,1.621364,0.486837,AUT,0.0,0.002705,0.070207,0.000986,neutron,pi-,solid
75,11.0,0.139560,0.574705,0.374057,1.653953,0.487059,AUT,0.0,0.003340,0.070207,0.000989,neutron,pi-,solid
76,11.0,0.161795,0.505547,0.374072,1.684359,0.489865,AUT,0.0,0.003108,0.070207,0.000997,neutron,pi-,solid
77,11.0,0.199012,0.438176,0.376601,1.793757,0.491447,AUT,0.0,0.004539,0.070207,0.001017,neutron,pi-,solid
78,11.0,0.066598,0.800532,0.374735,1.097612,0.678757,AUT,0.0,0.001932,0.070207,0.000984,neutron,pi-,solid
79,11.0,0.081101,0.730426,0.375053,1.221490,0.675804,AUT,0.0,0.001935,0.070207,0.000983,neutron,pi-,solid
80,11.0,0.096694,0.686241,0.375073,1.368409,0.675916,AUT,0.0,0.001875,0.070207,0.000982,neutron,pi-,solid
81,11.0,0.117922,0.638157,0.375005,1.550874,0.676631,AUT,0.0,0.001892,0.070207,0.000984,neutron,pi-,solid
82,11.0,0.156369,0.527857,0.375400,1.686005,0.674057,AUT,0.0,0.002784,0.070207,0.000996,neutron,pi-,solid
83,11.0,0.215631,0.417996,0.379871,1.857149,0.670001,AUT,0.0,0.030962,0.070207,0.001027,neutron,pi-,solid
84,11.0,0.096570,0.718800,0.378362,1.389998,0.858127,AUT,0.0,0.002940,0.070207,0.000985,neutron,pi-,solid
85,11.0,0.114532,0.566866,0.422810,1.334701,0.150114,AUT,0.0,0.001999,0.070207,0.000974,neutron,pi-,solid
86,11.0,0.147748,0.516133,0.423342,1.571705,0.133044,AUT,0.0,0.001879,0.070207,0.000981,neutron,pi-,solid
87,11.0,0.175777,0.463978,0.423611,1.680702,0.123407,AUT,0.0,0.001996,0.070207,0.000992,neutron,pi-,solid
88,11.0,0.216635,0.401436,0.425036,1.786225,0.119308,AUT,0.0,0.002076,0.070207,0.001013,neutron,pi-,solid
89,11.0,0.077671,0.699692,0.422260,1.117748,0.331941,AUT,0.0,0.002146,0.070207,0.000978,neutron,pi-,solid
90,11.0,0.091235,0.650085,0.422954,1.223894,0.318267,AUT,0.0,0.001902,0.070207,0.000976,neutron,pi-,solid
91,11.0,0.101786,0.630444,0.423138,1.324284,0.313797,AUT,0.0,0.001834,0.070207,0.000975,neutron,pi-,solid
92,11.0,0.111802,0.613849,0.423317,1.416375,0.309473,AUT,0.0,0.001853,0.070207,0.000975,neutron,pi-,solid
93,11.0,0.121625,0.599332,0.423427,1.504427,0.305710,AUT,0.0,0.001885,0.070207,0.000976,neutron,pi-,solid
94,11.0,0.131929,0.579547,0.423634,1.577785,0.301790,AUT,0.0,0.001940,0.070207,0.000977,neutron,pi-,solid
95,11.0,0.143743,0.551767,0.423753,1.636498,0.297648,AUT,0.0,0.002127,0.070207,0.000980,neutron,pi-,solid
96,11.0,0.159007,0.514703,0.423925,1.687963,0.292701,AUT,0.0,0.002678,0.070207,0.000986,neutron,pi-,solid
97,11.0,0.183581,0.457263,0.424035,1.728611,0.290564,AUT,0.0,0.005588,0.070207,0.000996,neutron,pi-,solid
98,11.0,0.226273,0.388745,0.426201,1.808510,0.291267,AUT,0.0,0.005519,0.070207,0.001018,neutron,pi-,solid
99,11.0,0.067596,0.783401,0.423052,1.090055,0.504583,AUT,0.0,0.001866,0.070207,0.000981,neutron,pi-,solid
100,11.0,0.078691,0.717522,0.423505,1.164837,0.498369,AUT,0.0,0.001910,0.070207,0.000979,neutron,pi-,solid
101,11.0,0.087119,0.687794,0.423772,1.236625,0.494222,AUT,0.0,0.001971,0.070207,0.000977,neutron,pi-,solid
102,11.0,0.095584,0.671952,0.423859,1.325564,0.492091,AUT,0.0,0.002065,0.070207,0.000976,neutron,pi-,solid
103,11.0,0.104796,0.657375,0.423965,1.421774,0.490711,AUT,0.0,0.002179,0.070207,0.000976,neutron,pi-,solid
104,11.0,0.115452,0.640347,0.423992,1.525701,0.489459,AUT,0.0,0.002318,0.070207,0.000976,neutron,pi-,solid
105,11.0,0.127991,0.615694,0.424124,1.625728,0.487893,AUT,0.0,0.002678,0.070207,0.000978,neutron,pi-,solid
106,11.0,0.145655,0.556352,0.424255,1.669567,0.486460,AUT,0.0,0.004336,0.070207,0.000981,neutron,pi-,solid
107,11.0,0.184448,0.455618,0.424182,1.720980,0.489164,AUT,0.0,0.004157,0.070207,0.000997,neutron,pi-,solid
108,11.0,0.242752,0.370459,0.428046,1.853100,0.490089,AUT,0.0,0.015091,0.070207,0.001027,neutron,pi-,solid
109,11.0,0.068332,0.787235,0.424079,1.106788,0.688202,AUT,0.0,0.001938,0.070207,0.000980,neutron,pi-,solid
110,11.0,0.084319,0.715754,0.424511,1.244496,0.683994,AUT,0.0,0.002040,0.070207,0.000978,neutron,pi-,solid
111,11.0,0.102028,0.671949,0.424534,1.413551,0.683474,AUT,0.0,0.002054,0.070207,0.000976,neutron,pi-,solid
112,11.0,0.127928,0.607030,0.424402,1.596833,0.684358,AUT,0.0,0.002014,0.070207,0.000977,neutron,pi-,solid
113,11.0,0.182450,0.463105,0.424594,1.715252,0.683888,AUT,0.0,0.003271,0.070207,0.000996,neutron,pi-,solid
114,11.0,0.095429,0.706163,0.426416,1.355316,0.867781,AUT,0.0,0.001946,0.070207,0.000978,neutron,pi-,solid
115,11.0,0.176608,0.490349,0.428142,1.772271,0.853010,AUT,0.0,0.030151,0.070207,0.000994,neutron,pi-,solid
116,11.0,0.126837,0.544089,0.473087,1.416424,0.143751,AUT,0.0,0.001876,0.070207,0.000968,neutron,pi-,solid
117,11.0,0.171076,0.470964,0.473512,1.657873,0.126114,AUT,0.0,0.001922,0.070207,0.000979,neutron,pi-,solid
118,11.0,0.223764,0.388933,0.473940,1.781306,0.124058,AUT,0.0,0.002147,0.070207,0.001003,neutron,pi-,solid
119,11.0,0.083872,0.666811,0.472699,1.150253,0.328551,AUT,0.0,0.002131,0.070207,0.000973,neutron,pi-,solid
120,11.0,0.102018,0.624213,0.473153,1.313797,0.316439,AUT,0.0,0.001881,0.070207,0.000969,neutron,pi-,solid
121,11.0,0.116886,0.599881,0.473368,1.446815,0.310694,AUT,0.0,0.001844,0.070207,0.000968,neutron,pi-,solid
122,11.0,0.131406,0.574067,0.473568,1.556323,0.304753,AUT,0.0,0.001894,0.070207,0.000969,neutron,pi-,solid
123,11.0,0.147909,0.537441,0.473745,1.639495,0.298744,AUT,0.0,0.002084,0.070207,0.000972,neutron,pi-,solid
124,11.0,0.172262,0.482194,0.473950,1.710493,0.292229,AUT,0.0,0.003166,0.070207,0.000980,neutron,pi-,solid
125,11.0,0.227029,0.384903,0.474587,1.784104,0.290820,AUT,0.0,0.003259,0.070207,0.001005,neutron,pi-,solid
126,11.0,0.071543,0.755323,0.473080,1.111080,0.506971,AUT,0.0,0.001846,0.070207,0.000976,neutron,pi-,solid
127,11.0,0.085565,0.685512,0.473631,1.210134,0.498623,AUT,0.0,0.001872,0.070207,0.000973,neutron,pi-,solid
128,11.0,0.097119,0.661660,0.473802,1.326037,0.495009,AUT,0.0,0.001945,0.070207,0.000970,neutron,pi-,solid
129,11.0,0.109613,0.642296,0.473933,1.452812,0.492555,AUT,0.0,0.002067,0.070207,0.000969,neutron,pi-,solid
130,11.0,0.124430,0.618834,0.474051,1.588531,0.490594,AUT,0.0,0.002282,0.070207,0.000969,neutron,pi-,solid
131,11.0,0.145731,0.556780,0.474253,1.670255,0.487631,AUT,0.0,0.003590,0.070207,0.000972,neutron,pi-,solid
132,11.0,0.201829,0.427290,0.474274,1.747092,0.488976,AUT,0.0,0.004464,0.070207,0.000993,neutron,pi-,solid
133,11.0,0.070655,0.770778,0.473861,1.119511,0.692110,AUT,0.0,0.001986,0.070207,0.000977,neutron,pi-,solid
134,11.0,0.089550,0.697517,0.474284,1.287902,0.687147,AUT,0.0,0.002188,0.070207,0.000972,neutron,pi-,solid
135,11.0,0.112634,0.650080,0.474424,1.508607,0.685640,AUT,0.0,0.002455,0.070207,0.000969,neutron,pi-,solid
136,11.0,0.162442,0.511556,0.474132,1.675935,0.687835,AUT,0.0,0.002228,0.070207,0.000978,neutron,pi-,solid
137,11.0,0.250385,0.361666,0.471943,1.867710,0.657131,AUT,0.0,0.044189,0.070207,0.001018,neutron,pi-,solid
138,11.0,0.086894,0.724084,0.475502,1.278538,0.875361,AUT,0.0,0.001858,0.070207,0.000973,neutron,pi-,solid
139,11.0,0.150877,0.547926,0.475483,1.676032,0.871328,AUT,0.0,0.004173,0.070207,0.000975,neutron,pi-,solid
140,11.0,0.139730,0.520425,0.523290,1.488073,0.137942,AUT,0.0,0.001832,0.070207,0.000961,neutron,pi-,solid
141,11.0,0.208215,0.411448,0.523559,1.744616,0.125900,AUT,0.0,0.001939,0.070207,0.000982,neutron,pi-,solid
142,11.0,0.090950,0.640885,0.522883,1.198673,0.325514,AUT,0.0,0.002073,0.070207,0.000965,neutron,pi-,solid
143,11.0,0.115486,0.596128,0.523350,1.419866,0.313343,AUT,0.0,0.001845,0.070207,0.000960,neutron,pi-,solid
144,11.0,0.136723,0.557814,0.523590,1.572466,0.304918,AUT,0.0,0.001881,0.070207,0.000960,neutron,pi-,solid
145,11.0,0.163398,0.499861,0.523832,1.681658,0.296260,AUT,0.0,0.002348,0.070207,0.000966,neutron,pi-,solid
146,11.0,0.222427,0.392322,0.523963,1.774649,0.291088,AUT,0.0,0.002786,0.070207,0.000988,neutron,pi-,solid
147,11.0,0.076775,0.717057,0.522450,1.131496,0.506535,AUT,0.0,0.001885,0.070207,0.000971,neutron,pi-,solid
148,11.0,0.094184,0.659463,0.523543,1.281327,0.499263,AUT,0.0,0.001862,0.070207,0.000965,neutron,pi-,solid
149,11.0,0.110689,0.633335,0.523869,1.446282,0.494949,AUT,0.0,0.001956,0.070207,0.000961,neutron,pi-,solid
150,11.0,0.130728,0.597869,0.524010,1.610999,0.491880,AUT,0.0,0.002246,0.070207,0.000961,neutron,pi-,solid
151,11.0,0.169141,0.493535,0.524208,1.704386,0.488884,AUT,0.0,0.004933,0.070207,0.000968,neutron,pi-,solid
152,11.0,0.241341,0.363775,0.523609,1.803334,0.484095,AUT,0.0,0.011000,0.070207,0.000996,neutron,pi-,solid
153,11.0,0.076899,0.730214,0.522629,1.153780,0.691654,AUT,0.0,0.001971,0.070207,0.000971,neutron,pi-,solid
154,11.0,0.101739,0.668906,0.524230,1.402578,0.687398,AUT,0.0,0.002322,0.070207,0.000963,neutron,pi-,solid
155,11.0,0.142800,0.566607,0.524333,1.644136,0.686715,AUT,0.0,0.003068,0.070207,0.000963,neutron,pi-,solid
156,11.0,0.214019,0.405085,0.523274,1.783444,0.677968,AUT,0.0,0.012028,0.070207,0.000985,neutron,pi-,solid
157,11.0,0.090799,0.702663,0.523921,1.299587,0.881432,AUT,0.0,0.001953,0.070207,0.000967,neutron,pi-,solid
158,11.0,0.152445,0.537762,0.524493,1.669479,0.878684,AUT,0.0,0.003682,0.070207,0.000964,neutron,pi-,solid
159,11.0,0.100747,0.688096,0.525592,1.395829,1.085210,AUT,0.0,0.003646,0.070207,0.000966,neutron,pi-,solid
160,11.0,0.155116,0.493206,0.573463,1.556364,0.134134,AUT,0.0,0.001820,0.070207,0.000952,neutron,pi-,solid
161,11.0,0.228780,0.381547,0.573495,1.788066,0.127715,AUT,0.0,0.003131,0.070207,0.000972,neutron,pi-,solid
162,11.0,0.099721,0.615143,0.572934,1.260368,0.321530,AUT,0.0,0.001956,0.070207,0.000956,neutron,pi-,solid
163,11.0,0.133430,0.559134,0.573497,1.536965,0.308191,AUT,0.0,0.001829,0.070207,0.000949,neutron,pi-,solid
164,11.0,0.172262,0.479495,0.573869,1.694390,0.295926,AUT,0.0,0.002417,0.070207,0.000954,neutron,pi-,solid
165,11.0,0.239429,0.365900,0.573518,1.795241,0.289967,AUT,0.0,0.003329,0.070207,0.000976,neutron,pi-,solid
166,11.0,0.086263,0.661469,0.572376,1.173073,0.503085,AUT,0.0,0.001809,0.070207,0.000961,neutron,pi-,solid
167,11.0,0.111816,0.617688,0.573300,1.424515,0.496549,AUT,0.0,0.001901,0.070207,0.000952,neutron,pi-,solid
168,11.0,0.140812,0.566549,0.573991,1.640444,0.491619,AUT,0.0,0.002399,0.070207,0.000950,neutron,pi-,solid
169,11.0,0.197092,0.434890,0.573689,1.744334,0.488112,AUT,0.0,0.007164,0.070207,0.000962,neutron,pi-,solid
170,11.0,0.087801,0.671658,0.572621,1.212302,0.690381,AUT,0.0,0.002043,0.070207,0.000961,neutron,pi-,solid
171,11.0,0.129583,0.598334,0.573971,1.585361,0.686861,AUT,0.0,0.002980,0.070207,0.000951,neutron,pi-,solid
172,11.0,0.192026,0.443858,0.573468,1.749687,0.681240,AUT,0.0,0.009410,0.070207,0.000960,neutron,pi-,solid
173,11.0,0.099673,0.657887,0.573333,1.340014,0.938576,AUT,0.0,0.001964,0.070207,0.000957,neutron,pi-,solid
174,11.0,0.157083,0.531442,0.573617,1.712207,0.908405,AUT,0.0,0.004691,0.070207,0.000952,neutron,pi-,solid
175,11.0,0.109690,0.581887,0.622784,1.309865,0.294618,AUT,0.0,0.001850,0.070207,0.000942,neutron,pi-,solid
176,11.0,0.148601,0.519483,0.623506,1.589518,0.255190,AUT,0.0,0.001837,0.070207,0.000935,neutron,pi-,solid
177,11.0,0.193200,0.435582,0.623674,1.725361,0.222747,AUT,0.0,0.002066,0.070207,0.000941,neutron,pi-,solid
178,11.0,0.249748,0.355504,0.621679,1.829505,0.221432,AUT,0.0,0.004328,0.070207,0.000957,neutron,pi-,solid
179,11.0,0.097998,0.614472,0.622412,1.237525,0.501119,AUT,0.0,0.001826,0.070207,0.000947,neutron,pi-,solid
180,11.0,0.139786,0.556753,0.623618,1.598856,0.493183,AUT,0.0,0.002230,0.070207,0.000936,neutron,pi-,solid
181,11.0,0.196591,0.434923,0.623299,1.750998,0.486897,AUT,0.0,0.010800,0.070207,0.000942,neutron,pi-,solid
182,11.0,0.103416,0.619401,0.622731,1.314548,0.689083,AUT,0.0,0.002248,0.070207,0.000946,neutron,pi-,solid
183,11.0,0.160312,0.519211,0.623690,1.698383,0.684261,AUT,0.0,0.007473,0.070207,0.000936,neutron,pi-,solid
184,11.0,0.112202,0.609696,0.622561,1.392674,0.935134,AUT,0.0,0.002655,0.070207,0.000944,neutron,pi-,solid
185,11.0,0.124317,0.547243,0.672748,1.393857,0.278207,AUT,0.0,0.001773,0.070207,0.000924,neutron,pi-,solid
186,11.0,0.184762,0.451617,0.673271,1.705252,0.229719,AUT,0.0,0.001918,0.070207,0.000918,neutron,pi-,solid
187,11.0,0.248573,0.369174,0.666321,1.893369,0.191781,AUT,0.0,0.009853,0.070207,0.000932,neutron,pi-,solid
188,11.0,0.117091,0.569508,0.672551,1.367451,0.498113,AUT,0.0,0.001860,0.070207,0.000927,neutron,pi-,solid
189,11.0,0.174871,0.482739,0.673113,1.728719,0.487718,AUT,0.0,0.006326,0.070207,0.000917,neutron,pi-,solid
190,11.0,0.114360,0.581427,0.672256,1.362963,0.742775,AUT,0.0,0.002871,0.070207,0.000929,neutron,pi-,solid
191,11.0,0.171444,0.505581,0.671622,1.783768,0.701080,AUT,0.0,0.022874,0.070207,0.000917,neutron,pi-,solid
192,11.0,0.162624,0.646225,0.322783,2.162518,0.147085,AUT,0.0,0.002596,0.070207,0.001019,neutron,pi-,solid
193,11.0,0.186159,0.587511,0.323179,2.256571,0.133944,AUT,0.0,0.002632,0.070207,0.001033,neutron,pi-,solid
194,11.0,0.201167,0.559140,0.323464,2.321293,0.128243,AUT,0.0,0.002736,0.070207,0.001044,neutron,pi-,solid
195,11.0,0.214857,0.541806,0.324565,2.402648,0.124153,AUT,0.0,0.002777,0.070207,0.001053,neutron,pi-,solid
196,11.0,0.229756,0.529573,0.325528,2.511206,0.121419,AUT,0.0,0.002871,0.070207,0.001064,neutron,pi-,solid
197,11.0,0.248583,0.512711,0.326167,2.629968,0.117850,AUT,0.0,0.003000,0.070207,0.001077,neutron,pi-,solid
198,11.0,0.280302,0.481445,0.329154,2.780849,0.114518,AUT,0.0,0.003466,0.070207,0.001097,neutron,pi-,solid
199,11.0,0.142981,0.708626,0.322952,2.089095,0.308375,AUT,0.0,0.002597,0.070207,0.001008,neutron,pi-,solid
200,11.0,0.157347,0.666552,0.323496,2.164327,0.301401,AUT,0.0,0.002693,0.070207,0.001016,neutron,pi-,solid
201,11.0,0.168364,0.639582,0.323703,2.222346,0.295397,AUT,0.0,0.002842,0.070207,0.001022,neutron,pi-,solid
202,11.0,0.178698,0.617663,0.323876,2.278010,0.291906,AUT,0.0,0.003175,0.070207,0.001029,neutron,pi-,solid
203,11.0,0.188933,0.598251,0.323947,2.332826,0.289721,AUT,0.0,0.003682,0.070207,0.001036,neutron,pi-,solid
204,11.0,0.199440,0.580128,0.324038,2.387960,0.288848,AUT,0.0,0.004471,0.070207,0.001043,neutron,pi-,solid
205,11.0,0.210861,0.563165,0.324553,2.450913,0.288474,AUT,0.0,0.005433,0.070207,0.001051,neutron,pi-,solid
206,11.0,0.224153,0.547771,0.325347,2.534065,0.288319,AUT,0.0,0.006943,0.070207,0.001061,neutron,pi-,solid
207,11.0,0.242291,0.524275,0.326008,2.620883,0.289271,AUT,0.0,0.010685,0.070207,0.001073,neutron,pi-,solid
208,11.0,0.275842,0.486278,0.328816,2.762989,0.290531,AUT,0.0,0.010982,0.070207,0.001094,neutron,pi-,solid
209,11.0,0.146681,0.700395,0.324191,2.116504,0.483514,AUT,0.0,0.004004,0.070207,0.001010,neutron,pi-,solid
210,11.0,0.170504,0.636954,0.323997,2.239798,0.486762,AUT,0.0,0.004766,0.070207,0.001024,neutron,pi-,solid
211,11.0,0.192395,0.589367,0.323850,2.338960,0.488726,AUT,0.0,0.004136,0.070207,0.001038,neutron,pi-,solid
212,11.0,0.215863,0.551525,0.324692,2.456152,0.489263,AUT,0.0,0.003952,0.070207,0.001055,neutron,pi-,solid
213,11.0,0.255454,0.506960,0.327011,2.663856,0.489194,AUT,0.0,0.004644,0.070207,0.001081,neutron,pi-,solid
214,11.0,0.170454,0.641296,0.325496,2.237781,0.670497,AUT,0.0,0.003308,0.070207,0.001024,neutron,pi-,solid
215,11.0,0.236472,0.531116,0.327602,2.576387,0.667514,AUT,0.0,0.008862,0.070207,0.001068,neutron,pi-,solid
216,11.0,0.171509,0.621310,0.372947,2.190957,0.142683,AUT,0.0,0.002546,0.070207,0.001011,neutron,pi-,solid
217,11.0,0.199642,0.559119,0.373332,2.302757,0.129463,AUT,0.0,0.002650,0.070207,0.001027,neutron,pi-,solid
218,11.0,0.218960,0.527669,0.373508,2.384093,0.123898,AUT,0.0,0.002740,0.070207,0.001039,neutron,pi-,solid
219,11.0,0.237305,0.500240,0.373740,2.449521,0.120255,AUT,0.0,0.002842,0.070207,0.001051,neutron,pi-,solid
220,11.0,0.258746,0.473497,0.374788,2.527811,0.118492,AUT,0.0,0.002845,0.070207,0.001064,neutron,pi-,solid
221,11.0,0.298869,0.438165,0.376280,2.696023,0.121148,AUT,0.0,0.002804,0.070207,0.001086,neutron,pi-,solid
222,11.0,0.148493,0.691040,0.373024,2.114278,0.309260,AUT,0.0,0.002484,0.070207,0.000999,neutron,pi-,solid
223,11.0,0.167410,0.639285,0.373441,2.208229,0.301798,AUT,0.0,0.002605,0.070207,0.001009,neutron,pi-,solid
224,11.0,0.181477,0.609523,0.373730,2.282710,0.295991,AUT,0.0,0.002911,0.070207,0.001017,neutron,pi-,solid
225,11.0,0.194643,0.586022,0.373848,2.354041,0.292410,AUT,0.0,0.003408,0.070207,0.001025,neutron,pi-,solid
226,11.0,0.208484,0.563461,0.373901,2.424297,0.290688,AUT,0.0,0.004134,0.070207,0.001034,neutron,pi-,solid
227,11.0,0.223924,0.537811,0.373978,2.485011,0.289808,AUT,0.0,0.005462,0.070207,0.001044,neutron,pi-,solid
228,11.0,0.242452,0.501436,0.374364,2.508027,0.289722,AUT,0.0,0.007957,0.070207,0.001054,neutron,pi-,solid
229,11.0,0.271381,0.460964,0.375656,2.579353,0.290477,AUT,0.0,0.007416,0.070207,0.001071,neutron,pi-,solid
230,11.0,0.318666,0.420955,0.378509,2.763738,0.288629,AUT,0.0,0.006983,0.070207,0.001095,neutron,pi-,solid
231,11.0,0.149441,0.692756,0.374248,2.131931,0.483884,AUT,0.0,0.003428,0.070207,0.001000,neutron,pi-,solid
232,11.0,0.177591,0.622707,0.374313,2.279879,0.484354,AUT,0.0,0.007334,0.070207,0.001015,neutron,pi-,solid
233,11.0,0.205983,0.565396,0.374035,2.401168,0.486718,AUT,0.0,0.007237,0.070207,0.001032,neutron,pi-,solid
234,11.0,0.240702,0.502073,0.374441,2.489231,0.487705,AUT,0.0,0.005522,0.070207,0.001053,neutron,pi-,solid
235,11.0,0.294227,0.440227,0.376927,2.664487,0.487948,AUT,0.0,0.009038,0.070207,0.001082,neutron,pi-,solid
236,11.0,0.172328,0.635018,0.374254,2.238067,0.682578,AUT,0.0,0.002680,0.070207,0.001012,neutron,pi-,solid
237,11.0,0.249370,0.493835,0.375223,2.514428,0.681413,AUT,0.0,0.005266,0.070207,0.001057,neutron,pi-,solid
238,11.0,0.197437,0.601446,0.378296,2.394295,0.857439,AUT,0.0,0.014375,0.070207,0.001026,neutron,pi-,solid
239,11.0,0.181362,0.596655,0.423153,2.223021,0.138032,AUT,0.0,0.002512,0.070207,0.001004,neutron,pi-,solid
240,11.0,0.215324,0.530749,0.423430,2.357170,0.126072,AUT,0.0,0.002658,0.070207,0.001022,neutron,pi-,solid
241,11.0,0.241599,0.490739,0.423605,2.445360,0.122292,AUT,0.0,0.002701,0.070207,0.001037,neutron,pi-,solid
242,11.0,0.273648,0.444154,0.423831,2.505494,0.122475,AUT,0.0,0.002686,0.070207,0.001054,neutron,pi-,solid
243,11.0,0.323066,0.399870,0.424769,2.659984,0.132304,AUT,0.0,0.003833,0.070207,0.001076,neutron,pi-,solid
244,11.0,0.153901,0.674617,0.423174,2.137534,0.310362,AUT,0.0,0.002495,0.070207,0.000991,neutron,pi-,solid
245,11.0,0.177311,0.615192,0.423556,2.250346,0.301851,AUT,0.0,0.002641,0.070207,0.001002,neutron,pi-,solid
246,11.0,0.195592,0.581284,0.423760,2.345973,0.295672,AUT,0.0,0.003011,0.070207,0.001012,neutron,pi-,solid
247,11.0,0.214229,0.552458,0.423894,2.442060,0.292549,AUT,0.0,0.003815,0.070207,0.001023,neutron,pi-,solid
248,11.0,0.236012,0.512846,0.424001,2.496213,0.290514,AUT,0.0,0.005476,0.070207,0.001035,neutron,pi-,solid
249,11.0,0.266785,0.451955,0.424236,2.484635,0.290262,AUT,0.0,0.005478,0.070207,0.001050,neutron,pi-,solid
250,11.0,0.321443,0.396503,0.425854,2.622407,0.288127,AUT,0.0,0.003719,0.070207,0.001074,neutron,pi-,solid
251,11.0,0.152641,0.683569,0.424088,2.147687,0.487818,AUT,0.0,0.002959,0.070207,0.000991,neutron,pi-,solid
252,11.0,0.185261,0.607547,0.424279,2.319448,0.485014,AUT,0.0,0.006688,0.070207,0.001006,neutron,pi-,solid
253,11.0,0.221872,0.536610,0.424106,2.451934,0.487181,AUT,0.0,0.008713,0.070207,0.001027,neutron,pi-,solid
254,11.0,0.280902,0.436920,0.424716,2.517159,0.488033,AUT,0.0,0.006134,0.070207,0.001056,neutron,pi-,solid
255,11.0,0.362297,0.373389,0.426281,2.790795,0.483984,AUT,0.0,0.038181,0.070207,0.001091,neutron,pi-,solid
256,11.0,0.178493,0.622147,0.424211,2.263492,0.685624,AUT,0.0,0.003422,0.070207,0.001003,neutron,pi-,solid
257,11.0,0.262679,0.466057,0.423939,2.501803,0.683700,AUT,0.0,0.005498,0.070207,0.001048,neutron,pi-,solid
258,11.0,0.199794,0.589837,0.426066,2.374344,0.880321,AUT,0.0,0.006383,0.070207,0.001014,neutron,pi-,solid
259,11.0,0.191650,0.573896,0.473260,2.257062,0.134206,AUT,0.0,0.002509,0.070207,0.000996,neutron,pi-,solid
260,11.0,0.234480,0.499646,0.473522,2.414758,0.125075,AUT,0.0,0.002622,0.070207,0.001018,neutron,pi-,solid
261,11.0,0.280169,0.434945,0.473486,2.506789,0.126035,AUT,0.0,0.002617,0.070207,0.001039,neutron,pi-,solid
262,11.0,0.340312,0.379944,0.473260,2.666173,0.142132,AUT,0.0,0.007734,0.070207,0.001062,neutron,pi-,solid
263,11.0,0.160686,0.655596,0.473258,2.166431,0.310182,AUT,0.0,0.002471,0.070207,0.000983,neutron,pi-,solid
264,11.0,0.190283,0.587889,0.473651,2.307257,0.300310,AUT,0.0,0.002690,0.070207,0.000996,neutron,pi-,solid
265,11.0,0.215341,0.548115,0.473825,2.434644,0.294528,AUT,0.0,0.003406,0.070207,0.001009,neutron,pi-,solid
266,11.0,0.245697,0.492134,0.473949,2.491168,0.291044,AUT,0.0,0.004860,0.070207,0.001024,neutron,pi-,solid
267,11.0,0.293776,0.409681,0.474090,2.476152,0.289583,AUT,0.0,0.003172,0.070207,0.001043,neutron,pi-,solid
268,11.0,0.351426,0.370177,0.473898,2.683800,0.291719,AUT,0.0,0.007449,0.070207,0.001065,neutron,pi-,solid
269,11.0,0.158027,0.668934,0.473947,2.173758,0.490867,AUT,0.0,0.002749,0.070207,0.000982,neutron,pi-,solid
270,11.0,0.197850,0.583691,0.474204,2.378137,0.486281,AUT,0.0,0.006336,0.070207,0.001000,neutron,pi-,solid
271,11.0,0.251196,0.480929,0.474128,2.476832,0.488628,AUT,0.0,0.007129,0.070207,0.001026,neutron,pi-,solid
272,11.0,0.323408,0.386168,0.473841,2.572663,0.483039,AUT,0.0,0.012336,0.070207,0.001055,neutron,pi-,solid
273,11.0,0.185097,0.610289,0.474429,2.292623,0.684574,AUT,0.0,0.004953,0.070207,0.000994,neutron,pi-,solid
274,11.0,0.272635,0.451964,0.473787,2.529565,0.679670,AUT,0.0,0.008896,0.070207,0.001035,neutron,pi-,solid
275,11.0,0.197118,0.591525,0.474852,2.353973,0.903271,AUT,0.0,0.004225,0.070207,0.001000,neutron,pi-,solid
276,11.0,0.203446,0.551141,0.523433,2.297272,0.131962,AUT,0.0,0.002475,0.070207,0.000987,neutron,pi-,solid
277,11.0,0.265315,0.455168,0.523505,2.480680,0.126268,AUT,0.0,0.002553,0.070207,0.001013,neutron,pi-,solid
278,11.0,0.332787,0.384796,0.523164,2.639917,0.141461,AUT,0.0,0.007379,0.070207,0.001036,neutron,pi-,solid
279,11.0,0.168957,0.633931,0.523374,2.199451,0.309421,AUT,0.0,0.002432,0.070207,0.000973,neutron,pi-,solid
280,11.0,0.206827,0.558587,0.523702,2.381867,0.298240,AUT,0.0,0.002890,0.070207,0.000989,neutron,pi-,solid
281,11.0,0.245317,0.491829,0.523875,2.483018,0.292061,AUT,0.0,0.003908,0.070207,0.001005,neutron,pi-,solid
282,11.0,0.310436,0.396105,0.523816,2.525831,0.292493,AUT,0.0,0.002939,0.070207,0.001028,neutron,pi-,solid
283,11.0,0.163900,0.653915,0.523901,2.201347,0.493258,AUT,0.0,0.002699,0.070207,0.000972,neutron,pi-,solid
284,11.0,0.214771,0.551867,0.524134,2.435179,0.487787,AUT,0.0,0.006601,0.070207,0.000992,neutron,pi-,solid
285,11.0,0.288266,0.427089,0.523607,2.521862,0.485112,AUT,0.0,0.006980,0.070207,0.001021,neutron,pi-,solid
286,11.0,0.192007,0.597504,0.524384,2.315342,0.684629,AUT,0.0,0.005210,0.070207,0.000983,neutron,pi-,solid
287,11.0,0.285193,0.444122,0.523043,2.609705,0.672944,AUT,0.0,0.018154,0.070207,0.001021,neutron,pi-,solid
288,11.0,0.191923,0.602723,0.524330,2.341584,0.920879,AUT,0.0,0.004024,0.070207,0.000983,neutron,pi-,solid
289,11.0,0.217332,0.527266,0.573480,2.341214,0.130237,AUT,0.0,0.002448,0.070207,0.000973,neutron,pi-,solid
290,11.0,0.292776,0.423345,0.573367,2.544569,0.131106,AUT,0.0,0.003553,0.070207,0.000998,neutron,pi-,solid
291,11.0,0.178746,0.611024,0.573353,2.239266,0.308026,AUT,0.0,0.002428,0.070207,0.000961,neutron,pi-,solid
292,11.0,0.230001,0.518073,0.573788,2.451240,0.295578,AUT,0.0,0.003170,0.070207,0.000978,neutron,pi-,solid
293,11.0,0.299036,0.410787,0.573239,2.519937,0.292218,AUT,0.0,0.002908,0.070207,0.000999,neutron,pi-,solid
294,11.0,0.172886,0.633218,0.573720,2.244366,0.494082,AUT,0.0,0.002695,0.070207,0.000959,neutron,pi-,solid
295,11.0,0.249131,0.492603,0.573735,2.496243,0.487540,AUT,0.0,0.005961,0.070207,0.000984,neutron,pi-,solid
296,11.0,0.354929,0.390879,0.567709,2.863022,0.447828,AUT,0.0,0.053812,0.070207,0.001016,neutron,pi-,solid
297,11.0,0.181577,0.618584,0.574197,2.286947,0.740553,AUT,0.0,0.004672,0.070207,0.000962,neutron,pi-,solid
298,11.0,0.257044,0.489176,0.573103,2.586141,0.707158,AUT,0.0,0.012444,0.070207,0.000988,neutron,pi-,solid
299,11.0,0.239963,0.495142,0.623318,2.404744,0.130267,AUT,0.0,0.002401,0.070207,0.000956,neutron,pi-,solid
300,11.0,0.359516,0.383102,0.618286,2.842341,0.150562,AUT,0.0,0.058272,0.070207,0.000982,neutron,pi-,solid
301,11.0,0.194109,0.578108,0.623094,2.298476,0.304620,AUT,0.0,0.002467,0.070207,0.000945,neutron,pi-,solid
302,11.0,0.269744,0.455884,0.623057,2.514695,0.292632,AUT,0.0,0.002865,0.070207,0.000964,neutron,pi-,solid
303,11.0,0.191110,0.593745,0.623193,2.320843,0.493444,AUT,0.0,0.002931,0.070207,0.000945,neutron,pi-,solid
304,11.0,0.266144,0.466942,0.622791,2.553367,0.484623,AUT,0.0,0.010818,0.070207,0.000964,neutron,pi-,solid
305,11.0,0.196426,0.592053,0.622715,2.363311,0.752334,AUT,0.0,0.005565,0.070207,0.000946,neutron,pi-,solid
306,11.0,0.204984,0.547288,0.672750,2.301877,0.247879,AUT,0.0,0.002399,0.070207,0.000922,neutron,pi-,solid
307,11.0,0.267719,0.461929,0.672342,2.542959,0.222324,AUT,0.0,0.002886,0.070207,0.000933,neutron,pi-,solid
308,11.0,0.201886,0.567149,0.672277,2.346480,0.554298,AUT,0.0,0.003736,0.070207,0.000923,neutron,pi-,solid
309,11.0,0.269419,0.485142,0.670332,2.693871,0.506095,AUT,0.0,0.021636,0.070207,0.000935,neutron,pi-,solid
310,11.0,0.255070,0.608606,0.323236,3.200387,0.128354,AUT,0.0,0.004183,0.070207,0.001088,neutron,pi-,solid
311,11.0,0.282084,0.573634,0.323517,3.339004,0.122074,AUT,0.0,0.004361,0.070207,0.001106,neutron,pi-,solid
312,11.0,0.303818,0.536200,0.323877,3.361197,0.117180,AUT,0.0,0.004581,0.070207,0.001118,neutron,pi-,solid
313,11.0,0.330004,0.503525,0.325931,3.428619,0.115707,AUT,0.0,0.004542,0.070207,0.001131,neutron,pi-,solid
314,11.0,0.372106,0.479481,0.329004,3.677894,0.120080,AUT,0.0,0.004773,0.070207,0.001151,neutron,pi-,solid
315,11.0,0.248901,0.625082,0.323995,3.208383,0.288182,AUT,0.0,0.006339,0.070207,0.001084,neutron,pi-,solid
316,11.0,0.275407,0.596524,0.323943,3.390383,0.288557,AUT,0.0,0.009430,0.070207,0.001102,neutron,pi-,solid
317,11.0,0.298242,0.553695,0.324101,3.406065,0.289202,AUT,0.0,0.013761,0.070207,0.001115,neutron,pi-,solid
318,11.0,0.329688,0.504189,0.326206,3.428893,0.289844,AUT,0.0,0.012604,0.070207,0.001130,neutron,pi-,solid
319,11.0,0.377125,0.475184,0.330226,3.693785,0.288624,AUT,0.0,0.010618,0.070207,0.001152,neutron,pi-,solid
320,11.0,0.265164,0.604298,0.323923,3.300259,0.486333,AUT,0.0,0.009016,0.070207,0.001095,neutron,pi-,solid
321,11.0,0.322058,0.517113,0.325564,3.427635,0.487334,AUT,0.0,0.008840,0.070207,0.001127,neutron,pi-,solid
322,11.0,0.387929,0.469017,0.331341,3.751473,0.486634,AUT,0.0,0.030420,0.070207,0.001157,neutron,pi-,solid
323,11.0,0.301880,0.553080,0.326247,3.401703,0.685761,AUT,0.0,0.010027,0.070207,0.001114,neutron,pi-,solid
324,11.0,0.262643,0.597526,0.373294,3.233940,0.127478,AUT,0.0,0.004091,0.070207,0.001074,neutron,pi-,solid
325,11.0,0.297085,0.546643,0.373569,3.349324,0.121657,AUT,0.0,0.004268,0.070207,0.001093,neutron,pi-,solid
326,11.0,0.330364,0.496266,0.373599,3.381541,0.119598,AUT,0.0,0.004306,0.070207,0.001108,neutron,pi-,solid
327,11.0,0.376604,0.455185,0.374314,3.533355,0.127176,AUT,0.0,0.004224,0.070207,0.001127,neutron,pi-,solid
328,11.0,0.436242,0.419213,0.376134,3.773670,0.144050,AUT,0.0,0.021111,0.070207,0.001151,neutron,pi-,solid
329,11.0,0.253132,0.619149,0.373843,3.231299,0.291198,AUT,0.0,0.005338,0.070207,0.001068,neutron,pi-,solid
330,11.0,0.284770,0.581138,0.373921,3.413672,0.290073,AUT,0.0,0.008441,0.070207,0.001087,neutron,pi-,solid
331,11.0,0.318356,0.513873,0.373937,3.372411,0.289815,AUT,0.0,0.011059,0.070207,0.001102,neutron,pi-,solid
332,11.0,0.362198,0.461765,0.374716,3.448821,0.287858,AUT,0.0,0.006461,0.070207,0.001121,neutron,pi-,solid
333,11.0,0.415256,0.426768,0.377098,3.654483,0.286877,AUT,0.0,0.008288,0.070207,0.001142,neutron,pi-,solid
334,11.0,0.272170,0.593139,0.374117,3.319966,0.485835,AUT,0.0,0.014054,0.070207,0.001079,neutron,pi-,solid
335,11.0,0.350309,0.477040,0.374671,3.432884,0.486783,AUT,0.0,0.010484,0.070207,0.001116,neutron,pi-,solid
336,11.0,0.430076,0.419849,0.377452,3.725549,0.485520,AUT,0.0,0.047429,0.070207,0.001148,neutron,pi-,solid
337,11.0,0.307738,0.539753,0.374511,3.374721,0.710736,AUT,0.0,0.006560,0.070207,0.001096,neutron,pi-,solid
338,11.0,0.425664,0.432255,0.373959,3.797103,0.641164,AUT,0.0,0.177792,0.070207,0.001149,neutron,pi-,solid
339,11.0,0.271758,0.583628,0.423398,3.265505,0.127179,AUT,0.0,0.004014,0.070207,0.001060,neutron,pi-,solid
340,11.0,0.319478,0.511280,0.423518,3.366397,0.122569,AUT,0.0,0.004154,0.070207,0.001082,neutron,pi-,solid
341,11.0,0.381083,0.449069,0.423262,3.520875,0.131528,AUT,0.0,0.004436,0.070207,0.001104,neutron,pi-,solid
342,11.0,0.258476,0.611926,0.423773,3.260091,0.294061,AUT,0.0,0.004896,0.070207,0.001054,neutron,pi-,solid
343,11.0,0.299078,0.551507,0.423865,3.397937,0.290617,AUT,0.0,0.008226,0.070207,0.001074,neutron,pi-,solid
344,11.0,0.350017,0.472694,0.423996,3.409157,0.288785,AUT,0.0,0.005508,0.070207,0.001093,neutron,pi-,solid
345,11.0,0.409250,0.420183,0.423931,3.545837,0.289882,AUT,0.0,0.006625,0.070207,0.001113,neutron,pi-,solid
346,11.0,0.279100,0.581225,0.424155,3.328746,0.486368,AUT,0.0,0.015519,0.070207,0.001063,neutron,pi-,solid
347,11.0,0.373116,0.452856,0.424027,3.467709,0.486070,AUT,0.0,0.011421,0.070207,0.001101,neutron,pi-,solid
348,11.0,0.306621,0.542344,0.424234,3.378311,0.726118,AUT,0.0,0.006111,0.070207,0.001075,neutron,pi-,solid
349,11.0,0.283088,0.565211,0.473387,3.288176,0.127242,AUT,0.0,0.003947,0.070207,0.001046,neutron,pi-,solid
350,11.0,0.360892,0.468436,0.473297,3.471223,0.128826,AUT,0.0,0.004082,0.070207,0.001073,neutron,pi-,solid
351,11.0,0.266555,0.600917,0.473728,3.299181,0.295863,AUT,0.0,0.004697,0.070207,0.001039,neutron,pi-,solid
352,11.0,0.324359,0.507079,0.473919,3.383466,0.290112,AUT,0.0,0.005921,0.070207,0.001062,neutron,pi-,solid
353,11.0,0.396371,0.430718,0.473816,3.515628,0.293067,AUT,0.0,0.005252,0.070207,0.001083,neutron,pi-,solid
354,11.0,0.289441,0.564927,0.474101,3.341898,0.486970,AUT,0.0,0.012308,0.070207,0.001048,neutron,pi-,solid
355,11.0,0.387274,0.439765,0.473845,3.505144,0.483535,AUT,0.0,0.014624,0.070207,0.001080,neutron,pi-,solid
356,11.0,0.301908,0.549926,0.473993,3.377150,0.732017,AUT,0.0,0.007374,0.070207,0.001052,neutron,pi-,solid
357,11.0,0.299101,0.541990,0.523453,3.319583,0.127108,AUT,0.0,0.003884,0.070207,0.001029,neutron,pi-,solid
358,11.0,0.384213,0.447873,0.523243,3.542840,0.134600,AUT,0.0,0.007013,0.070207,0.001052,neutron,pi-,solid
359,11.0,0.276445,0.583309,0.523687,3.314592,0.296267,AUT,0.0,0.004662,0.070207,0.001022,neutron,pi-,solid
360,11.0,0.361142,0.462143,0.523767,3.426176,0.293462,AUT,0.0,0.004117,0.070207,0.001046,neutron,pi-,solid
361,11.0,0.437074,0.411408,0.523266,3.711369,0.300350,AUT,0.0,0.020386,0.070207,0.001062,neutron,pi-,solid
362,11.0,0.302444,0.546869,0.524056,3.361339,0.487710,AUT,0.0,0.009133,0.070207,0.001029,neutron,pi-,solid
363,11.0,0.405692,0.430085,0.522326,3.599489,0.471918,AUT,0.0,0.022361,0.070207,0.001057,neutron,pi-,solid
364,11.0,0.296111,0.558782,0.523995,3.372823,0.733887,AUT,0.0,0.010577,0.070207,0.001028,neutron,pi-,solid
365,11.0,0.273610,0.583929,0.573551,3.287603,0.236652,AUT,0.0,0.003961,0.070207,0.000996,neutron,pi-,solid
366,11.0,0.335526,0.491821,0.573642,3.396410,0.224003,AUT,0.0,0.003989,0.070207,0.001011,neutron,pi-,solid
367,11.0,0.400225,0.431922,0.572440,3.564263,0.249504,AUT,0.0,0.006901,0.070207,0.001021,neutron,pi-,solid
368,11.0,0.291880,0.562046,0.573969,3.349866,0.548684,AUT,0.0,0.009187,0.070207,0.001000,neutron,pi-,solid
369,11.0,0.381420,0.456661,0.571712,3.592288,0.492465,AUT,0.0,0.017794,0.070207,0.001019,neutron,pi-,solid
370,11.0,0.286560,0.561968,0.623453,3.304307,0.235613,AUT,0.0,0.003831,0.070207,0.000969,neutron,pi-,solid
371,11.0,0.363704,0.466377,0.622511,3.493338,0.232213,AUT,0.0,0.004796,0.070207,0.000979,neutron,pi-,solid
372,11.0,0.293301,0.564656,0.623122,3.377731,0.564767,AUT,0.0,0.008486,0.070207,0.000970,neutron,pi-,solid
373,11.0,0.291873,0.548993,0.672646,3.287596,0.307276,AUT,0.0,0.004049,0.070207,0.000936,neutron,pi-,solid
374,11.0,0.361107,0.481264,0.669883,3.585337,0.243818,AUT,0.0,0.007551,0.070207,0.000941,neutron,pi-,solid
375,11.0,0.320221,0.644538,0.323277,4.257108,0.127215,AUT,0.0,0.005625,0.070207,0.001133,neutron,pi-,solid
376,11.0,0.359424,0.616111,0.323424,4.568270,0.122934,AUT,0.0,0.005847,0.070207,0.001154,neutron,pi-,solid
377,11.0,0.412139,0.538101,0.324954,4.562550,0.120597,AUT,0.0,0.005800,0.070207,0.001178,neutron,pi-,solid
378,11.0,0.486090,0.461302,0.333608,4.627355,0.137595,AUT,0.0,0.037638,0.070207,0.001207,neutron,pi-,solid
379,11.0,0.313958,0.652178,0.324031,4.224138,0.286422,AUT,0.0,0.009098,0.070207,0.001130,neutron,pi-,solid
380,11.0,0.350660,0.628650,0.324054,4.548467,0.287059,AUT,0.0,0.015581,0.070207,0.001150,neutron,pi-,solid
381,11.0,0.406299,0.545302,0.325416,4.553762,0.288509,AUT,0.0,0.012196,0.070207,0.001175,neutron,pi-,solid
382,11.0,0.479269,0.461555,0.334399,4.564340,0.285605,AUT,0.0,0.029988,0.070207,0.001203,neutron,pi-,solid
383,11.0,0.339288,0.632407,0.324039,4.417614,0.485120,AUT,0.0,0.015690,0.070207,0.001143,neutron,pi-,solid
384,11.0,0.423931,0.519715,0.326803,4.529634,0.485595,AUT,0.0,0.023395,0.070207,0.001182,neutron,pi-,solid
385,11.0,0.358070,0.607429,0.324866,4.447886,0.699741,AUT,0.0,0.012704,0.070207,0.001151,neutron,pi-,solid
386,11.0,0.330864,0.637353,0.373212,4.348057,0.126595,AUT,0.0,0.005488,0.070207,0.001115,neutron,pi-,solid
387,11.0,0.396071,0.560433,0.373353,4.561250,0.123736,AUT,0.0,0.005572,0.070207,0.001143,neutron,pi-,solid
388,11.0,0.470480,0.454376,0.373047,4.409897,0.139607,AUT,0.0,0.017738,0.070207,0.001172,neutron,pi-,solid
389,11.0,0.319727,0.648119,0.373832,4.274168,0.289529,AUT,0.0,0.007359,0.070207,0.001110,neutron,pi-,solid
390,11.0,0.370684,0.601985,0.373919,4.594908,0.288230,AUT,0.0,0.012710,0.070207,0.001133,neutron,pi-,solid
391,11.0,0.448260,0.477571,0.374042,4.403415,0.287555,AUT,0.0,0.008710,0.070207,0.001162,neutron,pi-,solid
392,11.0,0.353375,0.612832,0.374089,4.437336,0.485323,AUT,0.0,0.018776,0.070207,0.001124,neutron,pi-,solid
393,11.0,0.461906,0.459996,0.374129,4.379562,0.484812,AUT,0.0,0.042813,0.070207,0.001167,neutron,pi-,solid
394,11.0,0.358542,0.606381,0.374366,4.443139,0.721862,AUT,0.0,0.010358,0.070207,0.001126,neutron,pi-,solid
395,11.0,0.345893,0.622716,0.423365,4.433432,0.126724,AUT,0.0,0.005385,0.070207,0.001098,neutron,pi-,solid
396,11.0,0.428773,0.511184,0.423293,4.502497,0.129443,AUT,0.0,0.008060,0.070207,0.001126,neutron,pi-,solid
397,11.0,0.327428,0.643522,0.423804,4.344992,0.292706,AUT,0.0,0.006601,0.070207,0.001091,neutron,pi-,solid
398,11.0,0.412718,0.534999,0.423876,4.507925,0.289592,AUT,0.0,0.006493,0.070207,0.001120,neutron,pi-,solid
399,11.0,0.518129,0.449332,0.423638,4.805727,0.294056,AUT,0.0,0.292111,0.070207,0.001158,neutron,pi-,solid
400,11.0,0.344929,0.625013,0.424254,4.431642,0.541422,AUT,0.0,0.018653,0.070207,0.001097,neutron,pi-,solid
401,11.0,0.441787,0.488157,0.423932,4.435556,0.520268,AUT,0.0,0.024559,0.070207,0.001130,neutron,pi-,solid
402,11.0,0.324404,0.643150,0.473502,4.302889,0.236468,AUT,0.0,0.005524,0.070207,0.001067,neutron,pi-,solid
403,11.0,0.379138,0.587835,0.473647,4.587738,0.217496,AUT,0.0,0.005922,0.070207,0.001084,neutron,pi-,solid
404,11.0,0.451101,0.475379,0.473642,4.414805,0.239441,AUT,0.0,0.008180,0.070207,0.001101,neutron,pi-,solid
405,11.0,0.360533,0.602480,0.474159,4.432856,0.540500,AUT,0.0,0.015645,0.070207,0.001077,neutron,pi-,solid
406,11.0,0.481809,0.446841,0.472618,4.443781,0.467271,AUT,0.0,0.070240,0.070207,0.001110,neutron,pi-,solid
407,11.0,0.334882,0.635591,0.523532,4.386952,0.237369,AUT,0.0,0.005370,0.070207,0.001043,neutron,pi-,solid
408,11.0,0.417529,0.527402,0.523503,4.509849,0.231115,AUT,0.0,0.005905,0.070207,0.001061,neutron,pi-,solid
409,11.0,0.358181,0.606744,0.523989,4.436415,0.573162,AUT,0.0,0.013629,0.070207,0.001048,neutron,pi-,solid
410,11.0,0.353167,0.613293,0.573522,4.446608,0.236030,AUT,0.0,0.005130,0.070207,0.001015,neutron,pi-,solid
411,11.0,0.447111,0.481704,0.572368,4.437199,0.242141,AUT,0.0,0.011582,0.070207,0.001027,neutron,pi-,solid
412,11.0,0.352475,0.615607,0.573839,4.442906,0.574068,AUT,0.0,0.015120,0.070207,0.001014,neutron,pi-,solid
413,11.0,0.351956,0.615119,0.623374,4.444454,0.315628,AUT,0.0,0.005303,0.070207,0.000978,neutron,pi-,solid
414,11.0,0.438674,0.502621,0.620893,4.548027,0.261868,AUT,0.0,0.014732,0.070207,0.000983,neutron,pi-,solid
415,11.0,0.361784,0.600463,0.670165,4.463671,0.341681,AUT,0.0,0.007015,0.070207,0.000939,neutron,pi-,solid
416,11.0,0.398927,0.642472,0.323452,5.285800,0.123930,AUT,0.0,0.007165,0.070207,0.001177,neutron,pi-,solid
417,11.0,0.446084,0.595917,0.323515,5.482329,0.119509,AUT,0.0,0.007450,0.070207,0.001200,neutron,pi-,solid
418,11.0,0.504517,0.536850,0.323383,5.581905,0.123716,AUT,0.0,0.009001,0.070207,0.001231,neutron,pi-,solid
419,11.0,0.397983,0.645610,0.324034,5.298777,0.286926,AUT,0.0,0.020108,0.070207,0.001176,neutron,pi-,solid
420,11.0,0.454366,0.586482,0.323963,5.491566,0.288670,AUT,0.0,0.018752,0.070207,0.001204,neutron,pi-,solid
421,11.0,0.520505,0.521637,0.324265,5.599212,0.286027,AUT,0.0,0.015934,0.070207,0.001239,neutron,pi-,solid
422,11.0,0.435737,0.605592,0.324075,5.412015,0.484633,AUT,0.0,0.017692,0.070207,0.001194,neutron,pi-,solid
423,11.0,0.541463,0.508071,0.324439,5.677571,0.484130,AUT,0.0,0.097645,0.070207,0.001252,neutron,pi-,solid
424,11.0,0.433597,0.608682,0.324282,5.414770,0.700656,AUT,0.0,0.020068,0.070207,0.001193,neutron,pi-,solid
425,11.0,0.410312,0.631561,0.373336,5.340841,0.125124,AUT,0.0,0.006937,0.070207,0.001152,neutron,pi-,solid
426,11.0,0.482332,0.558440,0.373325,5.543564,0.123605,AUT,0.0,0.007846,0.070207,0.001183,neutron,pi-,solid
427,11.0,0.405397,0.638953,0.373916,5.339252,0.287819,AUT,0.0,0.014321,0.070207,0.001150,neutron,pi-,solid
428,11.0,0.485066,0.554409,0.373913,5.530615,0.287941,AUT,0.0,0.009888,0.070207,0.001184,neutron,pi-,solid
429,11.0,0.428520,0.613117,0.374089,5.397897,0.538190,AUT,0.0,0.015642,0.070207,0.001159,neutron,pi-,solid
430,11.0,0.522582,0.520811,0.373997,5.613798,0.510565,AUT,0.0,0.053185,0.070207,0.001201,neutron,pi-,solid
431,11.0,0.427808,0.613032,0.423372,5.394189,0.125707,AUT,0.0,0.006743,0.070207,0.001130,neutron,pi-,solid
432,11.0,0.513026,0.529975,0.423269,5.606010,0.127730,AUT,0.0,0.015022,0.070207,0.001160,neutron,pi-,solid
433,11.0,0.416575,0.626649,0.423869,5.373695,0.289192,AUT,0.0,0.011139,0.070207,0.001126,neutron,pi-,solid
434,11.0,0.502393,0.536758,0.423778,5.554795,0.290161,AUT,0.0,0.011091,0.070207,0.001156,neutron,pi-,solid
435,11.0,0.438477,0.603885,0.424099,5.423993,0.555406,AUT,0.0,0.015627,0.070207,0.001133,neutron,pi-,solid
436,11.0,0.406966,0.635961,0.473576,5.334892,0.222768,AUT,0.0,0.007211,0.070207,0.001093,neutron,pi-,solid
437,11.0,0.481687,0.558579,0.473495,5.534933,0.221296,AUT,0.0,0.007154,0.070207,0.001114,neutron,pi-,solid
438,11.0,0.436652,0.605761,0.474008,5.420512,0.557862,AUT,0.0,0.020067,0.070207,0.001101,neutron,pi-,solid
439,11.0,0.420462,0.621414,0.523583,5.377627,0.225815,AUT,0.0,0.006813,0.070207,0.001063,neutron,pi-,solid
440,11.0,0.502996,0.537468,0.523446,5.570814,0.232626,AUT,0.0,0.010721,0.070207,0.001079,neutron,pi-,solid
441,11.0,0.432451,0.610469,0.523799,5.415119,0.558052,AUT,0.0,0.024714,0.070207,0.001065,neutron,pi-,solid
442,11.0,0.422180,0.619717,0.573587,5.382924,0.298243,AUT,0.0,0.007150,0.070207,0.001024,neutron,pi-,solid
443,11.0,0.501905,0.539581,0.572470,5.584348,0.276063,AUT,0.0,0.012581,0.070207,0.001033,neutron,pi-,solid
444,11.0,0.429714,0.613111,0.622802,5.411226,0.331464,AUT,0.0,0.007164,0.070207,0.000981,neutron,pi-,solid
445,11.0,0.431404,0.606446,0.669042,5.387760,0.294579,AUT,0.0,0.010515,0.070207,0.000935,neutron,pi-,solid
446,11.0,0.500927,0.627503,0.323456,6.473313,0.121475,AUT,0.0,0.007526,0.070207,0.001234,neutron,pi-,solid
447,11.0,0.584385,0.585138,0.323289,7.059468,0.122481,AUT,0.0,0.014000,0.070207,0.001287,neutron,pi-,solid
448,11.0,0.510349,0.620250,0.324018,6.510612,0.287859,AUT,0.0,0.017225,0.070207,0.001239,neutron,pi-,solid
449,11.0,0.600186,0.582943,0.324007,7.223993,0.286468,AUT,0.0,0.028657,0.070207,0.001298,neutron,pi-,solid
450,11.0,0.517277,0.619181,0.324029,6.586064,0.535719,AUT,0.0,0.015959,0.070207,0.001244,neutron,pi-,solid
451,11.0,0.486766,0.637219,0.373581,6.393169,0.205153,AUT,0.0,0.008512,0.070207,0.001189,neutron,pi-,solid
452,11.0,0.565917,0.589443,0.373630,6.882770,0.208671,AUT,0.0,0.008994,0.070207,0.001229,neutron,pi-,solid
453,11.0,0.516742,0.619694,0.373988,6.584708,0.538554,AUT,0.0,0.022166,0.070207,0.001204,neutron,pi-,solid
454,11.0,0.503203,0.625611,0.423629,6.481125,0.211801,AUT,0.0,0.007781,0.070207,0.001160,neutron,pi-,solid
455,11.0,0.587992,0.582524,0.423547,7.071991,0.218856,AUT,0.0,0.014189,0.070207,0.001196,neutron,pi-,solid
456,11.0,0.515365,0.620824,0.423994,6.579913,0.538789,AUT,0.0,0.028749,0.070207,0.001165,neutron,pi-,solid
457,11.0,0.508775,0.621867,0.473614,6.510258,0.276720,AUT,0.0,0.007869,0.070207,0.001124,neutron,pi-,solid
458,11.0,0.597609,0.585701,0.473356,7.226714,0.269642,AUT,0.0,0.018981,0.070207,0.001153,neutron,pi-,solid
459,11.0,0.515943,0.620599,0.523456,6.585792,0.306620,AUT,0.0,0.007986,0.070207,0.001083,neutron,pi-,solid
460,11.0,0.510173,0.625314,0.572994,6.565177,0.303755,AUT,0.0,0.009316,0.070207,0.001034,neutron,pi-,solid
461,11.0,0.499977,0.633354,0.622042,6.523451,0.295125,AUT,0.0,0.011498,0.070207,0.000981,neutron,pi-,solid
462,8.8,0.111932,0.648753,0.324929,1.193481,0.150954,AUT,0.0,0.001963,0.070207,0.001492,neutron,pi-,solid
463,8.8,0.160089,0.607548,0.328018,1.602435,0.134899,AUT,0.0,0.001960,0.070207,0.001523,neutron,pi-,solid
464,8.8,0.210609,0.557030,0.338711,1.936530,0.118216,AUT,0.0,0.012662,0.070207,0.001569,neutron,pi-,solid
465,8.8,0.089376,0.733069,0.323240,1.079289,0.308172,AUT,0.0,0.001911,0.070207,0.001491,neutron,pi-,solid
466,8.8,0.104369,0.673787,0.324271,1.160623,0.297075,AUT,0.0,0.002130,0.070207,0.001490,neutron,pi-,solid
467,8.8,0.118198,0.650474,0.325693,1.269339,0.292721,AUT,0.0,0.002393,0.070207,0.001493,neutron,pi-,solid
468,8.8,0.137794,0.634293,0.326376,1.442629,0.289198,AUT,0.0,0.002842,0.070207,0.001504,neutron,pi-,solid
469,8.8,0.172165,0.606018,0.328565,1.719218,0.288435,AUT,0.0,0.005667,0.070207,0.001534,neutron,pi-,solid
470,8.8,0.092327,0.724796,0.324580,1.100543,0.481865,AUT,0.0,0.001954,0.070207,0.001490,neutron,pi-,solid
471,8.8,0.118211,0.651640,0.326041,1.270587,0.485440,AUT,0.0,0.001929,0.070207,0.001494,neutron,pi-,solid
472,8.8,0.159872,0.613813,0.327966,1.615469,0.489347,AUT,0.0,0.002521,0.070207,0.001523,neutron,pi-,solid
473,8.8,0.122595,0.675055,0.330478,1.339994,0.640658,AUT,0.0,0.009192,0.070207,0.001501,neutron,pi-,solid
474,8.8,0.119307,0.605581,0.373895,1.185464,0.144457,AUT,0.0,0.001869,0.070207,0.001478,neutron,pi-,solid
475,8.8,0.160471,0.564775,0.375519,1.495381,0.129348,AUT,0.0,0.001958,0.070207,0.001501,neutron,pi-,solid
476,8.8,0.205289,0.534139,0.377439,1.806431,0.119043,AUT,0.0,0.003284,0.070207,0.001543,neutron,pi-,solid
477,8.8,0.093532,0.712290,0.373206,1.096295,0.310020,AUT,0.0,0.001891,0.070207,0.001479,neutron,pi-,solid
478,8.8,0.112233,0.642094,0.373763,1.188996,0.298104,AUT,0.0,0.002100,0.070207,0.001478,neutron,pi-,solid
479,8.8,0.129167,0.608421,0.374726,1.297215,0.293193,AUT,0.0,0.002514,0.070207,0.001482,neutron,pi-,solid
480,8.8,0.152874,0.587901,0.375264,1.483067,0.290179,AUT,0.0,0.003285,0.070207,0.001496,neutron,pi-,solid
481,8.8,0.192536,0.552045,0.376581,1.749149,0.290394,AUT,0.0,0.007803,0.070207,0.001531,neutron,pi-,solid
482,8.8,0.094559,0.715578,0.374164,1.111810,0.487801,AUT,0.0,0.002172,0.070207,0.001480,neutron,pi-,solid
483,8.8,0.122785,0.619886,0.374578,1.254394,0.490934,AUT,0.0,0.002183,0.070207,0.001480,neutron,pi-,solid
484,8.8,0.169387,0.568387,0.375797,1.581252,0.493027,AUT,0.0,0.002350,0.070207,0.001510,neutron,pi-,solid
485,8.8,0.131528,0.639446,0.377627,1.350819,0.665030,AUT,0.0,0.003342,0.070207,0.001491,neutron,pi-,solid
486,8.8,0.128392,0.571843,0.423595,1.202776,0.138193,AUT,0.0,0.001852,0.070207,0.001468,neutron,pi-,solid
487,8.8,0.174382,0.524340,0.424839,1.508367,0.123089,AUT,0.0,0.002006,0.070207,0.001494,neutron,pi-,solid
488,8.8,0.225525,0.482637,0.426312,1.792097,0.117175,AUT,0.0,0.003461,0.070207,0.001538,neutron,pi-,solid
489,8.8,0.099107,0.686703,0.423293,1.118125,0.310316,AUT,0.0,0.001852,0.070207,0.001469,neutron,pi-,solid
490,8.8,0.123209,0.609083,0.423843,1.237688,0.297942,AUT,0.0,0.002143,0.070207,0.001468,neutron,pi-,solid
491,8.8,0.147122,0.567248,0.424545,1.377059,0.293082,AUT,0.0,0.002837,0.070207,0.001476,neutron,pi-,solid
492,8.8,0.186852,0.530147,0.425092,1.629900,0.291168,AUT,0.0,0.004911,0.070207,0.001506,neutron,pi-,solid
493,8.8,0.245279,0.460247,0.428474,1.861329,0.292065,AUT,0.0,0.014756,0.070207,0.001555,neutron,pi-,solid
494,8.8,0.098028,0.701817,0.424046,1.128919,0.489450,AUT,0.0,0.002355,0.070207,0.001470,neutron,pi-,solid
495,8.8,0.134147,0.588132,0.424268,1.297841,0.490872,AUT,0.0,0.002843,0.070207,0.001471,neutron,pi-,solid
496,8.8,0.189138,0.521124,0.425393,1.616237,0.491842,AUT,0.0,0.003628,0.070207,0.001507,neutron,pi-,solid
497,8.8,0.123153,0.632801,0.425438,1.258701,0.674834,AUT,0.0,0.002173,0.070207,0.001473,neutron,pi-,solid
498,8.8,0.202527,0.511034,0.426289,1.700140,0.674500,AUT,0.0,0.011024,0.070207,0.001518,neutron,pi-,solid
499,8.8,0.138434,0.543891,0.473644,1.231295,0.133185,AUT,0.0,0.001862,0.070207,0.001459,neutron,pi-,solid
500,8.8,0.199229,0.481511,0.474570,1.576539,0.120936,AUT,0.0,0.001987,0.070207,0.001495,neutron,pi-,solid
501,8.8,0.275072,0.412956,0.476528,1.874283,0.130698,AUT,0.0,0.009432,0.070207,0.001553,neutron,pi-,solid
502,8.8,0.105473,0.660417,0.473421,1.142271,0.310229,AUT,0.0,0.001846,0.070207,0.001460,neutron,pi-,solid
503,8.8,0.136701,0.575177,0.473882,1.295930,0.297047,AUT,0.0,0.002290,0.070207,0.001459,neutron,pi-,solid
504,8.8,0.173233,0.522586,0.474493,1.492028,0.292765,AUT,0.0,0.003555,0.070207,0.001477,neutron,pi-,solid
505,8.8,0.230590,0.455710,0.475535,1.725274,0.291728,AUT,0.0,0.005824,0.070207,0.001519,neutron,pi-,solid
506,8.8,0.102911,0.683859,0.474069,1.152531,0.490871,AUT,0.0,0.002319,0.070207,0.001461,neutron,pi-,solid
507,8.8,0.150848,0.552485,0.474335,1.367299,0.490083,AUT,0.0,0.003732,0.070207,0.001465,neutron,pi-,solid
508,8.8,0.216445,0.471039,0.475152,1.672050,0.489826,AUT,0.0,0.006250,0.070207,0.001508,neutron,pi-,solid
509,8.8,0.125793,0.618095,0.474535,1.249321,0.683789,AUT,0.0,0.001900,0.070207,0.001462,neutron,pi-,solid
510,8.8,0.205481,0.492494,0.473816,1.664888,0.678304,AUT,0.0,0.008303,0.070207,0.001502,neutron,pi-,solid
511,8.8,0.150459,0.518170,0.523676,1.272297,0.129776,AUT,0.0,0.001854,0.070207,0.001449,neutron,pi-,solid
512,8.8,0.217448,0.451528,0.524098,1.612890,0.124082,AUT,0.0,0.002440,0.070207,0.001486,neutron,pi-,solid
513,8.8,0.113361,0.632625,0.523544,1.173480,0.308950,AUT,0.0,0.001837,0.070207,0.001448,neutron,pi-,solid
514,8.8,0.156827,0.534164,0.523962,1.378151,0.295928,AUT,0.0,0.002561,0.070207,0.001451,neutron,pi-,solid
515,8.8,0.216712,0.455759,0.524455,1.617645,0.291531,AUT,0.0,0.003686,0.070207,0.001486,neutron,pi-,solid
516,8.8,0.108080,0.665824,0.524040,1.175966,0.492532,AUT,0.0,0.002257,0.070207,0.001451,neutron,pi-,solid
517,8.8,0.174437,0.513045,0.524088,1.458029,0.488536,AUT,0.0,0.004233,0.070207,0.001461,neutron,pi-,solid
518,8.8,0.267941,0.416446,0.521685,1.841193,0.469430,AUT,0.0,0.036428,0.070207,0.001523,neutron,pi-,solid
519,8.8,0.117497,0.640269,0.524574,1.216806,0.733811,AUT,0.0,0.001905,0.070207,0.001450,neutron,pi-,solid
520,8.8,0.186404,0.523744,0.523267,1.606201,0.711333,AUT,0.0,0.004843,0.070207,0.001469,neutron,pi-,solid
521,8.8,0.165329,0.496242,0.573625,1.335267,0.128591,AUT,0.0,0.001835,0.070207,0.001437,neutron,pi-,solid
522,8.8,0.242307,0.429716,0.573532,1.715145,0.127490,AUT,0.0,0.004474,0.070207,0.001475,neutron,pi-,solid
523,8.8,0.122402,0.605532,0.573623,1.209427,0.307347,AUT,0.0,0.001846,0.070207,0.001434,neutron,pi-,solid
524,8.8,0.186740,0.487262,0.573768,1.489043,0.292949,AUT,0.0,0.002763,0.070207,0.001445,neutron,pi-,solid
525,8.8,0.267024,0.411064,0.572216,1.811060,0.283324,AUT,0.0,0.008388,0.070207,0.001490,neutron,pi-,solid
526,8.8,0.115680,0.642450,0.573998,1.209359,0.493892,AUT,0.0,0.002222,0.070207,0.001437,neutron,pi-,solid
527,8.8,0.184669,0.504694,0.573422,1.527097,0.485925,AUT,0.0,0.006849,0.070207,0.001445,neutron,pi-,solid
528,8.8,0.124284,0.634648,0.574060,1.271027,0.739061,AUT,0.0,0.002110,0.070207,0.001438,neutron,pi-,solid
529,8.8,0.211760,0.517895,0.571738,1.807873,0.682801,AUT,0.0,0.019624,0.070207,0.001462,neutron,pi-,solid
530,8.8,0.126641,0.583178,0.623534,1.205130,0.266010,AUT,0.0,0.001820,0.070207,0.001415,neutron,pi-,solid
531,8.8,0.178993,0.491121,0.623300,1.447966,0.220059,AUT,0.0,0.002069,0.070207,0.001415,neutron,pi-,solid
532,8.8,0.235553,0.447485,0.621789,1.737025,0.204977,AUT,0.0,0.003897,0.070207,0.001440,neutron,pi-,solid
533,8.8,0.126773,0.616720,0.623821,1.264708,0.493718,AUT,0.0,0.002265,0.070207,0.001418,neutron,pi-,solid
534,8.8,0.203205,0.508513,0.622260,1.701159,0.482149,AUT,0.0,0.017943,0.070207,0.001426,neutron,pi-,solid
535,8.8,0.120954,0.651779,0.623752,1.273135,0.752455,AUT,0.0,0.002613,0.070207,0.001422,neutron,pi-,solid
536,8.8,0.138475,0.558912,0.673187,1.260531,0.255064,AUT,0.0,0.001798,0.070207,0.001390,neutron,pi-,solid
537,8.8,0.201311,0.499225,0.671599,1.655094,0.211082,AUT,0.0,0.003181,0.070207,0.001391,neutron,pi-,solid
538,8.8,0.117198,0.644106,0.673514,1.229813,0.566954,AUT,0.0,0.002164,0.070207,0.001401,neutron,pi-,solid
539,8.8,0.179850,0.562601,0.671825,1.666560,0.520633,AUT,0.0,0.013355,0.070207,0.001387,neutron,pi-,solid
540,8.8,0.239911,0.580458,0.332330,2.294700,0.281347,AUT,0.0,0.003632,0.070207,0.001607,neutron,pi-,solid
541,8.8,0.242278,0.548606,0.375619,2.185787,0.197954,AUT,0.0,0.003826,0.070207,0.001586,neutron,pi-,solid
542,8.8,0.305703,0.526856,0.379591,2.656608,0.196531,AUT,0.0,0.006671,0.070207,0.001643,neutron,pi-,solid
543,8.8,0.255696,0.544101,0.376954,2.285535,0.548122,AUT,0.0,0.005035,0.070207,0.001597,neutron,pi-,solid
544,8.8,0.250483,0.532155,0.424034,2.187983,0.202230,AUT,0.0,0.003464,0.070207,0.001569,neutron,pi-,solid
545,8.8,0.320266,0.480568,0.426497,2.535331,0.209579,AUT,0.0,0.004354,0.070207,0.001622,neutron,pi-,solid
546,8.8,0.269430,0.519581,0.424833,2.288942,0.555484,AUT,0.0,0.004766,0.070207,0.001583,neutron,pi-,solid
547,8.8,0.262870,0.518287,0.473811,2.231159,0.208368,AUT,0.0,0.003100,0.070207,0.001553,neutron,pi-,solid
548,8.8,0.338119,0.452882,0.473931,2.527186,0.225463,AUT,0.0,0.006066,0.070207,0.001601,neutron,pi-,solid
549,8.8,0.270584,0.515539,0.473723,2.277128,0.552257,AUT,0.0,0.005863,0.070207,0.001558,neutron,pi-,solid
550,8.8,0.264355,0.516836,0.523757,2.236547,0.275850,AUT,0.0,0.003191,0.070207,0.001526,neutron,pi-,solid
551,8.8,0.340837,0.453201,0.523290,2.549631,0.272534,AUT,0.0,0.007235,0.070207,0.001568,neutron,pi-,solid
552,8.8,0.271188,0.514381,0.573272,2.278146,0.302165,AUT,0.0,0.003077,0.070207,0.001496,neutron,pi-,solid
553,8.8,0.262953,0.526336,0.622613,2.266465,0.289911,AUT,0.0,0.003879,0.070207,0.001454,neutron,pi-,solid
554,8.8,0.251518,0.543790,0.671545,2.247358,0.270689,AUT,0.0,0.005404,0.070207,0.001407,neutron,pi-,solid
555,8.8,0.359302,0.577180,0.332732,3.420916,0.275924,AUT,0.0,0.005820,0.070207,0.001724,neutron,pi-,solid
556,8.8,0.374242,0.556771,0.374558,3.430073,0.199212,AUT,0.0,0.005154,0.070207,0.001701,neutron,pi-,solid
557,8.8,0.467988,0.510251,0.378011,3.943284,0.221172,AUT,0.0,0.089937,0.070207,0.001760,neutron,pi-,solid
558,8.8,0.371791,0.558069,0.374634,3.416135,0.542358,AUT,0.0,0.012251,0.070207,0.001699,neutron,pi-,solid
559,8.8,0.371828,0.555921,0.423782,3.403436,0.291655,AUT,0.0,0.005064,0.070207,0.001663,neutron,pi-,solid
560,8.8,0.450818,0.512521,0.423556,3.815283,0.277752,AUT,0.0,0.023444,0.070207,0.001706,neutron,pi-,solid
561,8.8,0.375240,0.554361,0.473702,3.422826,0.295922,AUT,0.0,0.005513,0.070207,0.001627,neutron,pi-,solid
562,8.8,0.373839,0.555388,0.523440,3.416863,0.294869,AUT,0.0,0.006162,0.070207,0.001585,neutron,pi-,solid
563,8.8,0.370243,0.558330,0.573036,3.403648,0.283913,AUT,0.0,0.007121,0.070207,0.001536,neutron,pi-,solid
564,8.8,0.458100,0.579227,0.332125,4.379163,0.271436,AUT,0.0,0.011110,0.070207,0.001804,neutron,pi-,solid
565,8.8,0.462601,0.569056,0.373702,4.343674,0.273957,AUT,0.0,0.009472,0.070207,0.001765,neutron,pi-,solid
566,8.8,0.462165,0.569365,0.423713,4.341891,0.277583,AUT,0.0,0.010590,0.070207,0.001717,neutron,pi-,solid
567,8.8,0.461721,0.569773,0.473460,4.340854,0.278337,AUT,0.0,0.011622,0.070207,0.001669,neutron,pi-,solid
