i,Ebeam,x,y,z,Q2,pT,obs,value,stat,systrel,systabs,target,hadron,Experiment
0,11.0,0.081949,0.694365,0.322828,1.166785,0.134434,AUT,0.0,0.008410,0.070207,0.008945,proton,pi-,solid
1,11.0,0.102415,0.616254,0.323608,1.301739,0.127190,AUT,0.0,0.009361,0.070207,0.008947,proton,pi-,solid
2,11.0,0.118908,0.590420,0.324597,1.448560,0.124038,AUT,0.0,0.009145,0.070207,0.008929,proton,pi-,solid
3,11.0,0.138399,0.563737,0.325113,1.609147,0.121873,AUT,0.0,0.009204,0.070207,0.008887,proton,pi-,solid
4,11.0,0.169065,0.511775,0.327090,1.778819,0.121981,AUT,0.0,0.008819,0.070207,0.008797,proton,pi-,solid
5,11.0,0.070156,0.768661,0.323297,1.108825,0.304971,AUT,0.0,0.008603,0.070207,0.008942,proton,pi-,solid
6,11.0,0.083687,0.700523,0.323874,1.209336,0.299374,AUT,0.0,0.008276,0.070207,0.008943,proton,pi-,solid
7,11.0,0.095104,0.664462,0.324035,1.303713,0.297263,AUT,0.0,0.007753,0.070207,0.008944,proton,pi-,solid
8,11.0,0.106823,0.634968,0.324415,1.399654,0.295392,AUT,0.0,0.007701,0.070207,0.008939,proton,pi-,solid
9,11.0,0.120082,0.609082,0.324879,1.509020,0.293674,AUT,0.0,0.007967,0.070207,0.008923,proton,pi-,solid
10,11.0,0.137007,0.576105,0.325234,1.627986,0.292691,AUT,0.0,0.007577,0.070207,0.008888,proton,pi-,solid
11,11.0,0.166995,0.518853,0.326969,1.780034,0.290028,AUT,0.0,0.006731,0.070207,0.008802,proton,pi-,solid
12,11.0,0.072808,0.759628,0.324375,1.135293,0.486646,AUT,0.0,0.009449,0.070207,0.008942,proton,pi-,solid
13,11.0,0.091251,0.679468,0.324379,1.278419,0.486272,AUT,0.0,0.008013,0.070207,0.008944,proton,pi-,solid
14,11.0,0.108547,0.631238,0.324710,1.412916,0.485705,AUT,0.0,0.007323,0.070207,0.008937,proton,pi-,solid
15,11.0,0.131967,0.582345,0.325177,1.583608,0.486314,AUT,0.0,0.006603,0.070207,0.008900,proton,pi-,solid
16,11.0,0.167376,0.516159,0.327019,1.775271,0.486998,AUT,0.0,0.007089,0.070207,0.008801,proton,pi-,solid
17,11.0,0.095207,0.699948,0.326101,1.351266,0.670268,AUT,0.0,0.006015,0.070207,0.008934,proton,pi-,solid
18,11.0,0.157067,0.546846,0.327764,1.759549,0.665267,AUT,0.0,0.011429,0.070207,0.008830,proton,pi-,solid
19,11.0,0.088530,0.661596,0.372884,1.198689,0.135193,AUT,0.0,0.009175,0.070207,0.008988,proton,pi-,solid
20,11.0,0.114611,0.576821,0.373480,1.362699,0.127380,AUT,0.0,0.009275,0.070207,0.008993,proton,pi-,solid
21,11.0,0.136976,0.537258,0.374214,1.517589,0.124056,AUT,0.0,0.009168,0.070207,0.008962,proton,pi-,solid
22,11.0,0.170057,0.483040,0.375009,1.688485,0.123803,AUT,0.0,0.008419,0.070207,0.008873,proton,pi-,solid
23,11.0,0.217625,0.416477,0.378670,1.868272,0.128063,AUT,0.0,0.021018,0.070207,0.008722,proton,pi-,solid
24,11.0,0.074044,0.741254,0.373267,1.127421,0.307464,AUT,0.0,0.008232,0.070207,0.008976,proton,pi-,solid
25,11.0,0.091078,0.668126,0.373784,1.254814,0.300123,AUT,0.0,0.007978,0.070207,0.008987,proton,pi-,solid
26,11.0,0.105609,0.627583,0.374050,1.367312,0.296400,AUT,0.0,0.008125,0.070207,0.008991,proton,pi-,solid
27,11.0,0.120741,0.589020,0.374301,1.466928,0.293276,AUT,0.0,0.008236,0.070207,0.008983,proton,pi-,solid
28,11.0,0.140249,0.547922,0.374735,1.584245,0.290538,AUT,0.0,0.007994,0.070207,0.008951,proton,pi-,solid
29,11.0,0.178786,0.473443,0.376092,1.733544,0.287466,AUT,0.0,0.007110,0.070207,0.008845,proton,pi-,solid
30,11.0,0.074484,0.749863,0.374263,1.146191,0.489838,AUT,0.0,0.009135,0.070207,0.008975,proton,pi-,solid
31,11.0,0.095656,0.664871,0.374179,1.310664,0.489649,AUT,0.0,0.008035,0.070207,0.008987,proton,pi-,solid
32,11.0,0.118043,0.595720,0.374223,1.448005,0.489677,AUT,0.0,0.007199,0.070207,0.008984,proton,pi-,solid
33,11.0,0.154434,0.514413,0.374733,1.629711,0.491471,AUT,0.0,0.005916,0.070207,0.008915,proton,pi-,solid
34,11.0,0.208906,0.427252,0.377488,1.838392,0.493545,AUT,0.0,0.012621,0.070207,0.008750,proton,pi-,solid
35,11.0,0.090850,0.698004,0.375279,1.289549,0.676837,AUT,0.0,0.007354,0.070207,0.008981,proton,pi-,solid
36,11.0,0.152241,0.538211,0.376177,1.662732,0.672103,AUT,0.0,0.008380,0.070207,0.008911,proton,pi-,solid
37,11.0,0.103955,0.699888,0.377384,1.447487,0.870593,AUT,0.0,0.009821,0.070207,0.008960,proton,pi-,solid
38,11.0,0.098611,0.620233,0.423052,1.248824,0.134091,AUT,0.0,0.009413,0.070207,0.009030,proton,pi-,solid
39,11.0,0.132448,0.531484,0.423661,1.450074,0.126255,AUT,0.0,0.009277,0.070207,0.009027,proton,pi-,solid
40,11.0,0.169993,0.464683,0.424299,1.622282,0.124677,AUT,0.0,0.008587,0.070207,0.008945,proton,pi-,solid
41,11.0,0.224824,0.390641,0.426132,1.807409,0.129933,AUT,0.0,0.016814,0.070207,0.008780,proton,pi-,solid
42,11.0,0.078873,0.713852,0.423334,1.154920,0.308626,AUT,0.0,0.007912,0.070207,0.009008,proton,pi-,solid
43,11.0,0.099753,0.633592,0.423858,1.303057,0.300509,AUT,0.0,0.008175,0.070207,0.009030,proton,pi-,solid
44,11.0,0.118790,0.586620,0.424105,1.436645,0.295891,AUT,0.0,0.008201,0.070207,0.009033,proton,pi-,solid
45,11.0,0.141405,0.532339,0.424342,1.551175,0.291600,AUT,0.0,0.008629,0.070207,0.009008,proton,pi-,solid
46,11.0,0.182361,0.449737,0.424969,1.679301,0.288018,AUT,0.0,0.008081,0.070207,0.008908,proton,pi-,solid
47,11.0,0.247113,0.367510,0.428553,1.871814,0.291522,AUT,0.0,0.023448,0.070207,0.008717,proton,pi-,solid
48,11.0,0.077461,0.733746,0.424074,1.165416,0.493023,AUT,0.0,0.008439,0.070207,0.009005,proton,pi-,solid
49,11.0,0.102785,0.643415,0.424179,1.361957,0.490494,AUT,0.0,0.008150,0.070207,0.009028,proton,pi-,solid
50,11.0,0.133734,0.549838,0.424219,1.510617,0.491319,AUT,0.0,0.007063,0.070207,0.009018,proton,pi-,solid
51,11.0,0.187049,0.442190,0.424897,1.688106,0.493910,AUT,0.0,0.007010,0.070207,0.008894,proton,pi-,solid
52,11.0,0.091880,0.687515,0.424807,1.282234,0.682410,AUT,0.0,0.007739,0.070207,0.009017,proton,pi-,solid
53,11.0,0.158802,0.507339,0.425257,1.625773,0.678132,AUT,0.0,0.007676,0.070207,0.008959,proton,pi-,solid
54,11.0,0.107437,0.674874,0.426772,1.433835,0.884740,AUT,0.0,0.009079,0.070207,0.008999,proton,pi-,solid
55,11.0,0.108939,0.585725,0.473201,1.299854,0.133124,AUT,0.0,0.009506,0.070207,0.009072,proton,pi-,solid
56,11.0,0.157135,0.477452,0.473899,1.539653,0.125659,AUT,0.0,0.008754,0.070207,0.009040,proton,pi-,solid
57,11.0,0.215572,0.387592,0.474586,1.712925,0.130105,AUT,0.0,0.012061,0.070207,0.008889,proton,pi-,solid
58,11.0,0.084478,0.684501,0.473329,1.183980,0.309155,AUT,0.0,0.007802,0.070207,0.009043,proton,pi-,solid
59,11.0,0.110866,0.597343,0.473885,1.364729,0.300195,AUT,0.0,0.008369,0.070207,0.009076,proton,pi-,solid
60,11.0,0.136528,0.538452,0.474076,1.514109,0.294886,AUT,0.0,0.009017,0.070207,0.009069,proton,pi-,solid
61,11.0,0.178375,0.445659,0.474439,1.627186,0.290662,AUT,0.0,0.008873,0.070207,0.008989,proton,pi-,solid
62,11.0,0.246358,0.353196,0.475896,1.789441,0.294025,AUT,0.0,0.016627,0.070207,0.008804,proton,pi-,solid
63,11.0,0.081811,0.711328,0.473813,1.191887,0.494778,AUT,0.0,0.008148,0.070207,0.009037,proton,pi-,solid
64,11.0,0.114434,0.608447,0.474266,1.430954,0.490367,AUT,0.0,0.008295,0.070207,0.009072,proton,pi-,solid
65,11.0,0.172316,0.464715,0.474436,1.612728,0.490053,AUT,0.0,0.006431,0.070207,0.008997,proton,pi-,solid
66,11.0,0.094360,0.674467,0.474431,1.288734,0.685760,AUT,0.0,0.007953,0.070207,0.009051,proton,pi-,solid
67,11.0,0.164611,0.481988,0.474416,1.603859,0.682509,AUT,0.0,0.007606,0.070207,0.009012,proton,pi-,solid
68,11.0,0.109420,0.654293,0.475640,1.416123,0.899591,AUT,0.0,0.008759,0.070207,0.009041,proton,pi-,solid
69,11.0,0.121823,0.549904,0.523410,1.360223,0.131992,AUT,0.0,0.009379,0.070207,0.009122,proton,pi-,solid
70,11.0,0.189403,0.419038,0.523884,1.614511,0.128014,AUT,0.0,0.009246,0.070207,0.009040,proton,pi-,solid
71,11.0,0.091910,0.648040,0.523288,1.217940,0.308691,AUT,0.0,0.008261,0.070207,0.009089,proton,pi-,solid
72,11.0,0.126166,0.556302,0.523898,1.444712,0.298867,AUT,0.0,0.008747,0.070207,0.009130,proton,pi-,solid
73,11.0,0.170888,0.455992,0.524146,1.592417,0.292939,AUT,0.0,0.009339,0.070207,0.009080,proton,pi-,solid
74,11.0,0.241337,0.348967,0.524223,1.730530,0.296492,AUT,0.0,0.015771,0.070207,0.008911,proton,pi-,solid
75,11.0,0.087909,0.676298,0.523500,1.217052,0.495264,AUT,0.0,0.008530,0.070207,0.009080,proton,pi-,solid
76,11.0,0.130801,0.561231,0.524293,1.501675,0.489631,AUT,0.0,0.008681,0.070207,0.009123,proton,pi-,solid
77,11.0,0.198816,0.408042,0.524105,1.651362,0.484834,AUT,0.0,0.009936,0.070207,0.009017,proton,pi-,solid
78,11.0,0.103031,0.637664,0.524042,1.323221,0.687538,AUT,0.0,0.007831,0.070207,0.009098,proton,pi-,solid
79,11.0,0.177454,0.452304,0.523675,1.640079,0.685277,AUT,0.0,0.009996,0.070207,0.009061,proton,pi-,solid
80,11.0,0.111854,0.629980,0.524955,1.403241,0.915360,AUT,0.0,0.008739,0.070207,0.009092,proton,pi-,solid
81,11.0,0.138286,0.509803,0.573475,1.420472,0.130294,AUT,0.0,0.009258,0.070207,0.009184,proton,pi-,solid
82,11.0,0.217949,0.375276,0.573740,1.677281,0.131100,AUT,0.0,0.015054,0.070207,0.009077,proton,pi-,solid
83,11.0,0.102489,0.603357,0.573117,1.263125,0.307175,AUT,0.0,0.008849,0.070207,0.009158,proton,pi-,solid
84,11.0,0.150804,0.497205,0.573949,1.535194,0.296688,AUT,0.0,0.009485,0.070207,0.009193,proton,pi-,solid
85,11.0,0.218017,0.375754,0.573603,1.676639,0.294039,AUT,0.0,0.014105,0.070207,0.009077,proton,pi-,solid
86,11.0,0.098714,0.628986,0.573358,1.269149,0.494353,AUT,0.0,0.008902,0.070207,0.009147,proton,pi-,solid
87,11.0,0.162594,0.487472,0.574049,1.594621,0.486999,AUT,0.0,0.009853,0.070207,0.009169,proton,pi-,solid
88,11.0,0.102917,0.623732,0.573613,1.304309,0.747765,AUT,0.0,0.008035,0.070207,0.009152,proton,pi-,solid
89,11.0,0.166021,0.486872,0.573696,1.653348,0.732084,AUT,0.0,0.010395,0.070207,0.009169,proton,pi-,solid
90,11.0,0.109157,0.566621,0.622987,1.265785,0.260482,AUT,0.0,0.009664,0.070207,0.009242,proton,pi-,solid
91,11.0,0.153953,0.482495,0.623719,1.525334,0.232896,AUT,0.0,0.009341,0.070207,0.009299,proton,pi-,solid
92,11.0,0.209385,0.391669,0.622969,1.682161,0.228607,AUT,0.0,0.012416,0.070207,0.009227,proton,pi-,solid
93,11.0,0.114949,0.575473,0.623235,1.347046,0.493389,AUT,0.0,0.009541,0.070207,0.009247,proton,pi-,solid
94,11.0,0.184201,0.445304,0.623391,1.677362,0.484478,AUT,0.0,0.019275,0.070207,0.009264,proton,pi-,solid
95,11.0,0.117934,0.580842,0.623045,1.385579,0.773869,AUT,0.0,0.008052,0.070207,0.009241,proton,pi-,solid
96,11.0,0.212039,0.429121,0.620757,1.876521,0.660430,AUT,0.0,0.067166,0.070207,0.009206,proton,pi-,solid
97,11.0,0.124450,0.522315,0.672918,1.329060,0.250606,AUT,0.0,0.009858,0.070207,0.009373,proton,pi-,solid
98,11.0,0.184083,0.437736,0.672848,1.650412,0.227219,AUT,0.0,0.012330,0.070207,0.009418,proton,pi-,solid
99,11.0,0.120591,0.550367,0.672800,1.357012,0.558818,AUT,0.0,0.010022,0.070207,0.009355,proton,pi-,solid
100,11.0,0.183749,0.464378,0.672240,1.753480,0.523507,AUT,0.0,0.029098,0.070207,0.009416,proton,pi-,solid
101,11.0,0.165901,0.652093,0.323617,2.216939,0.125707,AUT,0.0,0.008756,0.070207,0.008760,proton,pi-,solid
102,11.0,0.206431,0.567353,0.324439,2.414112,0.123639,AUT,0.0,0.009047,0.070207,0.008622,proton,pi-,solid
103,11.0,0.252263,0.507768,0.327213,2.634562,0.126518,AUT,0.0,0.010616,0.070207,0.008475,proton,pi-,solid
104,11.0,0.153957,0.705120,0.323875,2.220588,0.296223,AUT,0.0,0.009812,0.070207,0.008793,proton,pi-,solid
105,11.0,0.192844,0.599380,0.324302,2.382592,0.291941,AUT,0.0,0.007518,0.070207,0.008668,proton,pi-,solid
106,11.0,0.231730,0.535083,0.326245,2.551319,0.289041,AUT,0.0,0.006802,0.070207,0.008537,proton,pi-,solid
107,11.0,0.287373,0.472192,0.331336,2.797221,0.287928,AUT,0.0,0.016312,0.070207,0.008381,proton,pi-,solid
108,11.0,0.164834,0.675332,0.324061,2.265880,0.487698,AUT,0.0,0.007851,0.070207,0.008758,proton,pi-,solid
109,11.0,0.229558,0.539224,0.325914,2.535865,0.489731,AUT,0.0,0.005855,0.070207,0.008547,proton,pi-,solid
110,11.0,0.193612,0.619062,0.326744,2.399188,0.690887,AUT,0.0,0.008119,0.070207,0.008664,proton,pi-,solid
111,11.0,0.175657,0.625879,0.373498,2.250933,0.126423,AUT,0.0,0.008940,0.070207,0.008801,proton,pi-,solid
112,11.0,0.229078,0.520786,0.374101,2.451690,0.126098,AUT,0.0,0.008988,0.070207,0.008632,proton,pi-,solid
113,11.0,0.291550,0.445082,0.375939,2.670524,0.130732,AUT,0.0,0.015292,0.070207,0.008461,proton,pi-,solid
114,11.0,0.160831,0.678800,0.373979,2.232462,0.295977,AUT,0.0,0.009610,0.070207,0.008843,proton,pi-,solid
115,11.0,0.204939,0.573894,0.374209,2.422608,0.290945,AUT,0.0,0.008125,0.070207,0.008706,proton,pi-,solid
116,11.0,0.256605,0.477242,0.375281,2.516094,0.289115,AUT,0.0,0.007473,0.070207,0.008554,proton,pi-,solid
117,11.0,0.327074,0.415469,0.379228,2.800974,0.293609,AUT,0.0,0.020016,0.070207,0.008387,proton,pi-,solid
118,11.0,0.171887,0.658601,0.374040,2.298972,0.489337,AUT,0.0,0.008592,0.070207,0.008806,proton,pi-,solid
119,11.0,0.251711,0.490803,0.375047,2.520429,0.491440,AUT,0.0,0.006097,0.070207,0.008570,proton,pi-,solid
120,11.0,0.205189,0.589740,0.375531,2.398584,0.707666,AUT,0.0,0.007288,0.070207,0.008707,proton,pi-,solid
121,11.0,0.187500,0.598731,0.423502,2.294473,0.127576,AUT,0.0,0.009202,0.070207,0.008835,proton,pi-,solid
122,11.0,0.263609,0.466771,0.424048,2.511542,0.129624,AUT,0.0,0.009559,0.070207,0.008622,proton,pi-,solid
123,11.0,0.168985,0.652951,0.423947,2.255053,0.297169,AUT,0.0,0.009297,0.070207,0.008886,proton,pi-,solid
124,11.0,0.222963,0.533093,0.424107,2.441523,0.291615,AUT,0.0,0.008406,0.070207,0.008729,proton,pi-,solid
125,11.0,0.295146,0.420712,0.425102,2.546480,0.294880,AUT,0.0,0.008970,0.070207,0.008550,proton,pi-,solid
126,11.0,0.181482,0.635607,0.424145,2.334522,0.489143,AUT,0.0,0.008866,0.070207,0.008846,proton,pi-,solid
127,11.0,0.277906,0.443313,0.424877,2.512811,0.487980,AUT,0.0,0.007299,0.070207,0.008591,proton,pi-,solid
128,11.0,0.208733,0.578946,0.424739,2.387154,0.726564,AUT,0.0,0.006953,0.070207,0.008771,proton,pi-,solid
129,11.0,0.204428,0.563896,0.473609,2.341891,0.128508,AUT,0.0,0.009180,0.070207,0.008861,proton,pi-,solid
130,11.0,0.293721,0.423456,0.473658,2.551749,0.133016,AUT,0.0,0.014533,0.070207,0.008642,proton,pi-,solid
131,11.0,0.178093,0.628644,0.473839,2.286220,0.298319,AUT,0.0,0.009194,0.070207,0.008931,proton,pi-,solid
132,11.0,0.251364,0.478041,0.473995,2.453388,0.293931,AUT,0.0,0.008536,0.070207,0.008739,proton,pi-,solid
133,11.0,0.334018,0.378639,0.473988,2.607167,0.302902,AUT,0.0,0.017518,0.070207,0.008569,proton,pi-,solid
134,11.0,0.192714,0.607328,0.474185,2.354089,0.488909,AUT,0.0,0.009032,0.070207,0.008888,proton,pi-,solid
135,11.0,0.301184,0.408967,0.474348,2.526052,0.482644,AUT,0.0,0.010574,0.070207,0.008632,proton,pi-,solid
136,11.0,0.204992,0.586154,0.474347,2.380476,0.744722,AUT,0.0,0.007449,0.070207,0.008857,proton,pi-,solid
137,11.0,0.177234,0.621934,0.523577,2.257196,0.242086,AUT,0.0,0.009168,0.070207,0.009018,proton,pi-,solid
138,11.0,0.231486,0.511993,0.523829,2.434754,0.228748,AUT,0.0,0.009258,0.070207,0.008885,proton,pi-,solid
139,11.0,0.302007,0.408953,0.523692,2.535036,0.250919,AUT,0.0,0.010503,0.070207,0.008739,proton,pi-,solid
140,11.0,0.212382,0.564111,0.524082,2.377812,0.487985,AUT,0.0,0.008730,0.070207,0.008931,proton,pi-,solid
141,11.0,0.339039,0.384054,0.522467,2.685642,0.470367,AUT,0.0,0.030812,0.070207,0.008673,proton,pi-,solid
142,11.0,0.202548,0.588169,0.524031,2.381738,0.757819,AUT,0.0,0.008776,0.070207,0.008952,proton,pi-,solid
143,11.0,0.189703,0.592752,0.573511,2.300396,0.240695,AUT,0.0,0.009533,0.070207,0.009095,proton,pi-,solid
144,11.0,0.270021,0.452313,0.573568,2.490310,0.241260,AUT,0.0,0.009321,0.070207,0.008933,proton,pi-,solid
145,11.0,0.201211,0.580133,0.573893,2.359373,0.553447,AUT,0.0,0.009737,0.070207,0.009069,proton,pi-,solid
146,11.0,0.297492,0.423759,0.572671,2.596241,0.507710,AUT,0.0,0.017949,0.070207,0.008878,proton,pi-,solid
147,11.0,0.207660,0.553040,0.623349,2.339394,0.239792,AUT,0.0,0.009963,0.070207,0.009200,proton,pi-,solid
148,11.0,0.290453,0.427259,0.622729,2.552966,0.245029,AUT,0.0,0.015961,0.070207,0.009066,proton,pi-,solid
149,11.0,0.210312,0.562635,0.623141,2.389743,0.590623,AUT,0.0,0.010352,0.070207,0.009193,proton,pi-,solid
150,11.0,0.215098,0.534530,0.672703,2.345511,0.316467,AUT,0.0,0.010806,0.070207,0.009368,proton,pi-,solid
151,11.0,0.293148,0.444906,0.670524,2.689074,0.275759,AUT,0.0,0.027033,0.070207,0.009271,proton,pi-,solid
152,11.0,0.256129,0.630841,0.323655,3.325819,0.127050,AUT,0.0,0.011593,0.070207,0.008425,proton,pi-,solid
153,11.0,0.319379,0.549513,0.324910,3.604649,0.128717,AUT,0.0,0.012004,0.070207,0.008266,proton,pi-,solid
154,11.0,0.246654,0.644641,0.324207,3.270536,0.291139,AUT,0.0,0.010216,0.070207,0.008455,proton,pi-,solid
155,11.0,0.300210,0.572183,0.324694,3.535031,0.288464,AUT,0.0,0.009542,0.070207,0.008308,proton,pi-,solid
156,11.0,0.361328,0.492228,0.328663,3.663824,0.290636,AUT,0.0,0.016611,0.070207,0.008191,proton,pi-,solid
157,11.0,0.271187,0.609866,0.324033,3.382484,0.489056,AUT,0.0,0.008442,0.070207,0.008387,proton,pi-,solid
158,11.0,0.358530,0.494817,0.328094,3.654159,0.490913,AUT,0.0,0.018137,0.070207,0.008196,proton,pi-,solid
159,11.0,0.283781,0.593841,0.326438,3.423980,0.690120,AUT,0.0,0.014837,0.070207,0.008362,proton,pi-,solid
160,11.0,0.269156,0.613195,0.373587,3.390203,0.128311,AUT,0.0,0.011701,0.070207,0.008478,proton,pi-,solid
161,11.0,0.348958,0.494898,0.374311,3.542765,0.132561,AUT,0.0,0.016527,0.070207,0.008310,proton,pi-,solid
162,11.0,0.252115,0.637587,0.373977,3.305937,0.293645,AUT,0.0,0.010876,0.070207,0.008525,proton,pi-,solid
163,11.0,0.321538,0.532071,0.374245,3.505527,0.290958,AUT,0.0,0.009969,0.070207,0.008361,proton,pi-,solid
164,11.0,0.405086,0.428423,0.377390,3.577874,0.300054,AUT,0.0,0.024174,0.070207,0.008226,proton,pi-,solid
165,11.0,0.290315,0.579799,0.374352,3.402573,0.487254,AUT,0.0,0.008846,0.070207,0.008437,proton,pi-,solid
166,11.0,0.423991,0.418986,0.378416,3.665097,0.483681,AUT,0.0,0.042986,0.070207,0.008198,proton,pi-,solid
167,11.0,0.291039,0.579586,0.374977,3.410991,0.708318,AUT,0.0,0.012772,0.070207,0.008436,proton,pi-,solid
168,11.0,0.292197,0.577363,0.423585,3.427377,0.130052,AUT,0.0,0.011356,0.070207,0.008519,proton,pi-,solid
169,11.0,0.426344,0.405115,0.423305,3.564814,0.143118,AUT,0.0,0.077579,0.070207,0.008299,proton,pi-,solid
170,11.0,0.261201,0.625191,0.423862,3.355390,0.295306,AUT,0.0,0.011192,0.070207,0.008586,proton,pi-,solid
171,11.0,0.351518,0.486425,0.423874,3.489561,0.296894,AUT,0.0,0.011681,0.070207,0.008408,proton,pi-,solid
172,11.0,0.274485,0.604287,0.424273,3.385388,0.545458,AUT,0.0,0.009924,0.070207,0.008558,proton,pi-,solid
173,11.0,0.380078,0.446776,0.424272,3.490465,0.525510,AUT,0.0,0.016902,0.070207,0.008365,proton,pi-,solid
174,11.0,0.257245,0.628482,0.473719,3.326332,0.237648,AUT,0.0,0.011821,0.070207,0.008687,proton,pi-,solid
175,11.0,0.332048,0.515656,0.473754,3.500741,0.239817,AUT,0.0,0.010794,0.070207,0.008542,proton,pi-,solid
176,11.0,0.425460,0.407480,0.473555,3.578232,0.280649,AUT,0.0,0.046662,0.070207,0.008421,proton,pi-,solid
177,11.0,0.286724,0.584869,0.474293,3.396962,0.543349,AUT,0.0,0.010531,0.070207,0.008630,proton,pi-,solid
178,11.0,0.408907,0.419870,0.473412,3.541211,0.489762,AUT,0.0,0.038396,0.070207,0.008440,proton,pi-,solid
179,11.0,0.269602,0.610828,0.523640,3.380623,0.239441,AUT,0.0,0.012061,0.070207,0.008770,proton,pi-,solid
180,11.0,0.357552,0.477373,0.523621,3.495179,0.252253,AUT,0.0,0.015175,0.070207,0.008635,proton,pi-,solid
181,11.0,0.291114,0.579864,0.524103,3.407625,0.577186,AUT,0.0,0.010958,0.070207,0.008739,proton,pi-,solid
182,11.0,0.290278,0.577645,0.573654,3.412404,0.243393,AUT,0.0,0.012016,0.070207,0.008882,proton,pi-,solid
183,11.0,0.401795,0.424406,0.572051,3.517121,0.269803,AUT,0.0,0.044429,0.070207,0.008762,proton,pi-,solid
184,11.0,0.286285,0.587479,0.573777,3.410815,0.581220,AUT,0.0,0.013724,0.070207,0.008890,proton,pi-,solid
185,11.0,0.285742,0.584332,0.623425,3.408291,0.326813,AUT,0.0,0.012450,0.070207,0.009069,proton,pi-,solid
186,11.0,0.380187,0.456471,0.620825,3.579566,0.301257,AUT,0.0,0.040509,0.070207,0.008987,proton,pi-,solid
187,11.0,0.292123,0.571721,0.671338,3.417954,0.371526,AUT,0.0,0.015857,0.070207,0.009282,proton,pi-,solid
188,11.0,0.331437,0.633691,0.323713,4.328692,0.124626,AUT,0.0,0.018071,0.070207,0.008217,proton,pi-,solid
189,11.0,0.403209,0.550458,0.324355,4.556150,0.125388,AUT,0.0,0.015389,0.070207,0.008086,proton,pi-,solid
190,11.0,0.328392,0.636660,0.324246,4.309708,0.287147,AUT,0.0,0.016107,0.070207,0.008225,proton,pi-,solid
191,11.0,0.389135,0.564188,0.324428,4.517891,0.287534,AUT,0.0,0.015743,0.070207,0.008111,proton,pi-,solid
192,11.0,0.463964,0.488242,0.327835,4.670153,0.291592,AUT,0.0,0.029550,0.070207,0.007992,proton,pi-,solid
193,11.0,0.346902,0.614688,0.324105,4.382979,0.540561,AUT,0.0,0.011443,0.070207,0.008189,proton,pi-,solid
194,11.0,0.434360,0.510662,0.326291,4.565971,0.533265,AUT,0.0,0.017774,0.070207,0.008039,proton,pi-,solid
195,11.0,0.343148,0.620094,0.373653,4.378965,0.125860,AUT,0.0,0.018120,0.070207,0.008294,proton,pi-,solid
196,11.0,0.425998,0.522437,0.373623,4.573909,0.127022,AUT,0.0,0.021214,0.070207,0.008159,proton,pi-,solid
197,11.0,0.334857,0.630012,0.374157,4.346134,0.289803,AUT,0.0,0.017097,0.070207,0.008310,proton,pi-,solid
198,11.0,0.416846,0.531300,0.373974,4.541151,0.292088,AUT,0.0,0.017046,0.070207,0.008174,proton,pi-,solid
199,11.0,0.360480,0.596784,0.374281,4.403757,0.543260,AUT,0.0,0.012064,0.070207,0.008267,proton,pi-,solid
200,11.0,0.468278,0.474190,0.374208,4.578737,0.515177,AUT,0.0,0.033841,0.070207,0.008097,proton,pi-,solid
201,11.0,0.363399,0.595331,0.423608,4.427776,0.126728,AUT,0.0,0.017090,0.070207,0.008364,proton,pi-,solid
202,11.0,0.482419,0.470723,0.423396,4.684391,0.131095,AUT,0.0,0.059952,0.070207,0.008196,proton,pi-,solid
203,11.0,0.344450,0.618424,0.423913,4.381910,0.292039,AUT,0.0,0.017898,0.070207,0.008393,proton,pi-,solid
204,11.0,0.433735,0.511235,0.423895,4.556876,0.295754,AUT,0.0,0.023550,0.070207,0.008264,proton,pi-,solid
205,11.0,0.367798,0.588532,0.424316,4.416939,0.561742,AUT,0.0,0.013230,0.070207,0.008360,proton,pi-,solid
206,11.0,0.495232,0.459855,0.423699,4.700343,0.484697,AUT,0.0,0.083367,0.070207,0.008179,proton,pi-,solid
207,11.0,0.335025,0.629469,0.473704,4.344783,0.226642,AUT,0.0,0.018948,0.070207,0.008515,proton,pi-,solid
208,11.0,0.413245,0.536538,0.473741,4.548356,0.231309,AUT,0.0,0.017225,0.070207,0.008414,proton,pi-,solid
209,11.0,0.369220,0.587812,0.474314,4.423469,0.564723,AUT,0.0,0.016158,0.070207,0.008472,proton,pi-,solid
210,11.0,0.347232,0.614815,0.523688,4.389988,0.230238,AUT,0.0,0.019137,0.070207,0.008631,proton,pi-,solid
211,11.0,0.435140,0.510969,0.523567,4.572622,0.239959,AUT,0.0,0.025575,0.070207,0.008543,proton,pi-,solid
212,11.0,0.365426,0.592831,0.524074,4.422150,0.564409,AUT,0.0,0.020572,0.070207,0.008614,proton,pi-,solid
213,11.0,0.346725,0.615245,0.573714,4.386391,0.306676,AUT,0.0,0.019908,0.070207,0.008800,proton,pi-,solid
214,11.0,0.430417,0.516012,0.573181,4.571811,0.303928,AUT,0.0,0.027175,0.070207,0.008742,proton,pi-,solid
215,11.0,0.358318,0.601368,0.623383,4.417204,0.349882,AUT,0.0,0.020000,0.070207,0.009008,proton,pi-,solid
216,11.0,0.458821,0.497327,0.619714,4.708218,0.250578,AUT,0.0,0.083388,0.070207,0.008972,proton,pi-,solid
217,11.0,0.363962,0.590073,0.670651,4.412692,0.335277,AUT,0.0,0.029143,0.070207,0.009266,proton,pi-,solid
218,11.0,0.439512,0.598892,0.323830,5.394038,0.126616,AUT,0.0,0.017523,0.070207,0.008007,proton,pi-,solid
219,11.0,0.553782,0.503059,0.323751,5.750528,0.129900,AUT,0.0,0.109197,0.070207,0.007803,proton,pi-,solid
220,11.0,0.430987,0.607052,0.324195,5.375610,0.287175,AUT,0.0,0.018164,0.070207,0.008023,proton,pi-,solid
221,11.0,0.522033,0.516293,0.324622,5.559277,0.291359,AUT,0.0,0.037690,0.070207,0.007866,proton,pi-,solid
222,11.0,0.442729,0.596359,0.324231,5.406329,0.546960,AUT,0.0,0.014691,0.070207,0.008002,proton,pi-,solid
223,11.0,0.411010,0.628190,0.373878,5.319282,0.215622,AUT,0.0,0.019431,0.070207,0.008167,proton,pi-,solid
224,11.0,0.490182,0.547176,0.373775,5.519567,0.228291,AUT,0.0,0.021033,0.070207,0.008043,proton,pi-,solid
225,11.0,0.443332,0.595701,0.374306,5.406954,0.550690,AUT,0.0,0.018182,0.070207,0.008117,proton,pi-,solid
226,11.0,0.423217,0.615663,0.423778,5.360043,0.221939,AUT,0.0,0.020064,0.070207,0.008263,proton,pi-,solid
227,11.0,0.509481,0.527394,0.423681,5.538066,0.238306,AUT,0.0,0.032148,0.070207,0.008144,proton,pi-,solid
228,11.0,0.442759,0.596236,0.424154,5.405192,0.550978,AUT,0.0,0.023071,0.070207,0.008237,proton,pi-,solid
229,11.0,0.426049,0.612732,0.473880,5.367699,0.285867,AUT,0.0,0.020810,0.070207,0.008388,proton,pi-,solid
230,11.0,0.513930,0.523257,0.473651,5.544710,0.305387,AUT,0.0,0.035446,0.070207,0.008285,proton,pi-,solid
231,11.0,0.438454,0.600106,0.523759,5.394729,0.326919,AUT,0.0,0.021011,0.070207,0.008533,proton,pi-,solid
232,11.0,0.546491,0.504726,0.522069,5.693495,0.279164,AUT,0.0,0.108706,0.070207,0.008430,proton,pi-,solid
233,11.0,0.436783,0.602716,0.573489,5.398783,0.338027,AUT,0.0,0.025303,0.070207,0.008737,proton,pi-,solid
234,11.0,0.429830,0.610463,0.622931,5.389787,0.334993,AUT,0.0,0.032672,0.070207,0.008993,proton,pi-,solid
235,11.0,0.430198,0.606974,0.669202,5.377772,0.303738,AUT,0.0,0.050388,0.070207,0.009291,proton,pi-,solid
236,11.0,0.520415,0.601372,0.323975,6.435681,0.305760,AUT,0.0,0.015072,0.070207,0.007850,proton,pi-,solid
237,11.0,0.607481,0.574885,0.323952,7.210326,0.309070,AUT,0.0,0.063014,0.070207,0.007681,proton,pi-,solid
238,11.0,0.524585,0.600737,0.373964,6.479131,0.315353,AUT,0.0,0.017554,0.070207,0.007971,proton,pi-,solid
239,11.0,0.523881,0.601072,0.423841,6.474361,0.322489,AUT,0.0,0.021510,0.070207,0.008108,proton,pi-,solid
240,11.0,0.522416,0.602316,0.473667,6.469801,0.328900,AUT,0.0,0.026124,0.070207,0.008263,proton,pi-,solid
241,11.0,0.518519,0.605611,0.523332,6.458009,0.328049,AUT,0.0,0.032861,0.070207,0.008453,proton,pi-,solid
242,11.0,0.511658,0.611243,0.572810,6.435663,0.318521,AUT,0.0,0.043050,0.070207,0.008693,proton,pi-,solid
243,8.8,0.098898,0.712382,0.324695,1.154856,0.227208,AUT,0.0,0.008256,0.070207,0.012669,proton,pi-,solid
244,8.8,0.135964,0.644918,0.327525,1.444736,0.217011,AUT,0.0,0.006902,0.070207,0.012595,proton,pi-,solid
245,8.8,0.186828,0.590641,0.331167,1.819438,0.219510,AUT,0.0,0.011561,0.070207,0.012367,proton,pi-,solid
246,8.8,0.120912,0.683096,0.326893,1.341111,0.523552,AUT,0.0,0.004897,0.070207,0.012615,proton,pi-,solid
247,8.8,0.203376,0.570055,0.335363,1.913315,0.513107,AUT,0.0,0.032185,0.070207,0.012290,proton,pi-,solid
248,8.8,0.127609,0.615535,0.374957,1.278630,0.122519,AUT,0.0,0.007719,0.070207,0.012705,proton,pi-,solid
249,8.8,0.195777,0.540998,0.377591,1.745157,0.126148,AUT,0.0,0.015821,0.070207,0.012441,proton,pi-,solid
250,8.8,0.114622,0.664256,0.374511,1.238708,0.297123,AUT,0.0,0.008050,0.070207,0.012724,proton,pi-,solid
251,8.8,0.177660,0.560693,0.376904,1.637302,0.293039,AUT,0.0,0.008403,0.070207,0.012526,proton,pi-,solid
252,8.8,0.131961,0.632900,0.375309,1.344368,0.488459,AUT,0.0,0.005822,0.070207,0.012673,proton,pi-,solid
253,8.8,0.225343,0.508526,0.381227,1.890262,0.492635,AUT,0.0,0.030030,0.070207,0.012303,proton,pi-,solid
254,8.8,0.132349,0.652126,0.376846,1.382944,0.691018,AUT,0.0,0.009074,0.070207,0.012661,proton,pi-,solid
255,8.8,0.136688,0.582641,0.424357,1.291490,0.124610,AUT,0.0,0.007751,0.070207,0.012760,proton,pi-,solid
256,8.8,0.212685,0.493834,0.426153,1.727639,0.128934,AUT,0.0,0.016955,0.070207,0.012474,proton,pi-,solid
257,8.8,0.121248,0.634204,0.424323,1.245117,0.294663,AUT,0.0,0.008227,0.070207,0.012783,proton,pi-,solid
258,8.8,0.193521,0.511861,0.426085,1.624802,0.289937,AUT,0.0,0.008736,0.070207,0.012564,proton,pi-,solid
259,8.8,0.139611,0.604174,0.424625,1.344949,0.493001,AUT,0.0,0.006010,0.070207,0.012728,proton,pi-,solid
260,8.8,0.249156,0.452914,0.429244,1.861393,0.495624,AUT,0.0,0.025964,0.070207,0.012320,proton,pi-,solid
261,8.8,0.139189,0.620162,0.426137,1.371960,0.704850,AUT,0.0,0.007335,0.070207,0.012720,proton,pi-,solid
262,8.8,0.154228,0.547114,0.474139,1.352990,0.126764,AUT,0.0,0.007682,0.070207,0.012780,proton,pi-,solid
263,8.8,0.286148,0.403846,0.478159,1.907565,0.135861,AUT,0.0,0.084058,0.070207,0.012309,proton,pi-,solid
264,8.8,0.131739,0.599837,0.474367,1.271411,0.293559,AUT,0.0,0.008068,0.070207,0.012833,proton,pi-,solid
265,8.8,0.215708,0.466967,0.475444,1.650971,0.291283,AUT,0.0,0.010287,0.070207,0.012578,proton,pi-,solid
266,8.8,0.127235,0.620814,0.474397,1.268749,0.559016,AUT,0.0,0.006463,0.070207,0.012834,proton,pi-,solid
267,8.8,0.207526,0.478601,0.474871,1.629113,0.549769,AUT,0.0,0.007898,0.070207,0.012610,proton,pi-,solid
268,8.8,0.123207,0.607113,0.523975,1.215310,0.230089,AUT,0.0,0.008349,0.070207,0.012921,proton,pi-,solid
269,8.8,0.194755,0.472266,0.524350,1.503472,0.226582,AUT,0.0,0.007290,0.070207,0.012781,proton,pi-,solid
270,8.8,0.295684,0.394074,0.523248,1.924000,0.259496,AUT,0.0,0.073558,0.070207,0.012413,proton,pi-,solid
271,8.8,0.133655,0.605596,0.524178,1.292405,0.564164,AUT,0.0,0.006801,0.070207,0.012895,proton,pi-,solid
272,8.8,0.221285,0.460366,0.523365,1.674166,0.528515,AUT,0.0,0.011260,0.070207,0.012671,proton,pi-,solid
273,8.8,0.132305,0.580708,0.573919,1.243400,0.232306,AUT,0.0,0.008408,0.070207,0.013011,proton,pi-,solid
274,8.8,0.206126,0.456345,0.573571,1.543360,0.231049,AUT,0.0,0.009589,0.070207,0.012883,proton,pi-,solid
275,8.8,0.132629,0.615720,0.574066,1.305490,0.609863,AUT,0.0,0.007015,0.070207,0.012984,proton,pi-,solid
276,8.8,0.224596,0.466723,0.572267,1.725994,0.509282,AUT,0.0,0.018412,0.070207,0.012803,proton,pi-,solid
277,8.8,0.146167,0.552838,0.623645,1.300868,0.233410,AUT,0.0,0.008334,0.070207,0.013129,proton,pi-,solid
278,8.8,0.229119,0.450561,0.621986,1.700810,0.228619,AUT,0.0,0.019306,0.070207,0.012990,proton,pi-,solid
279,8.8,0.133958,0.618933,0.623431,1.326719,0.601022,AUT,0.0,0.008860,0.070207,0.013097,proton,pi-,solid
280,8.8,0.142153,0.572439,0.673180,1.315066,0.308453,AUT,0.0,0.008728,0.070207,0.013283,proton,pi-,solid
281,8.8,0.227485,0.480043,0.669279,1.800978,0.239990,AUT,0.0,0.035079,0.070207,0.013226,proton,pi-,solid
282,8.8,0.233548,0.619714,0.329935,2.353913,0.320660,AUT,0.0,0.007242,0.070207,0.012098,proton,pi-,solid
283,8.8,0.248250,0.581652,0.374954,2.352998,0.290112,AUT,0.0,0.006450,0.070207,0.012145,proton,pi-,solid
284,8.8,0.334438,0.513106,0.379809,2.830608,0.279944,AUT,0.0,0.020440,0.070207,0.011838,proton,pi-,solid
285,8.8,0.259803,0.560439,0.424402,2.366903,0.295565,AUT,0.0,0.006784,0.070207,0.012220,proton,pi-,solid
286,8.8,0.359533,0.472253,0.425790,2.801377,0.297862,AUT,0.0,0.022529,0.070207,0.011909,proton,pi-,solid
287,8.8,0.267123,0.549674,0.473971,2.378789,0.340014,AUT,0.0,0.006851,0.070207,0.012319,proton,pi-,solid
288,8.8,0.388462,0.453194,0.473685,2.907022,0.285724,AUT,0.0,0.083077,0.070207,0.011996,proton,pi-,solid
289,8.8,0.265770,0.552290,0.523783,2.376708,0.354199,AUT,0.0,0.008057,0.070207,0.012469,proton,pi-,solid
290,8.8,0.262126,0.557823,0.573504,2.370508,0.351335,AUT,0.0,0.010048,0.070207,0.012660,proton,pi-,solid
291,8.8,0.256216,0.567478,0.623000,2.364680,0.343407,AUT,0.0,0.013392,0.070207,0.012900,proton,pi-,solid
292,8.8,0.247699,0.580743,0.672052,2.347971,0.324087,AUT,0.0,0.018655,0.070207,0.013192,proton,pi-,solid
293,8.8,0.358504,0.577253,0.333060,3.413333,0.293399,AUT,0.0,0.015649,0.070207,0.011617,proton,pi-,solid
294,8.8,0.373427,0.552950,0.375435,3.399186,0.304048,AUT,0.0,0.011438,0.070207,0.011705,proton,pi-,solid
295,8.8,0.376505,0.546127,0.423946,3.382474,0.310314,AUT,0.0,0.012660,0.070207,0.011840,proton,pi-,solid
296,8.8,0.375607,0.547065,0.473892,3.380285,0.311983,AUT,0.0,0.015557,0.070207,0.011999,proton,pi-,solid
297,8.8,0.374017,0.548601,0.523603,3.375912,0.308483,AUT,0.0,0.019341,0.070207,0.012189,proton,pi-,solid
298,8.8,0.370195,0.552727,0.572951,3.368498,0.296019,AUT,0.0,0.025191,0.070207,0.012428,proton,pi-,solid
299,8.8,0.459316,0.563259,0.374181,4.267809,0.311488,AUT,0.0,0.026018,0.070207,0.011477,proton,pi-,solid
