i,Ebeam,x,y,z,Q2,pT,obs,value,stat,systrel,systabs,target,hadron,Experiment
0,11.0,0.089861,0.624084,0.322032,1.155111,0.164096,AUT,0.0,0.002940,0.070207,0.001121,neutron,pi+,solid
1,11.0,0.106806,0.594612,0.322757,1.310437,0.153358,AUT,0.0,0.002375,0.070207,0.001147,neutron,pi+,solid
2,11.0,0.118917,0.576284,0.323056,1.414282,0.147185,AUT,0.0,0.002231,0.070207,0.001166,neutron,pi+,solid
3,11.0,0.129212,0.561515,0.323532,1.497419,0.142532,AUT,0.0,0.002228,0.070207,0.001184,neutron,pi+,solid
4,11.0,0.138670,0.547265,0.324465,1.566281,0.137993,AUT,0.0,0.002290,0.070207,0.001201,neutron,pi+,solid
5,11.0,0.148431,0.532816,0.325290,1.632232,0.133668,AUT,0.0,0.002344,0.070207,0.001219,neutron,pi+,solid
6,11.0,0.159568,0.516835,0.326052,1.702019,0.129513,AUT,0.0,0.002451,0.070207,0.001239,neutron,pi+,solid
7,11.0,0.173894,0.498212,0.327004,1.787657,0.124714,AUT,0.0,0.002640,0.070207,0.001266,neutron,pi+,solid
8,11.0,0.194655,0.469397,0.331289,1.883634,0.117617,AUT,0.0,0.003645,0.070207,0.001306,neutron,pi+,solid
9,11.0,0.065355,0.793324,0.321541,1.068383,0.338282,AUT,0.0,0.002223,0.070207,0.001084,neutron,pi+,solid
10,11.0,0.072815,0.740502,0.322379,1.112707,0.323781,AUT,0.0,0.002072,0.070207,0.001095,neutron,pi+,solid
11,11.0,0.077508,0.713919,0.322671,1.142065,0.318893,AUT,0.0,0.002095,0.070207,0.001102,neutron,pi+,solid
12,11.0,0.081391,0.694274,0.322904,1.166309,0.315673,AUT,0.0,0.002047,0.070207,0.001108,neutron,pi+,solid
13,11.0,0.084857,0.680303,0.323047,1.191579,0.313133,AUT,0.0,0.002090,0.070207,0.001113,neutron,pi+,solid
14,11.0,0.088155,0.673190,0.323071,1.224959,0.311333,AUT,0.0,0.002079,0.070207,0.001118,neutron,pi+,solid
15,11.0,0.091353,0.666865,0.323229,1.257480,0.309916,AUT,0.0,0.002151,0.070207,0.001123,neutron,pi+,solid
16,11.0,0.094402,0.660713,0.323297,1.287467,0.308443,AUT,0.0,0.002188,0.070207,0.001127,neutron,pi+,solid
17,11.0,0.097501,0.655243,0.323386,1.318712,0.307039,AUT,0.0,0.002142,0.070207,0.001132,neutron,pi+,solid
18,11.0,0.100696,0.649452,0.323459,1.349891,0.305514,AUT,0.0,0.002173,0.070207,0.001137,neutron,pi+,solid
19,11.0,0.103947,0.643988,0.323470,1.381759,0.304251,AUT,0.0,0.002178,0.070207,0.001142,neutron,pi+,solid
20,11.0,0.107243,0.638942,0.323495,1.414398,0.303031,AUT,0.0,0.002225,0.070207,0.001148,neutron,pi+,solid
21,11.0,0.110545,0.633309,0.323630,1.445088,0.301852,AUT,0.0,0.002288,0.070207,0.001153,neutron,pi+,solid
22,11.0,0.113842,0.627905,0.323678,1.475512,0.300759,AUT,0.0,0.002352,0.070207,0.001158,neutron,pi+,solid
23,11.0,0.117244,0.623065,0.323669,1.507881,0.299856,AUT,0.0,0.002355,0.070207,0.001164,neutron,pi+,solid
24,11.0,0.120741,0.618009,0.323752,1.540249,0.298749,AUT,0.0,0.002433,0.070207,0.001170,neutron,pi+,solid
25,11.0,0.124291,0.612857,0.323798,1.572324,0.297996,AUT,0.0,0.002491,0.070207,0.001176,neutron,pi+,solid
26,11.0,0.127933,0.606125,0.323902,1.600604,0.297138,AUT,0.0,0.002595,0.070207,0.001183,neutron,pi+,solid
27,11.0,0.131773,0.596489,0.324164,1.622414,0.295889,AUT,0.0,0.002679,0.070207,0.001189,neutron,pi+,solid
28,11.0,0.136101,0.585350,0.324397,1.644377,0.294311,AUT,0.0,0.002759,0.070207,0.001197,neutron,pi+,solid
29,11.0,0.141035,0.572913,0.324793,1.667772,0.292541,AUT,0.0,0.003009,0.070207,0.001206,neutron,pi+,solid
30,11.0,0.146601,0.559430,0.325136,1.692767,0.290858,AUT,0.0,0.003397,0.070207,0.001216,neutron,pi+,solid
31,11.0,0.153370,0.543519,0.325585,1.720464,0.288955,AUT,0.0,0.003996,0.070207,0.001228,neutron,pi+,solid
32,11.0,0.162621,0.524344,0.326153,1.759716,0.287949,AUT,0.0,0.005291,0.070207,0.001245,neutron,pi+,solid
33,11.0,0.178210,0.495921,0.327499,1.822880,0.289289,AUT,0.0,0.010103,0.070207,0.001275,neutron,pi+,solid
34,11.0,0.201012,0.460546,0.333580,1.909248,0.291165,AUT,0.0,0.023717,0.070207,0.001319,neutron,pi+,solid
35,11.0,0.061198,0.831625,0.322956,1.049630,0.501519,AUT,0.0,0.002070,0.070207,0.001078,neutron,pi+,solid
36,11.0,0.066933,0.790993,0.323316,1.092627,0.497058,AUT,0.0,0.002138,0.070207,0.001087,neutron,pi+,solid
37,11.0,0.071092,0.765811,0.323581,1.123679,0.493872,AUT,0.0,0.002154,0.070207,0.001093,neutron,pi+,solid
38,11.0,0.074764,0.747895,0.323798,1.154115,0.491530,AUT,0.0,0.002225,0.070207,0.001098,neutron,pi+,solid
39,11.0,0.078254,0.732717,0.323906,1.183493,0.490273,AUT,0.0,0.002243,0.070207,0.001103,neutron,pi+,solid
40,11.0,0.081752,0.718259,0.324022,1.212000,0.489298,AUT,0.0,0.002284,0.070207,0.001109,neutron,pi+,solid
41,11.0,0.085334,0.707164,0.324058,1.245594,0.488626,AUT,0.0,0.002267,0.070207,0.001114,neutron,pi+,solid
42,11.0,0.089036,0.699434,0.324093,1.285430,0.488258,AUT,0.0,0.002367,0.070207,0.001119,neutron,pi+,solid
43,11.0,0.092836,0.691122,0.324188,1.324346,0.487794,AUT,0.0,0.002392,0.070207,0.001125,neutron,pi+,solid
44,11.0,0.096828,0.682996,0.324189,1.365064,0.487485,AUT,0.0,0.002438,0.070207,0.001131,neutron,pi+,solid
45,11.0,0.100932,0.674694,0.324204,1.405622,0.487270,AUT,0.0,0.002555,0.070207,0.001138,neutron,pi+,solid
46,11.0,0.105224,0.666393,0.324187,1.447358,0.487115,AUT,0.0,0.002576,0.070207,0.001145,neutron,pi+,solid
47,11.0,0.109916,0.656669,0.324244,1.489803,0.486919,AUT,0.0,0.002603,0.070207,0.001152,neutron,pi+,solid
48,11.0,0.114960,0.646123,0.324214,1.533168,0.486690,AUT,0.0,0.002656,0.070207,0.001161,neutron,pi+,solid
49,11.0,0.120553,0.635469,0.324259,1.581207,0.486899,AUT,0.0,0.002632,0.070207,0.001170,neutron,pi+,solid
50,11.0,0.126815,0.620668,0.324338,1.624510,0.487146,AUT,0.0,0.002692,0.070207,0.001181,neutron,pi+,solid
51,11.0,0.134114,0.594210,0.324593,1.644587,0.487964,AUT,0.0,0.002735,0.070207,0.001194,neutron,pi+,solid
52,11.0,0.143617,0.563292,0.324988,1.669307,0.489718,AUT,0.0,0.002744,0.070207,0.001210,neutron,pi+,solid
53,11.0,0.157168,0.530679,0.325887,1.720677,0.490999,AUT,0.0,0.002827,0.070207,0.001235,neutron,pi+,solid
54,11.0,0.181621,0.488994,0.328492,1.828883,0.492198,AUT,0.0,0.003607,0.070207,0.001281,neutron,pi+,solid
55,11.0,0.065236,0.810614,0.326063,1.089154,0.668658,AUT,0.0,0.002075,0.070207,0.001084,neutron,pi+,solid
56,11.0,0.078355,0.744950,0.326407,1.203770,0.666701,AUT,0.0,0.002086,0.070207,0.001104,neutron,pi+,solid
57,11.0,0.091744,0.704282,0.326487,1.332923,0.665635,AUT,0.0,0.002197,0.070207,0.001124,neutron,pi+,solid
58,11.0,0.108198,0.669654,0.326604,1.494421,0.664931,AUT,0.0,0.002410,0.070207,0.001150,neutron,pi+,solid
59,11.0,0.130474,0.618519,0.326948,1.661676,0.662832,AUT,0.0,0.003139,0.070207,0.001188,neutron,pi+,solid
60,11.0,0.166115,0.522864,0.329456,1.782853,0.656427,AUT,0.0,0.010678,0.070207,0.001252,neutron,pi+,solid
61,11.0,0.099285,0.596862,0.372495,1.220132,0.158992,AUT,0.0,0.002676,0.070207,0.001140,neutron,pi+,solid
62,11.0,0.121237,0.564374,0.373111,1.411744,0.145726,AUT,0.0,0.002283,0.070207,0.001177,neutron,pi+,solid
63,11.0,0.135719,0.542419,0.373336,1.519085,0.138887,AUT,0.0,0.002310,0.070207,0.001203,neutron,pi+,solid
64,11.0,0.148349,0.518703,0.373544,1.587841,0.132617,AUT,0.0,0.002378,0.070207,0.001226,neutron,pi+,solid
65,11.0,0.161086,0.493321,0.373680,1.639798,0.126970,AUT,0.0,0.002477,0.070207,0.001250,neutron,pi+,solid
66,11.0,0.175128,0.469219,0.374456,1.695594,0.122199,AUT,0.0,0.002633,0.070207,0.001277,neutron,pi+,solid
67,11.0,0.193252,0.443793,0.375896,1.769228,0.117442,AUT,0.0,0.002795,0.070207,0.001312,neutron,pi+,solid
68,11.0,0.219753,0.413417,0.379236,1.872724,0.114489,AUT,0.0,0.004005,0.070207,0.001363,neutron,pi+,solid
69,11.0,0.069719,0.755778,0.371831,1.084993,0.338985,AUT,0.0,0.002508,0.070207,0.001094,neutron,pi+,solid
70,11.0,0.078905,0.698746,0.372639,1.137664,0.322715,AUT,0.0,0.002180,0.070207,0.001109,neutron,pi+,solid
71,11.0,0.084642,0.672160,0.372954,1.174250,0.317898,AUT,0.0,0.002206,0.070207,0.001117,neutron,pi+,solid
72,11.0,0.089618,0.660804,0.373062,1.222338,0.315403,AUT,0.0,0.002139,0.070207,0.001125,neutron,pi+,solid
73,11.0,0.094513,0.651572,0.373188,1.271101,0.312968,AUT,0.0,0.002139,0.070207,0.001133,neutron,pi+,solid
74,11.0,0.099206,0.642669,0.373267,1.316000,0.310877,AUT,0.0,0.002179,0.070207,0.001140,neutron,pi+,solid
75,11.0,0.103798,0.634761,0.373356,1.359979,0.308894,AUT,0.0,0.002189,0.070207,0.001148,neutron,pi+,solid
76,11.0,0.108343,0.627533,0.373400,1.403354,0.306902,AUT,0.0,0.002248,0.070207,0.001155,neutron,pi+,solid
77,11.0,0.112944,0.619984,0.373510,1.445368,0.305135,AUT,0.0,0.002249,0.070207,0.001163,neutron,pi+,solid
78,11.0,0.117644,0.612851,0.373586,1.488199,0.303394,AUT,0.0,0.002310,0.070207,0.001171,neutron,pi+,solid
79,11.0,0.122387,0.605999,0.373664,1.530893,0.301896,AUT,0.0,0.002363,0.070207,0.001179,neutron,pi+,solid
80,11.0,0.127279,0.597920,0.373747,1.570817,0.300402,AUT,0.0,0.002425,0.070207,0.001188,neutron,pi+,solid
81,11.0,0.132462,0.585144,0.373777,1.599813,0.298498,AUT,0.0,0.002514,0.070207,0.001198,neutron,pi+,solid
82,11.0,0.138093,0.571025,0.373863,1.627567,0.296760,AUT,0.0,0.002678,0.070207,0.001208,neutron,pi+,solid
83,11.0,0.144461,0.554952,0.374006,1.654635,0.294579,AUT,0.0,0.002862,0.070207,0.001220,neutron,pi+,solid
84,11.0,0.151916,0.535370,0.374138,1.678523,0.292204,AUT,0.0,0.003334,0.070207,0.001233,neutron,pi+,solid
85,11.0,0.161013,0.510926,0.374200,1.697675,0.289767,AUT,0.0,0.004278,0.070207,0.001251,neutron,pi+,solid
86,11.0,0.173107,0.482375,0.374652,1.722874,0.289476,AUT,0.0,0.006858,0.070207,0.001273,neutron,pi+,solid
87,11.0,0.191842,0.448038,0.375916,1.772602,0.290765,AUT,0.0,0.011157,0.070207,0.001309,neutron,pi+,solid
88,11.0,0.220377,0.412729,0.379698,1.874842,0.291563,AUT,0.0,0.012682,0.070207,0.001364,neutron,pi+,solid
89,11.0,0.063355,0.814841,0.372852,1.064127,0.503003,AUT,0.0,0.002046,0.070207,0.001085,neutron,pi+,solid
90,11.0,0.070834,0.763036,0.373291,1.115339,0.499042,AUT,0.0,0.002139,0.070207,0.001096,neutron,pi+,solid
91,11.0,0.076038,0.735160,0.373523,1.153704,0.495673,AUT,0.0,0.002207,0.070207,0.001104,neutron,pi+,solid
92,11.0,0.080774,0.713998,0.373755,1.190303,0.493201,AUT,0.0,0.002228,0.070207,0.001111,neutron,pi+,solid
93,11.0,0.085437,0.698489,0.373891,1.231772,0.491423,AUT,0.0,0.002303,0.070207,0.001119,neutron,pi+,solid
94,11.0,0.090177,0.689631,0.373952,1.283624,0.490698,AUT,0.0,0.002406,0.070207,0.001126,neutron,pi+,solid
95,11.0,0.095074,0.680112,0.374013,1.334651,0.489892,AUT,0.0,0.002507,0.070207,0.001134,neutron,pi+,solid
96,11.0,0.100218,0.671159,0.374044,1.388339,0.489280,AUT,0.0,0.002621,0.070207,0.001142,neutron,pi+,solid
97,11.0,0.105753,0.661576,0.374119,1.444094,0.488591,AUT,0.0,0.002704,0.070207,0.001151,neutron,pi+,solid
98,11.0,0.111746,0.650872,0.374151,1.501223,0.488019,AUT,0.0,0.002864,0.070207,0.001161,neutron,pi+,solid
99,11.0,0.118248,0.639135,0.374204,1.559904,0.487414,AUT,0.0,0.003054,0.070207,0.001173,neutron,pi+,solid
100,11.0,0.125465,0.624840,0.374205,1.617978,0.487108,AUT,0.0,0.003237,0.070207,0.001185,neutron,pi+,solid
101,11.0,0.134007,0.595441,0.374207,1.646466,0.486524,AUT,0.0,0.003716,0.070207,0.001201,neutron,pi+,solid
102,11.0,0.145466,0.553575,0.374200,1.661123,0.487973,AUT,0.0,0.004274,0.070207,0.001221,neutron,pi+,solid
103,11.0,0.162297,0.503109,0.374134,1.683594,0.489919,AUT,0.0,0.003898,0.070207,0.001253,neutron,pi+,solid
104,11.0,0.192710,0.446216,0.375967,1.769717,0.490937,AUT,0.0,0.004251,0.070207,0.001311,neutron,pi+,solid
105,11.0,0.235826,0.395399,0.384383,1.923621,0.490974,AUT,0.0,0.028111,0.070207,0.001394,neutron,pi+,solid
106,11.0,0.064962,0.809497,0.374696,1.083331,0.679263,AUT,0.0,0.002080,0.070207,0.001087,neutron,pi+,solid
107,11.0,0.076674,0.748059,0.375051,1.183040,0.675911,AUT,0.0,0.002117,0.070207,0.001105,neutron,pi+,solid
108,11.0,0.087558,0.708016,0.375154,1.279094,0.675634,AUT,0.0,0.002166,0.070207,0.001122,neutron,pi+,solid
109,11.0,0.099570,0.678758,0.375167,1.394410,0.675908,AUT,0.0,0.002214,0.070207,0.001141,neutron,pi+,solid
110,11.0,0.114499,0.645538,0.375094,1.524644,0.676571,AUT,0.0,0.002224,0.070207,0.001166,neutron,pi+,solid
111,11.0,0.134692,0.589796,0.375116,1.636137,0.676292,AUT,0.0,0.002505,0.070207,0.001202,neutron,pi+,solid
112,11.0,0.176308,0.481526,0.376509,1.734807,0.672095,AUT,0.0,0.005374,0.070207,0.001279,neutron,pi+,solid
113,11.0,0.097872,0.715525,0.378774,1.400906,0.857990,AUT,0.0,0.002938,0.070207,0.001139,neutron,pi+,solid
114,11.0,0.108135,0.575786,0.422819,1.281241,0.154108,AUT,0.0,0.002530,0.070207,0.001159,neutron,pi+,solid
115,11.0,0.134674,0.538860,0.423334,1.496945,0.138920,AUT,0.0,0.002297,0.070207,0.001207,neutron,pi+,solid
116,11.0,0.153257,0.505837,0.423532,1.599162,0.130774,AUT,0.0,0.002406,0.070207,0.001242,neutron,pi+,solid
117,11.0,0.171392,0.471678,0.423730,1.667625,0.124530,AUT,0.0,0.002565,0.070207,0.001277,neutron,pi+,solid
118,11.0,0.192352,0.435221,0.423897,1.726389,0.119625,AUT,0.0,0.002700,0.070207,0.001318,neutron,pi+,solid
119,11.0,0.226675,0.388362,0.425840,1.811252,0.119628,AUT,0.0,0.002762,0.070207,0.001384,neutron,pi+,solid
120,11.0,0.075525,0.710966,0.422208,1.105042,0.334802,AUT,0.0,0.002479,0.070207,0.001106,neutron,pi+,solid
121,11.0,0.086668,0.659405,0.422936,1.179404,0.320368,AUT,0.0,0.002226,0.070207,0.001124,neutron,pi+,solid
122,11.0,0.094459,0.643756,0.423089,1.255039,0.316776,AUT,0.0,0.002191,0.070207,0.001136,neutron,pi+,solid
123,11.0,0.101676,0.630717,0.423203,1.323595,0.313748,AUT,0.0,0.002165,0.070207,0.001148,neutron,pi+,solid
124,11.0,0.108657,0.618757,0.423350,1.387663,0.310634,AUT,0.0,0.002188,0.070207,0.001160,neutron,pi+,solid
125,11.0,0.115499,0.608039,0.423478,1.449539,0.307945,AUT,0.0,0.002233,0.070207,0.001172,neutron,pi+,solid
126,11.0,0.122241,0.598083,0.423579,1.509023,0.305367,AUT,0.0,0.002304,0.070207,0.001184,neutron,pi+,solid
127,11.0,0.129074,0.586010,0.423658,1.561144,0.302896,AUT,0.0,0.002362,0.070207,0.001197,neutron,pi+,solid
128,11.0,0.136323,0.568540,0.423746,1.599638,0.300033,AUT,0.0,0.002493,0.070207,0.001211,neutron,pi+,solid
129,11.0,0.144432,0.549752,0.423880,1.638718,0.297393,AUT,0.0,0.002687,0.070207,0.001226,neutron,pi+,solid
130,11.0,0.153943,0.527048,0.424016,1.674314,0.294392,AUT,0.0,0.003101,0.070207,0.001244,neutron,pi+,solid
131,11.0,0.166129,0.497295,0.424146,1.704505,0.290960,AUT,0.0,0.004152,0.070207,0.001268,neutron,pi+,solid
132,11.0,0.183796,0.456364,0.424223,1.729589,0.290386,AUT,0.0,0.007938,0.070207,0.001302,neutron,pi+,solid
133,11.0,0.214987,0.401771,0.425128,1.778259,0.291682,AUT,0.0,0.007036,0.070207,0.001362,neutron,pi+,solid
134,11.0,0.255977,0.359035,0.430290,1.895227,0.289454,AUT,0.0,0.011256,0.070207,0.001441,neutron,pi+,solid
135,11.0,0.065745,0.795727,0.422951,1.077655,0.505859,AUT,0.0,0.002088,0.070207,0.001091,neutron,pi+,solid
136,11.0,0.074958,0.736090,0.423437,1.138461,0.500386,AUT,0.0,0.002132,0.070207,0.001105,neutron,pi+,solid
137,11.0,0.081608,0.703546,0.423638,1.184853,0.496501,AUT,0.0,0.002158,0.070207,0.001116,neutron,pi+,solid
138,11.0,0.087634,0.686097,0.423838,1.241001,0.494041,AUT,0.0,0.002291,0.070207,0.001126,neutron,pi+,solid
139,11.0,0.093583,0.674820,0.423943,1.303465,0.492451,AUT,0.0,0.002390,0.070207,0.001135,neutron,pi+,solid
140,11.0,0.099759,0.664593,0.424016,1.368439,0.491389,AUT,0.0,0.002489,0.070207,0.001145,neutron,pi+,solid
141,11.0,0.106498,0.653898,0.424051,1.437345,0.490465,AUT,0.0,0.002599,0.070207,0.001157,neutron,pi+,solid
142,11.0,0.113936,0.642198,0.424118,1.510207,0.489564,AUT,0.0,0.002767,0.070207,0.001170,neutron,pi+,solid
143,11.0,0.122215,0.629268,0.424188,1.587261,0.488780,AUT,0.0,0.002975,0.070207,0.001185,neutron,pi+,solid
144,11.0,0.131608,0.604809,0.424289,1.642429,0.487286,AUT,0.0,0.003524,0.070207,0.001202,neutron,pi+,solid
145,11.0,0.143809,0.562080,0.424375,1.667291,0.486323,AUT,0.0,0.005255,0.070207,0.001225,neutron,pi+,solid
146,11.0,0.163220,0.502369,0.424245,1.689599,0.488265,AUT,0.0,0.006746,0.070207,0.001262,neutron,pi+,solid
147,11.0,0.201210,0.423301,0.424677,1.749018,0.489712,AUT,0.0,0.005493,0.070207,0.001335,neutron,pi+,solid
148,11.0,0.252222,0.362173,0.429482,1.883404,0.489955,AUT,0.0,0.024349,0.070207,0.001433,neutron,pi+,solid
149,11.0,0.065900,0.800659,0.424012,1.086619,0.689599,AUT,0.0,0.002175,0.070207,0.001091,neutron,pi+,solid
150,11.0,0.078022,0.737530,0.424505,1.186896,0.684532,AUT,0.0,0.002256,0.070207,0.001110,neutron,pi+,solid
151,11.0,0.089295,0.700341,0.424584,1.290337,0.683560,AUT,0.0,0.002375,0.070207,0.001128,neutron,pi+,solid
152,11.0,0.102310,0.670887,0.424619,1.416046,0.683403,AUT,0.0,0.002418,0.070207,0.001150,neutron,pi+,solid
153,11.0,0.118788,0.634369,0.424579,1.554116,0.683681,AUT,0.0,0.002492,0.070207,0.001179,neutron,pi+,solid
154,11.0,0.142678,0.558759,0.424434,1.639898,0.685230,AUT,0.0,0.002505,0.070207,0.001223,neutron,pi+,solid
155,11.0,0.193944,0.439074,0.424945,1.737006,0.683347,AUT,0.0,0.005211,0.070207,0.001320,neutron,pi+,solid
156,11.0,0.083434,0.737030,0.426405,1.253315,0.868532,AUT,0.0,0.002150,0.070207,0.001119,neutron,pi+,solid
157,11.0,0.142216,0.582022,0.427181,1.672691,0.861929,AUT,0.0,0.005223,0.070207,0.001221,neutron,pi+,solid
158,11.0,0.117644,0.556777,0.473083,1.346866,0.148475,AUT,0.0,0.002399,0.070207,0.001180,neutron,pi+,solid
159,11.0,0.149852,0.509654,0.473536,1.574366,0.132193,AUT,0.0,0.002370,0.070207,0.001242,neutron,pi+,solid
160,11.0,0.175658,0.462733,0.473699,1.675695,0.124863,AUT,0.0,0.002541,0.070207,0.001293,neutron,pi+,solid
161,11.0,0.207851,0.409981,0.473857,1.754464,0.121133,AUT,0.0,0.002700,0.070207,0.001356,neutron,pi+,solid
162,11.0,0.253315,0.350763,0.474655,1.828803,0.130748,AUT,0.0,0.004362,0.070207,0.001444,neutron,pi+,solid
163,11.0,0.080502,0.676988,0.472575,1.121460,0.331507,AUT,0.0,0.002589,0.070207,0.001117,neutron,pi+,solid
164,11.0,0.094587,0.636606,0.473078,1.242562,0.319092,AUT,0.0,0.002263,0.070207,0.001140,neutron,pi+,solid
165,11.0,0.105470,0.617444,0.473283,1.343925,0.314847,AUT,0.0,0.002211,0.070207,0.001159,neutron,pi+,solid
166,11.0,0.115483,0.601385,0.473498,1.433345,0.311027,AUT,0.0,0.002245,0.070207,0.001177,neutron,pi+,solid
167,11.0,0.125150,0.586518,0.473548,1.514906,0.307171,AUT,0.0,0.002271,0.070207,0.001195,neutron,pi+,solid
168,11.0,0.135005,0.566022,0.473700,1.576974,0.303229,AUT,0.0,0.002387,0.070207,0.001213,neutron,pi+,solid
169,11.0,0.145814,0.541934,0.473848,1.630651,0.299173,AUT,0.0,0.002619,0.070207,0.001234,neutron,pi+,solid
170,11.0,0.158884,0.512257,0.474016,1.679176,0.295121,AUT,0.0,0.003070,0.070207,0.001260,neutron,pi+,solid
171,11.0,0.177205,0.470830,0.474153,1.720264,0.291261,AUT,0.0,0.005034,0.070207,0.001296,neutron,pi+,solid
172,11.0,0.210013,0.407058,0.474199,1.758344,0.291591,AUT,0.0,0.006301,0.070207,0.001360,neutron,pi+,solid
173,11.0,0.260170,0.342376,0.475930,1.833887,0.289057,AUT,0.0,0.005752,0.070207,0.001457,neutron,pi+,solid
174,11.0,0.069035,0.770724,0.473076,1.095082,0.508909,AUT,0.0,0.002124,0.070207,0.001098,neutron,pi+,solid
175,11.0,0.080342,0.703942,0.473498,1.166766,0.501073,AUT,0.0,0.002125,0.070207,0.001117,neutron,pi+,solid
176,11.0,0.088596,0.677042,0.473773,1.237961,0.497542,AUT,0.0,0.002195,0.070207,0.001130,neutron,pi+,solid
177,11.0,0.096666,0.661805,0.473875,1.320357,0.494946,AUT,0.0,0.002279,0.070207,0.001144,neutron,pi+,solid
178,11.0,0.105131,0.648622,0.473953,1.407391,0.493213,AUT,0.0,0.002398,0.070207,0.001159,neutron,pi+,solid
179,11.0,0.114503,0.634427,0.474072,1.499280,0.491848,AUT,0.0,0.002543,0.070207,0.001175,neutron,pi+,solid
180,11.0,0.124902,0.618212,0.474135,1.593501,0.490551,AUT,0.0,0.002843,0.070207,0.001195,neutron,pi+,solid
181,11.0,0.137057,0.584248,0.474295,1.651852,0.488339,AUT,0.0,0.003585,0.070207,0.001218,neutron,pi+,solid
182,11.0,0.155376,0.526522,0.474363,1.685548,0.487366,AUT,0.0,0.006959,0.070207,0.001253,neutron,pi+,solid
183,11.0,0.193855,0.436206,0.474250,1.734159,0.489726,AUT,0.0,0.006715,0.070207,0.001328,neutron,pi+,solid
184,11.0,0.253963,0.349185,0.475135,1.825090,0.487105,AUT,0.0,0.016003,0.070207,0.001445,neutron,pi+,solid
185,11.0,0.068077,0.784458,0.473844,1.098928,0.692949,AUT,0.0,0.002190,0.070207,0.001097,neutron,pi+,solid
186,11.0,0.081848,0.717166,0.474306,1.210727,0.687861,AUT,0.0,0.002428,0.070207,0.001119,neutron,pi+,solid
187,11.0,0.095004,0.685235,0.474464,1.343074,0.686634,AUT,0.0,0.002670,0.070207,0.001141,neutron,pi+,solid
188,11.0,0.111319,0.652244,0.474542,1.497534,0.685692,AUT,0.0,0.002926,0.070207,0.001170,neutron,pi+,solid
189,11.0,0.134527,0.587918,0.474417,1.626871,0.686515,AUT,0.0,0.003192,0.070207,0.001213,neutron,pi+,solid
190,11.0,0.187128,0.451788,0.473950,1.718465,0.686888,AUT,0.0,0.003656,0.070207,0.001314,neutron,pi+,solid
191,11.0,0.078267,0.749447,0.475548,1.199996,0.875257,AUT,0.0,0.002140,0.070207,0.001113,neutron,pi+,solid
192,11.0,0.132001,0.595914,0.475567,1.586555,0.873605,AUT,0.0,0.002583,0.070207,0.001208,neutron,pi+,solid
193,11.0,0.214982,0.423715,0.474367,1.878892,0.842611,AUT,0.0,0.105094,0.070207,0.001372,neutron,pi+,solid
194,11.0,0.097731,0.712206,0.478077,1.394644,1.067950,AUT,0.0,0.005072,0.070207,0.001146,neutron,pi+,solid
195,11.0,0.127788,0.538929,0.523308,1.414681,0.142905,AUT,0.0,0.002343,0.070207,0.001204,neutron,pi+,solid
196,11.0,0.167733,0.475328,0.523689,1.641961,0.127513,AUT,0.0,0.002492,0.070207,0.001284,neutron,pi+,solid
197,11.0,0.210334,0.406495,0.523784,1.756189,0.123652,AUT,0.0,0.002672,0.070207,0.001370,neutron,pi+,solid
198,11.0,0.266376,0.335111,0.523512,1.839360,0.138896,AUT,0.0,0.007996,0.070207,0.001480,neutron,pi+,solid
199,11.0,0.086808,0.648876,0.522878,1.159151,0.328182,AUT,0.0,0.002493,0.070207,0.001130,neutron,pi+,solid
200,11.0,0.105636,0.611498,0.523348,1.332711,0.316823,AUT,0.0,0.002234,0.070207,0.001163,neutron,pi+,solid
201,11.0,0.120277,0.588493,0.523535,1.460582,0.311587,AUT,0.0,0.002265,0.070207,0.001191,neutron,pi+,solid
202,11.0,0.133757,0.563837,0.523712,1.556076,0.306039,AUT,0.0,0.002377,0.070207,0.001217,neutron,pi+,solid
203,11.0,0.148383,0.532252,0.523850,1.629262,0.300631,AUT,0.0,0.002573,0.070207,0.001246,neutron,pi+,solid
204,11.0,0.167123,0.491683,0.523993,1.694353,0.295031,AUT,0.0,0.003357,0.070207,0.001284,neutron,pi+,solid
205,11.0,0.198366,0.427911,0.524114,1.745766,0.291348,AUT,0.0,0.005930,0.070207,0.001347,neutron,pi+,solid
206,11.0,0.253724,0.347849,0.524198,1.813112,0.290291,AUT,0.0,0.004333,0.070207,0.001455,neutron,pi+,solid
207,11.0,0.074042,0.731095,0.522262,1.113652,0.507891,AUT,0.0,0.002148,0.070207,0.001109,neutron,pi+,solid
208,11.0,0.087619,0.672080,0.523440,1.215055,0.501077,AUT,0.0,0.002132,0.070207,0.001132,neutron,pi+,solid
209,11.0,0.098611,0.651422,0.523829,1.325649,0.497695,AUT,0.0,0.002221,0.070207,0.001151,neutron,pi+,solid
210,11.0,0.109813,0.633991,0.524031,1.436750,0.494995,AUT,0.0,0.002369,0.070207,0.001171,neutron,pi+,solid
211,11.0,0.122145,0.616411,0.524060,1.553709,0.493173,AUT,0.0,0.002580,0.070207,0.001195,neutron,pi+,solid
212,11.0,0.136777,0.582163,0.524175,1.642273,0.490390,AUT,0.0,0.003150,0.070207,0.001224,neutron,pi+,solid
213,11.0,0.159640,0.515071,0.524301,1.692296,0.488182,AUT,0.0,0.006651,0.070207,0.001269,neutron,pi+,solid
214,11.0,0.214483,0.403813,0.523929,1.764754,0.487631,AUT,0.0,0.006860,0.070207,0.001377,neutron,pi+,solid
215,11.0,0.073372,0.744123,0.522343,1.123160,0.692747,AUT,0.0,0.002209,0.070207,0.001108,neutron,pi+,solid
216,11.0,0.090147,0.688155,0.524058,1.279756,0.688261,AUT,0.0,0.002539,0.070207,0.001136,neutron,pi+,solid
217,11.0,0.107962,0.658244,0.524460,1.465716,0.686940,AUT,0.0,0.002951,0.070207,0.001168,neutron,pi+,solid
218,11.0,0.133046,0.596101,0.524592,1.630517,0.686066,AUT,0.0,0.004045,0.070207,0.001216,neutron,pi+,solid
219,11.0,0.184346,0.457787,0.524019,1.720094,0.685006,AUT,0.0,0.004978,0.070207,0.001317,neutron,pi+,solid
220,11.0,0.081900,0.725140,0.523593,1.217113,0.881463,AUT,0.0,0.002252,0.070207,0.001122,neutron,pi+,solid
221,11.0,0.134772,0.585546,0.524720,1.592853,0.879969,AUT,0.0,0.002446,0.070207,0.001218,neutron,pi+,solid
222,11.0,0.101939,0.684209,0.525786,1.404305,1.084330,AUT,0.0,0.003600,0.070207,0.001158,neutron,pi+,solid
223,11.0,0.138024,0.520793,0.573516,1.474038,0.138224,AUT,0.0,0.002368,0.070207,0.001231,neutron,pi+,solid
224,11.0,0.190628,0.436298,0.573780,1.708423,0.125883,AUT,0.0,0.002616,0.070207,0.001340,neutron,pi+,solid
225,11.0,0.247161,0.357241,0.573643,1.814685,0.131146,AUT,0.0,0.004962,0.070207,0.001455,neutron,pi+,solid
226,11.0,0.093247,0.625949,0.572967,1.200860,0.325001,AUT,0.0,0.002469,0.070207,0.001145,neutron,pi+,solid
227,11.0,0.117257,0.586332,0.573369,1.418173,0.313894,AUT,0.0,0.002292,0.070207,0.001190,neutron,pi+,solid
228,11.0,0.136346,0.554442,0.573681,1.559186,0.307161,AUT,0.0,0.002383,0.070207,0.001229,neutron,pi+,solid
229,11.0,0.157265,0.510375,0.573899,1.654775,0.299994,AUT,0.0,0.002747,0.070207,0.001272,neutron,pi+,solid
230,11.0,0.189781,0.444095,0.574113,1.732652,0.292799,AUT,0.0,0.004550,0.070207,0.001339,neutron,pi+,solid
231,11.0,0.246781,0.356267,0.573555,1.805187,0.289620,AUT,0.0,0.004097,0.070207,0.001454,neutron,pi+,solid
232,11.0,0.081290,0.674249,0.572138,1.127825,0.504298,AUT,0.0,0.002175,0.070207,0.001124,neutron,pi+,solid
233,11.0,0.098677,0.633808,0.573156,1.290421,0.499736,AUT,0.0,0.002232,0.070207,0.001155,neutron,pi+,solid
234,11.0,0.114284,0.614686,0.573483,1.449590,0.496037,AUT,0.0,0.002378,0.070207,0.001185,neutron,pi+,solid
235,11.0,0.131153,0.590698,0.573963,1.597943,0.493462,AUT,0.0,0.002732,0.070207,0.001219,neutron,pi+,solid
236,11.0,0.155137,0.527912,0.574267,1.685220,0.489754,AUT,0.0,0.004562,0.070207,0.001268,neutron,pi+,solid
237,11.0,0.206917,0.416013,0.573797,1.758127,0.487448,AUT,0.0,0.008674,0.070207,0.001373,neutron,pi+,solid
238,11.0,0.082234,0.681206,0.572441,1.152721,0.691325,AUT,0.0,0.002321,0.070207,0.001126,neutron,pi+,solid
239,11.0,0.105863,0.643905,0.573540,1.405999,0.687899,AUT,0.0,0.002891,0.070207,0.001169,neutron,pi+,solid
240,11.0,0.135416,0.587234,0.574330,1.633097,0.686705,AUT,0.0,0.004376,0.070207,0.001228,neutron,pi+,solid
241,11.0,0.185462,0.456379,0.573821,1.733897,0.682772,AUT,0.0,0.008535,0.070207,0.001330,neutron,pi+,solid
242,11.0,0.095828,0.662882,0.573017,1.300864,0.884470,AUT,0.0,0.002660,0.070207,0.001151,neutron,pi+,solid
243,11.0,0.149502,0.546473,0.573950,1.669744,0.881478,AUT,0.0,0.004267,0.070207,0.001256,neutron,pi+,solid
244,11.0,0.106498,0.651506,0.574296,1.412848,1.094499,AUT,0.0,0.003512,0.070207,0.001171,neutron,pi+,solid
245,11.0,0.150070,0.499575,0.623597,1.532210,0.134828,AUT,0.0,0.002412,0.070207,0.001264,neutron,pi+,solid
246,11.0,0.215799,0.399408,0.623434,1.764212,0.127315,AUT,0.0,0.003349,0.070207,0.001404,neutron,pi+,solid
247,11.0,0.101967,0.597684,0.622852,1.252885,0.319262,AUT,0.0,0.002374,0.070207,0.001167,neutron,pi+,solid
248,11.0,0.133377,0.551132,0.623428,1.515667,0.308915,AUT,0.0,0.002374,0.070207,0.001230,neutron,pi+,solid
249,11.0,0.162072,0.498063,0.623930,1.662389,0.300105,AUT,0.0,0.002803,0.070207,0.001292,neutron,pi+,solid
250,11.0,0.213439,0.405198,0.623433,1.767347,0.290417,AUT,0.0,0.003588,0.070207,0.001399,neutron,pi+,solid
251,11.0,0.091045,0.625505,0.622240,1.172009,0.502812,AUT,0.0,0.002180,0.070207,0.001146,neutron,pi+,solid
252,11.0,0.116436,0.588651,0.623267,1.413841,0.496730,AUT,0.0,0.002401,0.070207,0.001196,neutron,pi+,solid
253,11.0,0.141756,0.557424,0.623892,1.628323,0.493097,AUT,0.0,0.003007,0.070207,0.001249,neutron,pi+,solid
254,11.0,0.187358,0.454631,0.623684,1.738076,0.487700,AUT,0.0,0.008249,0.070207,0.001344,neutron,pi+,solid
255,11.0,0.092875,0.631391,0.622561,1.206701,0.690159,AUT,0.0,0.002534,0.070207,0.001150,neutron,pi+,solid
256,11.0,0.131515,0.580314,0.623768,1.568910,0.687396,AUT,0.0,0.004264,0.070207,0.001227,neutron,pi+,solid
257,11.0,0.179369,0.472723,0.623269,1.741521,0.680326,AUT,0.0,0.014014,0.070207,0.001328,neutron,pi+,solid
258,11.0,0.103579,0.621662,0.622754,1.320584,0.942483,AUT,0.0,0.002830,0.070207,0.001170,neutron,pi+,solid
259,11.0,0.153694,0.551214,0.622972,1.741086,0.903491,AUT,0.0,0.007877,0.070207,0.001275,neutron,pi+,solid
260,11.0,0.164782,0.475119,0.673598,1.590172,0.132462,AUT,0.0,0.002496,0.070207,0.001305,neutron,pi+,solid
261,11.0,0.232233,0.380525,0.671197,1.821498,0.123635,AUT,0.0,0.007430,0.070207,0.001455,neutron,pi+,solid
262,11.0,0.114391,0.563301,0.672690,1.322805,0.313767,AUT,0.0,0.002314,0.070207,0.001198,neutron,pi+,solid
263,11.0,0.157597,0.502758,0.673662,1.630190,0.302679,AUT,0.0,0.002661,0.070207,0.001292,neutron,pi+,solid
264,11.0,0.204950,0.420163,0.672650,1.768200,0.289322,AUT,0.0,0.004695,0.070207,0.001396,neutron,pi+,solid
265,11.0,0.103849,0.583330,0.672345,1.245806,0.500680,AUT,0.0,0.002276,0.070207,0.001177,neutron,pi+,solid
266,11.0,0.142864,0.540077,0.673556,1.589211,0.493680,AUT,0.0,0.002996,0.070207,0.001260,neutron,pi+,solid
267,11.0,0.186245,0.459067,0.672727,1.756087,0.485045,AUT,0.0,0.013972,0.070207,0.001356,neutron,pi+,solid
268,11.0,0.108872,0.585351,0.672543,1.308746,0.688539,AUT,0.0,0.003073,0.070207,0.001187,neutron,pi+,solid
269,11.0,0.159159,0.523415,0.672628,1.710735,0.681030,AUT,0.0,0.013391,0.070207,0.001297,neutron,pi+,solid
270,11.0,0.114422,0.589533,0.671036,1.383713,0.912311,AUT,0.0,0.006073,0.070207,0.001198,neutron,pi+,solid
271,11.0,0.158279,0.657937,0.322752,2.144202,0.150340,AUT,0.0,0.003251,0.070207,0.001240,neutron,pi+,solid
272,11.0,0.178461,0.604428,0.323305,2.225761,0.137426,AUT,0.0,0.003206,0.070207,0.001277,neutron,pi+,solid
273,11.0,0.190797,0.577666,0.323434,2.274703,0.132172,AUT,0.0,0.003346,0.070207,0.001300,neutron,pi+,solid
274,11.0,0.201013,0.559186,0.323660,2.319956,0.128271,AUT,0.0,0.003455,0.070207,0.001319,neutron,pi+,solid
275,11.0,0.210596,0.545796,0.324328,2.372458,0.125185,AUT,0.0,0.003525,0.070207,0.001337,neutron,pi+,solid
276,11.0,0.220286,0.536724,0.325199,2.440421,0.123039,AUT,0.0,0.003640,0.070207,0.001355,neutron,pi+,solid
277,11.0,0.230736,0.528437,0.325784,2.516696,0.121203,AUT,0.0,0.003736,0.070207,0.001375,neutron,pi+,solid
278,11.0,0.243067,0.517671,0.326140,2.597049,0.118956,AUT,0.0,0.003871,0.070207,0.001397,neutron,pi+,solid
279,11.0,0.259790,0.501470,0.326827,2.688457,0.116162,AUT,0.0,0.004035,0.070207,0.001427,neutron,pi+,solid
280,11.0,0.288199,0.473295,0.330474,2.811890,0.114651,AUT,0.0,0.004719,0.070207,0.001478,neutron,pi+,solid
281,11.0,0.140810,0.715574,0.323179,2.078055,0.309074,AUT,0.0,0.003038,0.070207,0.001208,neutron,pi+,solid
282,11.0,0.153006,0.678004,0.323561,2.140942,0.303798,AUT,0.0,0.003143,0.070207,0.001230,neutron,pi+,solid
283,11.0,0.161709,0.655409,0.323776,2.187465,0.299245,AUT,0.0,0.003314,0.070207,0.001246,neutron,pi+,solid
284,11.0,0.169433,0.637003,0.323945,2.227666,0.295049,AUT,0.0,0.003564,0.070207,0.001261,neutron,pi+,solid
285,11.0,0.176760,0.621420,0.324035,2.267179,0.292265,AUT,0.0,0.003820,0.070207,0.001275,neutron,pi+,solid
286,11.0,0.183944,0.607392,0.324143,2.306078,0.290558,AUT,0.0,0.004287,0.070207,0.001288,neutron,pi+,solid
287,11.0,0.191234,0.593984,0.324191,2.344562,0.289606,AUT,0.0,0.004769,0.070207,0.001302,neutron,pi+,solid
288,11.0,0.198678,0.581131,0.324220,2.383116,0.288736,AUT,0.0,0.005582,0.070207,0.001315,neutron,pi+,solid
289,11.0,0.206400,0.568931,0.324447,2.423761,0.288642,AUT,0.0,0.006369,0.070207,0.001330,neutron,pi+,solid
290,11.0,0.214673,0.558342,0.324915,2.474023,0.288455,AUT,0.0,0.007463,0.070207,0.001345,neutron,pi+,solid
291,11.0,0.223897,0.548003,0.325503,2.532483,0.288476,AUT,0.0,0.008815,0.070207,0.001362,neutron,pi+,solid
292,11.0,0.235336,0.533147,0.325981,2.589546,0.288727,AUT,0.0,0.011703,0.070207,0.001383,neutron,pi+,solid
293,11.0,0.251631,0.512011,0.326623,2.658594,0.289775,AUT,0.0,0.015789,0.070207,0.001413,neutron,pi+,solid
294,11.0,0.282180,0.479266,0.329803,2.786735,0.290392,AUT,0.0,0.013124,0.070207,0.001467,neutron,pi+,solid
295,11.0,0.143334,0.709973,0.324390,2.097719,0.482981,AUT,0.0,0.004444,0.070207,0.001213,neutron,pi+,solid
296,11.0,0.161591,0.658760,0.324324,2.196191,0.485739,AUT,0.0,0.006088,0.070207,0.001246,neutron,pi+,solid
297,11.0,0.177356,0.620913,0.324120,2.272211,0.487501,AUT,0.0,0.005714,0.070207,0.001276,neutron,pi+,solid
298,11.0,0.192962,0.587817,0.324049,2.340511,0.488432,AUT,0.0,0.005216,0.070207,0.001305,neutron,pi+,solid
299,11.0,0.209145,0.559674,0.324400,2.415478,0.489114,AUT,0.0,0.004934,0.070207,0.001335,neutron,pi+,solid
300,11.0,0.228195,0.536867,0.325625,2.527904,0.489400,AUT,0.0,0.005234,0.070207,0.001370,neutron,pi+,solid
301,11.0,0.261748,0.499658,0.327380,2.693977,0.489285,AUT,0.0,0.006383,0.070207,0.001430,neutron,pi+,solid
302,11.0,0.314717,0.446842,0.338307,2.901610,0.487945,AUT,0.0,0.051781,0.070207,0.001527,neutron,pi+,solid
303,11.0,0.160873,0.662676,0.325560,2.189272,0.671346,AUT,0.0,0.003714,0.070207,0.001245,neutron,pi+,solid
304,11.0,0.206681,0.569815,0.326313,2.425353,0.668099,AUT,0.0,0.007051,0.070207,0.001330,neutron,pi+,solid
305,11.0,0.258455,0.504882,0.329068,2.683507,0.667699,AUT,0.0,0.018437,0.070207,0.001424,neutron,pi+,solid
306,11.0,0.165599,0.636062,0.372965,2.167638,0.146432,AUT,0.0,0.003264,0.070207,0.001262,neutron,pi+,solid
307,11.0,0.188980,0.579784,0.373415,2.260684,0.132784,AUT,0.0,0.003299,0.070207,0.001307,neutron,pi+,solid
308,11.0,0.203790,0.551319,0.373589,2.318657,0.127928,AUT,0.0,0.003466,0.070207,0.001335,neutron,pi+,solid
309,11.0,0.216538,0.531177,0.373645,2.373868,0.124593,AUT,0.0,0.003560,0.070207,0.001360,neutron,pi+,solid
310,11.0,0.228779,0.512816,0.373750,2.421350,0.121568,AUT,0.0,0.003678,0.070207,0.001382,neutron,pi+,solid
311,11.0,0.241171,0.494254,0.374072,2.460113,0.119790,AUT,0.0,0.003789,0.070207,0.001405,neutron,pi+,solid
312,11.0,0.255148,0.476935,0.374866,2.511460,0.118652,AUT,0.0,0.003842,0.070207,0.001431,neutron,pi+,solid
313,11.0,0.273965,0.458637,0.375430,2.592830,0.118190,AUT,0.0,0.003880,0.070207,0.001465,neutron,pi+,solid
314,11.0,0.309950,0.429136,0.376974,2.740116,0.122932,AUT,0.0,0.003934,0.070207,0.001530,neutron,pi+,solid
315,11.0,0.144547,0.702973,0.373156,2.094778,0.310692,AUT,0.0,0.003083,0.070207,0.001223,neutron,pi+,solid
316,11.0,0.159379,0.659090,0.373419,2.167741,0.305717,AUT,0.0,0.003203,0.070207,0.001251,neutron,pi+,solid
317,11.0,0.169988,0.633193,0.373679,2.221424,0.300598,AUT,0.0,0.003329,0.070207,0.001271,neutron,pi+,solid
318,11.0,0.179570,0.613135,0.373824,2.272411,0.296642,AUT,0.0,0.003579,0.070207,0.001290,neutron,pi+,solid
319,11.0,0.188653,0.596097,0.373956,2.321071,0.293703,AUT,0.0,0.004018,0.070207,0.001307,neutron,pi+,solid
320,11.0,0.197767,0.580796,0.374039,2.370730,0.292005,AUT,0.0,0.004481,0.070207,0.001325,neutron,pi+,solid
321,11.0,0.207350,0.564950,0.374086,2.417786,0.290813,AUT,0.0,0.005246,0.070207,0.001343,neutron,pi+,solid
322,11.0,0.217618,0.549166,0.374158,2.466573,0.290142,AUT,0.0,0.006212,0.070207,0.001362,neutron,pi+,solid
323,11.0,0.228911,0.528296,0.374168,2.495799,0.289616,AUT,0.0,0.007872,0.070207,0.001383,neutron,pi+,solid
324,11.0,0.241860,0.502024,0.374447,2.505630,0.289689,AUT,0.0,0.010517,0.070207,0.001407,neutron,pi+,solid
325,11.0,0.258556,0.474860,0.375388,2.533506,0.290440,AUT,0.0,0.011512,0.070207,0.001437,neutron,pi+,solid
326,11.0,0.284748,0.447541,0.376263,2.628651,0.290469,AUT,0.0,0.008803,0.070207,0.001485,neutron,pi+,solid
327,11.0,0.326479,0.414930,0.379389,2.792016,0.288088,AUT,0.0,0.009118,0.070207,0.001561,neutron,pi+,solid
328,11.0,0.144499,0.706300,0.374263,2.103626,0.484353,AUT,0.0,0.003889,0.070207,0.001223,neutron,pi+,solid
329,11.0,0.164077,0.653701,0.374456,2.212646,0.482796,AUT,0.0,0.006979,0.070207,0.001260,neutron,pi+,solid
330,11.0,0.182079,0.612442,0.374381,2.300588,0.484912,AUT,0.0,0.010325,0.070207,0.001295,neutron,pi+,solid
331,11.0,0.201121,0.574051,0.374283,2.381895,0.486382,AUT,0.0,0.009863,0.070207,0.001331,neutron,pi+,solid
332,11.0,0.222210,0.535918,0.374206,2.456553,0.487386,AUT,0.0,0.008111,0.070207,0.001371,neutron,pi+,solid
333,11.0,0.247887,0.488763,0.374887,2.498410,0.487999,AUT,0.0,0.007425,0.070207,0.001418,neutron,pi+,solid
334,11.0,0.294623,0.439559,0.377064,2.664028,0.488207,AUT,0.0,0.010059,0.070207,0.001502,neutron,pi+,solid
335,11.0,0.162100,0.658408,0.374440,2.190659,0.682475,AUT,0.0,0.003300,0.070207,0.001256,neutron,pi+,solid
336,11.0,0.208741,0.557264,0.374408,2.394451,0.682527,AUT,0.0,0.004491,0.070207,0.001345,neutron,pi+,solid
337,11.0,0.268330,0.466096,0.376001,2.565701,0.680798,AUT,0.0,0.009984,0.070207,0.001453,neutron,pi+,solid
338,11.0,0.197733,0.600962,0.378385,2.395432,0.857270,AUT,0.0,0.015400,0.070207,0.001321,neutron,pi+,solid
339,11.0,0.173720,0.613953,0.423187,2.193594,0.141688,AUT,0.0,0.003233,0.070207,0.001286,neutron,pi+,solid
340,11.0,0.200824,0.554626,0.423528,2.297865,0.129204,AUT,0.0,0.003414,0.070207,0.001339,neutron,pi+,solid
341,11.0,0.218944,0.525119,0.423652,2.372531,0.125267,AUT,0.0,0.003564,0.070207,0.001374,neutron,pi+,solid
342,11.0,0.235583,0.500159,0.423745,2.431492,0.122696,AUT,0.0,0.003661,0.070207,0.001406,neutron,pi+,solid
343,11.0,0.253223,0.472459,0.423762,2.468636,0.121660,AUT,0.0,0.003722,0.070207,0.001439,neutron,pi+,solid
344,11.0,0.274731,0.441943,0.424019,2.504906,0.122402,AUT,0.0,0.003773,0.070207,0.001478,neutron,pi+,solid
345,11.0,0.310220,0.408871,0.424742,2.614327,0.128650,AUT,0.0,0.003933,0.070207,0.001544,neutron,pi+,solid
346,11.0,0.364375,0.373571,0.425444,2.808321,0.146276,AUT,0.0,0.020875,0.070207,0.001647,neutron,pi+,solid
347,11.0,0.149101,0.688673,0.423183,2.115624,0.311461,AUT,0.0,0.003117,0.070207,0.001239,neutron,pi+,solid
348,11.0,0.167512,0.636919,0.423502,2.201465,0.305854,AUT,0.0,0.003242,0.070207,0.001275,neutron,pi+,solid
349,11.0,0.180626,0.608016,0.423719,2.266463,0.300289,AUT,0.0,0.003453,0.070207,0.001300,neutron,pi+,solid
350,11.0,0.192448,0.586333,0.423877,2.328847,0.296273,AUT,0.0,0.003850,0.070207,0.001324,neutron,pi+,solid
351,11.0,0.204047,0.567779,0.423990,2.391062,0.293838,AUT,0.0,0.004439,0.070207,0.001346,neutron,pi+,solid
352,11.0,0.216398,0.549104,0.424045,2.452356,0.292442,AUT,0.0,0.005219,0.070207,0.001370,neutron,pi+,solid
353,11.0,0.230289,0.524855,0.424069,2.494198,0.290803,AUT,0.0,0.006614,0.070207,0.001397,neutron,pi+,solid
354,11.0,0.246699,0.490447,0.424142,2.496282,0.290224,AUT,0.0,0.009015,0.070207,0.001427,neutron,pi+,solid
355,11.0,0.267574,0.449583,0.424305,2.481446,0.290473,AUT,0.0,0.007873,0.070207,0.001465,neutron,pi+,solid
356,11.0,0.296005,0.413617,0.425450,2.525502,0.288805,AUT,0.0,0.005583,0.070207,0.001517,neutron,pi+,solid
357,11.0,0.342621,0.382969,0.426361,2.704109,0.288146,AUT,0.0,0.006662,0.070207,0.001605,neutron,pi+,solid
358,11.0,0.147384,0.697210,0.424097,2.117270,0.489546,AUT,0.0,0.003428,0.070207,0.001236,neutron,pi+,solid
359,11.0,0.169628,0.640804,0.424429,2.242104,0.484315,AUT,0.0,0.005565,0.070207,0.001279,neutron,pi+,solid
360,11.0,0.190831,0.595570,0.424423,2.344378,0.485251,AUT,0.0,0.010489,0.070207,0.001321,neutron,pi+,solid
361,11.0,0.213912,0.552167,0.424337,2.436295,0.486824,AUT,0.0,0.013081,0.070207,0.001365,neutron,pi+,solid
362,11.0,0.241874,0.497240,0.424221,2.478858,0.487717,AUT,0.0,0.009755,0.070207,0.001418,neutron,pi+,solid
363,11.0,0.284558,0.428088,0.424967,2.508207,0.488394,AUT,0.0,0.009175,0.070207,0.001496,neutron,pi+,solid
364,11.0,0.344100,0.382685,0.426281,2.714387,0.486120,AUT,0.0,0.025385,0.070207,0.001608,neutron,pi+,solid
365,11.0,0.164517,0.652952,0.424412,2.202283,0.684927,AUT,0.0,0.004826,0.070207,0.001268,neutron,pi+,solid
366,11.0,0.219788,0.535176,0.424175,2.416773,0.687394,AUT,0.0,0.004479,0.070207,0.001375,neutron,pi+,solid
367,11.0,0.284462,0.434288,0.424063,2.539389,0.680446,AUT,0.0,0.011562,0.070207,0.001495,neutron,pi+,solid
368,11.0,0.201009,0.587365,0.426247,2.378903,0.879907,AUT,0.0,0.006928,0.070207,0.001336,neutron,pi+,solid
369,11.0,0.181612,0.594383,0.473328,2.218864,0.137745,AUT,0.0,0.003293,0.070207,0.001310,neutron,pi+,solid
370,11.0,0.213353,0.531697,0.473595,2.339979,0.127566,AUT,0.0,0.003490,0.070207,0.001373,neutron,pi+,solid
371,11.0,0.236335,0.497031,0.473700,2.423418,0.124680,AUT,0.0,0.003663,0.070207,0.001418,neutron,pi+,solid
372,11.0,0.260737,0.461274,0.473694,2.480793,0.123899,AUT,0.0,0.003749,0.070207,0.001464,neutron,pi+,solid
373,11.0,0.296317,0.414239,0.473658,2.529102,0.128429,AUT,0.0,0.003869,0.070207,0.001531,neutron,pi+,solid
374,11.0,0.346260,0.377149,0.473269,2.693393,0.143987,AUT,0.0,0.011316,0.070207,0.001627,neutron,pi+,solid
375,11.0,0.154544,0.672118,0.473301,2.138541,0.311939,AUT,0.0,0.003141,0.070207,0.001256,neutron,pi+,solid
376,11.0,0.177149,0.613144,0.473597,2.240921,0.304928,AUT,0.0,0.003321,0.070207,0.001302,neutron,pi+,solid
377,11.0,0.193544,0.581683,0.473775,2.323206,0.299132,AUT,0.0,0.003663,0.070207,0.001334,neutron,pi+,solid
378,11.0,0.208969,0.557632,0.473927,2.404747,0.295480,AUT,0.0,0.004356,0.070207,0.001365,neutron,pi+,solid
379,11.0,0.225333,0.532360,0.474009,2.475258,0.293322,AUT,0.0,0.005332,0.070207,0.001397,neutron,pi+,solid
380,11.0,0.244717,0.493910,0.474127,2.493200,0.291001,AUT,0.0,0.007140,0.070207,0.001435,neutron,pi+,solid
381,11.0,0.270150,0.443968,0.474179,2.473147,0.289965,AUT,0.0,0.006080,0.070207,0.001482,neutron,pi+,solid
382,11.0,0.304216,0.395112,0.474268,2.478270,0.289308,AUT,0.0,0.004640,0.070207,0.001545,neutron,pi+,solid
383,11.0,0.349566,0.370776,0.474140,2.673760,0.291871,AUT,0.0,0.008241,0.070207,0.001633,neutron,pi+,solid
384,11.0,0.151042,0.686116,0.473932,2.134172,0.493157,AUT,0.0,0.003310,0.070207,0.001250,neutron,pi+,solid
385,11.0,0.177049,0.624108,0.474360,2.278774,0.486029,AUT,0.0,0.005018,0.070207,0.001302,neutron,pi+,solid
386,11.0,0.202609,0.574116,0.474371,2.398691,0.486273,AUT,0.0,0.010121,0.070207,0.001353,neutron,pi+,solid
387,11.0,0.233256,0.515028,0.474291,2.475341,0.488090,AUT,0.0,0.013068,0.070207,0.001412,neutron,pi+,solid
388,11.0,0.279929,0.430674,0.474253,2.478909,0.488374,AUT,0.0,0.009038,0.070207,0.001500,neutron,pi+,solid
389,11.0,0.339330,0.377611,0.473856,2.642443,0.480321,AUT,0.0,0.021473,0.070207,0.001613,neutron,pi+,solid
390,11.0,0.167302,0.647844,0.474653,2.219281,0.683468,AUT,0.0,0.007396,0.070207,0.001281,neutron,pi+,solid
391,11.0,0.235339,0.508370,0.474311,2.448513,0.685470,AUT,0.0,0.005789,0.070207,0.001415,neutron,pi+,solid
392,11.0,0.306678,0.420227,0.473265,2.657091,0.668210,AUT,0.0,0.029603,0.070207,0.001551,neutron,pi+,solid
393,11.0,0.198379,0.589017,0.474896,2.358734,0.902746,AUT,0.0,0.004537,0.070207,0.001340,neutron,pi+,solid
394,11.0,0.190389,0.574597,0.523494,2.246919,0.134494,AUT,0.0,0.003352,0.070207,0.001336,neutron,pi+,solid
395,11.0,0.228317,0.507637,0.523730,2.390039,0.126825,AUT,0.0,0.003596,0.070207,0.001414,neutron,pi+,solid
396,11.0,0.261544,0.459827,0.523679,2.479096,0.125493,AUT,0.0,0.003766,0.070207,0.001479,neutron,pi+,solid
397,11.0,0.311345,0.402406,0.523515,2.577790,0.134113,AUT,0.0,0.004728,0.070207,0.001574,neutron,pi+,solid
398,11.0,0.160538,0.654904,0.523430,2.162685,0.311797,AUT,0.0,0.003188,0.070207,0.001276,neutron,pi+,solid
399,11.0,0.187574,0.590069,0.523718,2.283202,0.303520,AUT,0.0,0.003485,0.070207,0.001332,neutron,pi+,solid
400,11.0,0.208011,0.556044,0.523905,2.386488,0.297524,AUT,0.0,0.004081,0.070207,0.001374,neutron,pi+,solid
401,11.0,0.229340,0.523036,0.524014,2.474433,0.294307,AUT,0.0,0.005097,0.070207,0.001417,neutron,pi+,solid
402,11.0,0.255694,0.470631,0.524122,2.480783,0.290652,AUT,0.0,0.005893,0.070207,0.001468,neutron,pi+,solid
403,11.0,0.292866,0.408668,0.524151,2.466019,0.291077,AUT,0.0,0.004298,0.070207,0.001538,neutron,pi+,solid
404,11.0,0.341846,0.373203,0.523934,2.631302,0.295330,AUT,0.0,0.007257,0.070207,0.001635,neutron,pi+,solid
405,11.0,0.155278,0.673744,0.523906,2.153007,0.495340,AUT,0.0,0.003289,0.070207,0.001266,neutron,pi+,solid
406,11.0,0.185691,0.606176,0.524353,2.320747,0.488020,AUT,0.0,0.005019,0.070207,0.001328,neutron,pi+,solid
407,11.0,0.217310,0.547574,0.524303,2.452206,0.487739,AUT,0.0,0.010903,0.070207,0.001393,neutron,pi+,solid
408,11.0,0.262641,0.458918,0.524216,2.477298,0.489184,AUT,0.0,0.010170,0.070207,0.001480,neutron,pi+,solid
409,11.0,0.323015,0.391650,0.522997,2.607452,0.477341,AUT,0.0,0.015634,0.070207,0.001597,neutron,pi+,solid
410,11.0,0.169775,0.643205,0.524632,2.233771,0.684245,AUT,0.0,0.006983,0.070207,0.001295,neutron,pi+,solid
411,11.0,0.246007,0.497402,0.524085,2.499796,0.681915,AUT,0.0,0.008295,0.070207,0.001447,neutron,pi+,solid
412,11.0,0.193129,0.600272,0.524536,2.346999,0.920389,AUT,0.0,0.004260,0.070207,0.001340,neutron,pi+,solid
413,11.0,0.199678,0.555863,0.573582,2.277526,0.132500,AUT,0.0,0.003426,0.070207,0.001366,neutron,pi+,solid
414,11.0,0.247385,0.479279,0.573733,2.442492,0.126872,AUT,0.0,0.003732,0.070207,0.001465,neutron,pi+,solid
415,11.0,0.302353,0.412635,0.573522,2.564752,0.132952,AUT,0.0,0.004824,0.070207,0.001573,neutron,pi+,solid
416,11.0,0.167387,0.636334,0.573424,2.188951,0.311204,AUT,0.0,0.003252,0.070207,0.001300,neutron,pi+,solid
417,11.0,0.199735,0.566613,0.573815,2.334117,0.301633,AUT,0.0,0.003705,0.070207,0.001368,neutron,pi+,solid
418,11.0,0.226797,0.524976,0.573981,2.455389,0.295953,AUT,0.0,0.004646,0.070207,0.001424,neutron,pi+,solid
419,11.0,0.260137,0.461940,0.574100,2.475293,0.291591,AUT,0.0,0.004996,0.070207,0.001491,neutron,pi+,solid
420,11.0,0.314873,0.393077,0.573137,2.547839,0.292523,AUT,0.0,0.004357,0.070207,0.001598,neutron,pi+,solid
421,11.0,0.160707,0.658711,0.573638,2.177131,0.496739,AUT,0.0,0.003361,0.070207,0.001286,neutron,pi+,solid
422,11.0,0.196873,0.584766,0.574266,2.372530,0.489549,AUT,0.0,0.005320,0.070207,0.001363,neutron,pi+,solid
423,11.0,0.239856,0.502910,0.574230,2.479591,0.489285,AUT,0.0,0.011682,0.070207,0.001450,neutron,pi+,solid
424,11.0,0.298890,0.419457,0.572833,2.582139,0.480471,AUT,0.0,0.012231,0.070207,0.001567,neutron,pi+,solid
425,11.0,0.173052,0.635947,0.574381,2.250360,0.685536,AUT,0.0,0.006146,0.070207,0.001311,neutron,pi+,solid
426,11.0,0.244772,0.503075,0.573737,2.525048,0.681419,AUT,0.0,0.012823,0.070207,0.001459,neutron,pi+,solid
427,11.0,0.187830,0.613034,0.574151,2.339164,0.926487,AUT,0.0,0.005637,0.070207,0.001340,neutron,pi+,solid
428,11.0,0.209670,0.537962,0.623609,2.311259,0.131455,AUT,0.0,0.003525,0.070207,0.001400,neutron,pi+,solid
429,11.0,0.277757,0.442657,0.623366,2.522685,0.129398,AUT,0.0,0.004052,0.070207,0.001542,neutron,pi+,solid
430,11.0,0.178778,0.605879,0.622909,2.226014,0.308591,AUT,0.0,0.003349,0.070207,0.001335,neutron,pi+,solid
431,11.0,0.217830,0.536317,0.623888,2.408291,0.298856,AUT,0.0,0.004140,0.070207,0.001420,neutron,pi+,solid
432,11.0,0.258406,0.465836,0.623946,2.477222,0.292952,AUT,0.0,0.004588,0.070207,0.001504,neutron,pi+,solid
433,11.0,0.310272,0.408702,0.621720,2.614466,0.290392,AUT,0.0,0.005937,0.070207,0.001609,neutron,pi+,solid
434,11.0,0.173570,0.624039,0.622815,2.227750,0.495810,AUT,0.0,0.003595,0.070207,0.001324,neutron,pi+,solid
435,11.0,0.219885,0.542389,0.624198,2.453169,0.490166,AUT,0.0,0.007303,0.070207,0.001424,neutron,pi+,solid
436,11.0,0.276126,0.453743,0.622566,2.579006,0.482486,AUT,0.0,0.013538,0.070207,0.001540,neutron,pi+,solid
437,11.0,0.190644,0.596770,0.623389,2.322245,0.685954,AUT,0.0,0.007617,0.070207,0.001360,neutron,pi+,solid
438,11.0,0.260138,0.495784,0.622165,2.658033,0.673600,AUT,0.0,0.030447,0.070207,0.001509,neutron,pi+,solid
439,11.0,0.188139,0.611711,0.622546,2.354653,0.917789,AUT,0.0,0.010784,0.070207,0.001354,neutron,pi+,solid
440,11.0,0.224978,0.511652,0.673359,2.353800,0.129548,AUT,0.0,0.003653,0.070207,0.001447,neutron,pi+,solid
441,11.0,0.292478,0.436420,0.671795,2.631329,0.126481,AUT,0.0,0.007776,0.070207,0.001595,neutron,pi+,solid
442,11.0,0.195607,0.563901,0.672677,2.267081,0.304834,AUT,0.0,0.003634,0.070207,0.001385,neutron,pi+,solid
443,11.0,0.247865,0.487486,0.673369,2.485857,0.293964,AUT,0.0,0.004501,0.070207,0.001500,neutron,pi+,solid
444,11.0,0.300669,0.437847,0.669932,2.715381,0.287013,AUT,0.0,0.009136,0.070207,0.001612,neutron,pi+,solid
445,11.0,0.193595,0.576358,0.672549,2.293171,0.493361,AUT,0.0,0.004351,0.070207,0.001380,neutron,pi+,solid
446,11.0,0.250672,0.501133,0.672343,2.584266,0.483819,AUT,0.0,0.014923,0.070207,0.001506,neutron,pi+,solid
447,11.0,0.200518,0.578670,0.671384,2.379179,0.729068,AUT,0.0,0.013844,0.070207,0.001395,neutron,pi+,solid
448,11.0,0.249780,0.615965,0.323481,3.172745,0.129430,AUT,0.0,0.005413,0.070207,0.001411,neutron,pi+,solid
449,11.0,0.271531,0.586795,0.323676,3.288416,0.124478,AUT,0.0,0.005696,0.070207,0.001450,neutron,pi+,solid
450,11.0,0.286564,0.567673,0.323786,3.357317,0.120952,AUT,0.0,0.005929,0.070207,0.001476,neutron,pi+,solid
451,11.0,0.301176,0.540582,0.323987,3.360003,0.117589,AUT,0.0,0.006155,0.070207,0.001501,neutron,pi+,solid
452,11.0,0.317512,0.515431,0.325035,3.377501,0.115569,AUT,0.0,0.006226,0.070207,0.001530,neutron,pi+,solid
453,11.0,0.337735,0.497280,0.326730,3.466217,0.116070,AUT,0.0,0.006249,0.070207,0.001566,neutron,pi+,solid
454,11.0,0.369884,0.481195,0.328470,3.671867,0.119652,AUT,0.0,0.006195,0.070207,0.001626,neutron,pi+,solid
455,11.0,0.414063,0.451476,0.336316,3.856929,0.130070,AUT,0.0,0.019102,0.070207,0.001719,neutron,pi+,solid
456,11.0,0.243688,0.631558,0.324168,3.174462,0.288095,AUT,0.0,0.007603,0.070207,0.001401,neutron,pi+,solid
457,11.0,0.264616,0.607038,0.324227,3.315315,0.287996,AUT,0.0,0.010937,0.070207,0.001438,neutron,pi+,solid
458,11.0,0.280238,0.591355,0.324256,3.420341,0.288545,AUT,0.0,0.013031,0.070207,0.001465,neutron,pi+,solid
459,11.0,0.295889,0.558771,0.324218,3.411583,0.288881,AUT,0.0,0.017891,0.070207,0.001492,neutron,pi+,solid
460,11.0,0.315450,0.519668,0.325103,3.382549,0.289890,AUT,0.0,0.019887,0.070207,0.001526,neutron,pi+,solid
461,11.0,0.341148,0.494270,0.327416,3.479706,0.289846,AUT,0.0,0.015687,0.070207,0.001572,neutron,pi+,solid
462,11.0,0.382326,0.471966,0.330996,3.719740,0.288389,AUT,0.0,0.013137,0.070207,0.001651,neutron,pi+,solid
463,11.0,0.257322,0.613694,0.324155,3.254789,0.486365,AUT,0.0,0.012306,0.070207,0.001424,neutron,pi+,solid
464,11.0,0.293758,0.560050,0.324217,3.391649,0.486746,AUT,0.0,0.011062,0.070207,0.001488,neutron,pi+,solid
465,11.0,0.338815,0.497819,0.326977,3.477227,0.487104,AUT,0.0,0.013777,0.070207,0.001568,neutron,pi+,solid
466,11.0,0.396187,0.463352,0.332854,3.785807,0.486250,AUT,0.0,0.045598,0.070207,0.001680,neutron,pi+,solid
467,11.0,0.284262,0.571735,0.325077,3.331510,0.676045,AUT,0.0,0.011093,0.070207,0.001471,neutron,pi+,solid
468,11.0,0.362582,0.482485,0.329420,3.605656,0.675393,AUT,0.0,0.049658,0.070207,0.001613,neutron,pi+,solid
469,11.0,0.255346,0.607126,0.373447,3.196045,0.128579,AUT,0.0,0.005469,0.070207,0.001435,neutron,pi+,solid
470,11.0,0.281416,0.572710,0.373626,3.325899,0.124549,AUT,0.0,0.005676,0.070207,0.001482,neutron,pi+,solid
471,11.0,0.301540,0.538451,0.373802,3.350231,0.120841,AUT,0.0,0.005914,0.070207,0.001518,neutron,pi+,solid
472,11.0,0.323088,0.504918,0.373786,3.366236,0.119206,AUT,0.0,0.006067,0.070207,0.001556,neutron,pi+,solid
473,11.0,0.347844,0.477669,0.373721,3.428600,0.121163,AUT,0.0,0.006023,0.070207,0.001602,neutron,pi+,solid
474,11.0,0.381681,0.451173,0.374747,3.552187,0.128197,AUT,0.0,0.006259,0.070207,0.001668,neutron,pi+,solid
475,11.0,0.427895,0.423145,0.376147,3.735440,0.141159,AUT,0.0,0.017609,0.070207,0.001769,neutron,pi+,solid
476,11.0,0.246752,0.626484,0.374015,3.188148,0.291742,AUT,0.0,0.006602,0.070207,0.001420,neutron,pi+,solid
477,11.0,0.270276,0.600276,0.374112,3.348390,0.290029,AUT,0.0,0.009210,0.070207,0.001463,neutron,pi+,solid
478,11.0,0.288775,0.575358,0.374110,3.428298,0.289874,AUT,0.0,0.012271,0.070207,0.001496,neutron,pi+,solid
479,11.0,0.310350,0.527208,0.374122,3.375366,0.289928,AUT,0.0,0.017519,0.070207,0.001534,neutron,pi+,solid
480,11.0,0.336739,0.487028,0.374238,3.383699,0.289488,AUT,0.0,0.012334,0.070207,0.001581,neutron,pi+,solid
481,11.0,0.366567,0.457535,0.375027,3.460551,0.287693,AUT,0.0,0.009185,0.070207,0.001638,neutron,pi+,solid
482,11.0,0.410343,0.428898,0.377078,3.629181,0.286821,AUT,0.0,0.009260,0.070207,0.001729,neutron,pi+,solid
483,11.0,0.463627,0.408893,0.377958,3.913128,0.288538,AUT,0.0,0.080328,0.070207,0.001860,neutron,pi+,solid
484,11.0,0.260268,0.610836,0.374290,3.276016,0.485341,AUT,0.0,0.022292,0.070207,0.001444,neutron,pi+,solid
485,11.0,0.303249,0.541703,0.374207,3.383785,0.486518,AUT,0.0,0.015722,0.070207,0.001521,neutron,pi+,solid
486,11.0,0.356485,0.468019,0.374794,3.437682,0.486766,AUT,0.0,0.016444,0.070207,0.001618,neutron,pi+,solid
487,11.0,0.416832,0.426020,0.377313,3.662298,0.485766,AUT,0.0,0.038940,0.070207,0.001744,neutron,pi+,solid
488,11.0,0.291834,0.557957,0.374159,3.328800,0.685947,AUT,0.0,0.008155,0.070207,0.001499,neutron,pi+,solid
489,11.0,0.377628,0.455202,0.374446,3.543291,0.673829,AUT,0.0,0.038368,0.070207,0.001660,neutron,pi+,solid
490,11.0,0.261956,0.597312,0.423520,3.224478,0.128090,AUT,0.0,0.005525,0.070207,0.001460,neutron,pi+,solid
491,11.0,0.293845,0.550820,0.423658,3.338834,0.124711,AUT,0.0,0.005809,0.070207,0.001519,neutron,pi+,solid
492,11.0,0.322010,0.506638,0.423708,3.365567,0.122356,AUT,0.0,0.006034,0.070207,0.001570,neutron,pi+,solid
493,11.0,0.356765,0.470041,0.423590,3.458853,0.124486,AUT,0.0,0.006102,0.070207,0.001636,neutron,pi+,solid
494,11.0,0.405324,0.428502,0.423331,3.580648,0.138796,AUT,0.0,0.009379,0.070207,0.001738,neutron,pi+,solid
495,11.0,0.250755,0.620194,0.423863,3.206804,0.295144,AUT,0.0,0.006256,0.070207,0.001439,neutron,pi+,solid
496,11.0,0.277876,0.590551,0.424019,3.386376,0.291956,AUT,0.0,0.008634,0.070207,0.001490,neutron,pi+,solid
497,11.0,0.302388,0.543818,0.424122,3.391511,0.290406,AUT,0.0,0.013249,0.070207,0.001535,neutron,pi+,solid
498,11.0,0.333264,0.491139,0.424206,3.376274,0.289286,AUT,0.0,0.010207,0.070207,0.001591,neutron,pi+,solid
499,11.0,0.368012,0.453473,0.424165,3.442426,0.288072,AUT,0.0,0.007598,0.070207,0.001659,neutron,pi+,solid
500,11.0,0.412466,0.417516,0.424079,3.552521,0.289812,AUT,0.0,0.009203,0.070207,0.001754,neutron,pi+,solid
501,11.0,0.463248,0.408046,0.424066,3.901870,0.293386,AUT,0.0,0.080297,0.070207,0.001883,neutron,pi+,solid
502,11.0,0.264057,0.606894,0.424382,3.300928,0.485877,AUT,0.0,0.025467,0.070207,0.001464,neutron,pi+,solid
503,11.0,0.317301,0.517510,0.424228,3.379327,0.487199,AUT,0.0,0.017078,0.070207,0.001562,neutron,pi+,solid
504,11.0,0.389486,0.437305,0.424220,3.504780,0.485530,AUT,0.0,0.018127,0.070207,0.001703,neutron,pi+,solid
505,11.0,0.304237,0.542210,0.424304,3.357113,0.683243,AUT,0.0,0.009671,0.070207,0.001535,neutron,pi+,solid
506,11.0,0.400955,0.443931,0.423167,3.672695,0.655288,AUT,0.0,0.090836,0.070207,0.001729,neutron,pi+,solid
507,11.0,0.290495,0.566932,0.425022,3.369572,0.882492,AUT,0.0,0.022908,0.070207,0.001511,neutron,pi+,solid
508,11.0,0.269223,0.586776,0.473526,3.253568,0.128152,AUT,0.0,0.005606,0.070207,0.001486,neutron,pi+,solid
509,11.0,0.310564,0.523002,0.473652,3.348881,0.125002,AUT,0.0,0.005931,0.070207,0.001564,neutron,pi+,solid
510,11.0,0.356799,0.470598,0.473560,3.460570,0.126104,AUT,0.0,0.006157,0.070207,0.001654,neutron,pi+,solid
511,11.0,0.412881,0.424194,0.473270,3.612487,0.143609,AUT,0.0,0.015553,0.070207,0.001777,neutron,pi+,solid
512,11.0,0.255600,0.613174,0.473832,3.230990,0.297434,AUT,0.0,0.006170,0.070207,0.001460,neutron,pi+,solid
513,11.0,0.288181,0.571902,0.474049,3.399228,0.292688,AUT,0.0,0.009003,0.070207,0.001523,neutron,pi+,solid
514,11.0,0.322651,0.506257,0.474139,3.367700,0.289563,AUT,0.0,0.009747,0.070207,0.001587,neutron,pi+,solid
515,11.0,0.364627,0.456976,0.474080,3.435921,0.290390,AUT,0.0,0.006932,0.070207,0.001670,neutron,pi+,solid
516,11.0,0.414510,0.416974,0.473964,3.565418,0.294811,AUT,0.0,0.010221,0.070207,0.001781,neutron,pi+,solid
517,11.0,0.268536,0.601002,0.474365,3.321548,0.486257,AUT,0.0,0.019464,0.070207,0.001485,neutron,pi+,solid
518,11.0,0.336072,0.491381,0.474250,3.395099,0.488102,AUT,0.0,0.015998,0.070207,0.001613,neutron,pi+,solid
519,11.0,0.406372,0.424525,0.473822,3.557429,0.479741,AUT,0.0,0.026372,0.070207,0.001762,neutron,pi+,solid
520,11.0,0.291599,0.560511,0.474425,3.341009,0.730715,AUT,0.0,0.009385,0.070207,0.001527,neutron,pi+,solid
521,11.0,0.376621,0.462564,0.473211,3.593331,0.670738,AUT,0.0,0.051972,0.070207,0.001696,neutron,pi+,solid
522,11.0,0.277918,0.572829,0.523543,3.275131,0.128566,AUT,0.0,0.005699,0.070207,0.001517,neutron,pi+,solid
523,11.0,0.336475,0.491446,0.523622,3.405709,0.125623,AUT,0.0,0.006105,0.070207,0.001632,neutron,pi+,solid
524,11.0,0.399687,0.435251,0.523404,3.585581,0.139937,AUT,0.0,0.012462,0.070207,0.001769,neutron,pi+,solid
525,11.0,0.261417,0.604961,0.523852,3.259175,0.298642,AUT,0.0,0.006213,0.070207,0.001485,neutron,pi+,solid
526,11.0,0.303016,0.541592,0.524088,3.381120,0.291899,AUT,0.0,0.008941,0.070207,0.001566,neutron,pi+,solid
527,11.0,0.351750,0.470479,0.524037,3.410897,0.291944,AUT,0.0,0.006817,0.070207,0.001663,neutron,pi+,solid
528,11.0,0.408517,0.421163,0.523763,3.547794,0.298367,AUT,0.0,0.009923,0.070207,0.001790,neutron,pi+,solid
529,11.0,0.273255,0.593080,0.524288,3.331285,0.487365,AUT,0.0,0.015077,0.070207,0.001508,neutron,pi+,solid
530,11.0,0.358940,0.467920,0.523859,3.447740,0.484737,AUT,0.0,0.013281,0.070207,0.001678,neutron,pi+,solid
531,11.0,0.446497,0.417059,0.518312,3.843472,0.440472,AUT,0.0,0.116066,0.070207,0.001888,neutron,pi+,solid
532,11.0,0.297334,0.557210,0.524197,3.376897,0.733703,AUT,0.0,0.012082,0.070207,0.001553,neutron,pi+,solid
533,11.0,0.289494,0.554646,0.573633,3.296165,0.128613,AUT,0.0,0.005792,0.070207,0.001556,neutron,pi+,solid
534,11.0,0.366850,0.463628,0.573530,3.497605,0.131301,AUT,0.0,0.007822,0.070207,0.001718,neutron,pi+,solid
535,11.0,0.268304,0.594706,0.573806,3.286020,0.299218,AUT,0.0,0.006364,0.070207,0.001515,neutron,pi+,solid
536,11.0,0.323294,0.507595,0.574066,3.377851,0.292150,AUT,0.0,0.007454,0.070207,0.001625,neutron,pi+,solid
537,11.0,0.389300,0.438492,0.572915,3.516544,0.295917,AUT,0.0,0.007933,0.070207,0.001769,neutron,pi+,solid
538,11.0,0.279300,0.582300,0.574255,3.336439,0.489000,AUT,0.0,0.012599,0.070207,0.001536,neutron,pi+,solid
539,11.0,0.361463,0.468007,0.573145,3.483281,0.481892,AUT,0.0,0.016189,0.070207,0.001706,neutron,pi+,solid
540,11.0,0.290013,0.569171,0.573926,3.373166,0.731335,AUT,0.0,0.019218,0.070207,0.001557,neutron,pi+,solid
541,11.0,0.304975,0.534385,0.623644,3.333533,0.128397,AUT,0.0,0.006024,0.070207,0.001607,neutron,pi+,solid
542,11.0,0.388281,0.449946,0.622430,3.602959,0.135197,AUT,0.0,0.016271,0.070207,0.001796,neutron,pi+,solid
543,11.0,0.277210,0.579135,0.623758,3.301009,0.298426,AUT,0.0,0.006517,0.070207,0.001551,neutron,pi+,solid
544,11.0,0.353699,0.475570,0.622958,3.459104,0.293997,AUT,0.0,0.006649,0.070207,0.001713,neutron,pi+,solid
545,11.0,0.290231,0.564395,0.623893,3.347923,0.489411,AUT,0.0,0.011288,0.070207,0.001577,neutron,pi+,solid
546,11.0,0.371065,0.474865,0.620221,3.635972,0.469339,AUT,0.0,0.029421,0.070207,0.001754,neutron,pi+,solid
547,11.0,0.281577,0.584148,0.623256,3.371805,0.725135,AUT,0.0,0.032147,0.070207,0.001559,neutron,pi+,solid
548,11.0,0.279852,0.563370,0.672982,3.244412,0.238549,AUT,0.0,0.006199,0.070207,0.001576,neutron,pi+,solid
549,11.0,0.342034,0.491877,0.672190,3.466133,0.222806,AUT,0.0,0.006792,0.070207,0.001713,neutron,pi+,solid
550,11.0,0.287602,0.563402,0.671559,3.323011,0.545397,AUT,0.0,0.016676,0.070207,0.001592,neutron,pi+,solid
551,11.0,0.313546,0.649691,0.323457,4.202602,0.127696,AUT,0.0,0.007519,0.070207,0.001525,neutron,pi+,solid
552,11.0,0.341923,0.630223,0.323566,4.447666,0.125065,AUT,0.0,0.007890,0.070207,0.001576,neutron,pi+,solid
553,11.0,0.367480,0.607442,0.323681,4.605777,0.121931,AUT,0.0,0.008181,0.070207,0.001623,neutron,pi+,solid
554,11.0,0.401695,0.551652,0.324114,4.569271,0.118883,AUT,0.0,0.008486,0.070207,0.001690,neutron,pi+,solid
555,11.0,0.448757,0.491422,0.328874,4.545489,0.126959,AUT,0.0,0.012633,0.070207,0.001798,neutron,pi+,solid
556,11.0,0.307817,0.656874,0.324265,4.172109,0.286642,AUT,0.0,0.011250,0.070207,0.001516,neutron,pi+,solid
557,11.0,0.333480,0.638878,0.324287,4.397389,0.286430,AUT,0.0,0.016818,0.070207,0.001561,neutron,pi+,solid
558,11.0,0.357720,0.623691,0.324237,4.603905,0.287428,AUT,0.0,0.024551,0.070207,0.001606,neutron,pi+,solid
559,11.0,0.393166,0.565535,0.324301,4.583023,0.289239,AUT,0.0,0.024577,0.070207,0.001673,neutron,pi+,solid
560,11.0,0.446719,0.489028,0.329919,4.500628,0.286810,AUT,0.0,0.016709,0.070207,0.001793,neutron,pi+,solid
561,11.0,0.325015,0.644667,0.324263,4.320835,0.484922,AUT,0.0,0.023271,0.070207,0.001546,neutron,pi+,solid
562,11.0,0.396167,0.562733,0.325502,4.569472,0.485405,AUT,0.0,0.017825,0.070207,0.001680,neutron,pi+,solid
563,11.0,0.493347,0.453722,0.336048,4.620056,0.484524,AUT,0.0,0.258188,0.070207,0.001921,neutron,pi+,solid
564,11.0,0.358796,0.606736,0.325154,4.451517,0.700272,AUT,0.0,0.014216,0.070207,0.001607,neutron,pi+,solid
565,11.0,0.320257,0.644009,0.373383,4.254107,0.127162,AUT,0.0,0.007696,0.070207,0.001555,neutron,pi+,solid
566,11.0,0.358207,0.616605,0.373580,4.556934,0.125115,AUT,0.0,0.007952,0.070207,0.001627,neutron,pi+,solid
567,11.0,0.403040,0.549252,0.373707,4.559809,0.123040,AUT,0.0,0.008391,0.070207,0.001717,neutron,pi+,solid
568,11.0,0.461913,0.463656,0.373271,4.415055,0.136342,AUT,0.0,0.016349,0.070207,0.001856,neutron,pi+,solid
569,11.0,0.311025,0.653953,0.373995,4.196439,0.290056,AUT,0.0,0.009573,0.070207,0.001539,neutron,pi+,solid
570,11.0,0.341492,0.635246,0.374103,4.477348,0.287965,AUT,0.0,0.013234,0.070207,0.001595,neutron,pi+,solid
571,11.0,0.376085,0.595609,0.374135,4.617670,0.288446,AUT,0.0,0.021613,0.070207,0.001662,neutron,pi+,solid
572,11.0,0.438764,0.488573,0.374249,4.408494,0.287691,AUT,0.0,0.010657,0.070207,0.001798,neutron,pi+,solid
573,11.0,0.495125,0.441795,0.374155,4.515694,0.288413,AUT,0.0,0.049699,0.070207,0.001951,neutron,pi+,solid
574,11.0,0.330274,0.641319,0.374259,4.366678,0.485199,AUT,0.0,0.039474,0.070207,0.001574,neutron,pi+,solid
575,11.0,0.416555,0.528816,0.374302,4.503291,0.485674,AUT,0.0,0.020214,0.070207,0.001748,neutron,pi+,solid
576,11.0,0.358722,0.606069,0.374499,4.443068,0.721972,AUT,0.0,0.011855,0.070207,0.001627,neutron,pi+,solid
577,11.0,0.329007,0.638254,0.423510,4.330086,0.127096,AUT,0.0,0.007798,0.070207,0.001588,neutron,pi+,solid
578,11.0,0.385417,0.577694,0.423550,4.584114,0.125593,AUT,0.0,0.008223,0.070207,0.001701,neutron,pi+,solid
579,11.0,0.451926,0.477241,0.423373,4.442322,0.134304,AUT,0.0,0.015545,0.070207,0.001857,neutron,pi+,solid
580,11.0,0.316125,0.649888,0.423896,4.238094,0.294091,AUT,0.0,0.008833,0.070207,0.001564,neutron,pi+,solid
581,11.0,0.354878,0.624045,0.424048,4.568687,0.289745,AUT,0.0,0.012833,0.070207,0.001639,neutron,pi+,solid
582,11.0,0.413617,0.528587,0.424102,4.493121,0.289101,AUT,0.0,0.010943,0.070207,0.001763,neutron,pi+,solid
583,11.0,0.477734,0.444469,0.423973,4.382185,0.292793,AUT,0.0,0.025438,0.070207,0.001929,neutron,pi+,solid
584,11.0,0.336881,0.635162,0.424333,4.407342,0.485825,AUT,0.0,0.048384,0.070207,0.001603,neutron,pi+,solid
585,11.0,0.429028,0.507917,0.424216,4.467454,0.485077,AUT,0.0,0.025670,0.070207,0.001800,neutron,pi+,solid
586,11.0,0.356478,0.609769,0.424542,4.446906,0.732621,AUT,0.0,0.013736,0.070207,0.001642,neutron,pi+,solid
587,11.0,0.340766,0.628331,0.473558,4.410873,0.127666,AUT,0.0,0.007919,0.070207,0.001628,neutron,pi+,solid
588,11.0,0.419139,0.526191,0.473499,4.526078,0.130032,AUT,0.0,0.010601,0.070207,0.001800,neutron,pi+,solid
589,11.0,0.321995,0.645730,0.473810,4.288416,0.297494,AUT,0.0,0.008583,0.070207,0.001592,neutron,pi+,solid
590,11.0,0.375589,0.593770,0.474043,4.590031,0.290439,AUT,0.0,0.012118,0.070207,0.001701,neutron,pi+,solid
591,11.0,0.451924,0.472394,0.473977,4.394345,0.294649,AUT,0.0,0.013119,0.070207,0.001884,neutron,pi+,solid
592,11.0,0.345117,0.624814,0.474337,4.431720,0.486592,AUT,0.0,0.038396,0.070207,0.001637,neutron,pi+,solid
593,11.0,0.444178,0.483538,0.473910,4.418819,0.481434,AUT,0.0,0.033900,0.070207,0.001863,neutron,pi+,solid
594,11.0,0.353372,0.614407,0.474354,4.447527,0.737660,AUT,0.0,0.019359,0.070207,0.001654,neutron,pi+,solid
595,11.0,0.358284,0.606559,0.523531,4.459749,0.128084,AUT,0.0,0.008140,0.070207,0.001684,neutron,pi+,solid
596,11.0,0.451109,0.479869,0.523376,4.459392,0.137253,AUT,0.0,0.023919,0.070207,0.001911,neutron,pi+,solid
597,11.0,0.329870,0.640745,0.523810,4.358159,0.299153,AUT,0.0,0.008681,0.070207,0.001626,neutron,pi+,solid
598,11.0,0.414485,0.531876,0.523894,4.504698,0.293978,AUT,0.0,0.009327,0.070207,0.001815,neutron,pi+,solid
599,11.0,0.356840,0.607559,0.524324,4.432240,0.487114,AUT,0.0,0.023469,0.070207,0.001682,neutron,pi+,solid
600,11.0,0.465221,0.462263,0.521280,4.437758,0.460750,AUT,0.0,0.063053,0.070207,0.001951,neutron,pi+,solid
601,11.0,0.350067,0.619909,0.524298,4.452106,0.739586,AUT,0.0,0.030038,0.070207,0.001667,neutron,pi+,solid
602,11.0,0.327682,0.640373,0.573707,4.327206,0.243255,AUT,0.0,0.008195,0.070207,0.001642,neutron,pi+,solid
603,11.0,0.387369,0.574239,0.573860,4.575374,0.228153,AUT,0.0,0.009049,0.070207,0.001776,neutron,pi+,solid
604,11.0,0.455232,0.471202,0.572322,4.422667,0.245673,AUT,0.0,0.019383,0.070207,0.001956,neutron,pi+,solid
605,11.0,0.341420,0.630089,0.574359,4.425979,0.549642,AUT,0.0,0.023724,0.070207,0.001672,neutron,pi+,solid
606,11.0,0.422400,0.523388,0.572611,4.555115,0.511311,AUT,0.0,0.037159,0.070207,0.001863,neutron,pi+,solid
607,11.0,0.337639,0.632207,0.623516,4.398735,0.242968,AUT,0.0,0.008470,0.070207,0.001688,neutron,pi+,solid
608,11.0,0.409315,0.541439,0.623017,4.557353,0.230086,AUT,0.0,0.011728,0.070207,0.001861,neutron,pi+,solid
609,11.0,0.346718,0.624286,0.623583,4.445200,0.570514,AUT,0.0,0.020257,0.070207,0.001708,neutron,pi+,solid
610,11.0,0.447460,0.523673,0.617622,4.836075,0.458093,AUT,0.0,0.142635,0.070207,0.001970,neutron,pi+,solid
611,11.0,0.356753,0.605176,0.671010,4.443946,0.311443,AUT,0.0,0.009687,0.070207,0.001758,neutron,pi+,solid
612,11.0,0.422244,0.539392,0.670014,4.699141,0.242841,AUT,0.0,0.025981,0.070207,0.001932,neutron,pi+,solid
613,11.0,0.390283,0.649564,0.323630,5.229953,0.124866,AUT,0.0,0.010141,0.070207,0.001670,neutron,pi+,solid
614,11.0,0.423868,0.621123,0.323732,5.433197,0.121408,AUT,0.0,0.010651,0.070207,0.001741,neutron,pi+,solid
615,11.0,0.454489,0.585532,0.323744,5.490749,0.119055,AUT,0.0,0.011257,0.070207,0.001813,neutron,pi+,solid
616,11.0,0.505038,0.536443,0.323664,5.583501,0.124001,AUT,0.0,0.011694,0.070207,0.001952,neutron,pi+,solid
617,11.0,0.388365,0.653150,0.324234,5.233151,0.286704,AUT,0.0,0.025829,0.070207,0.001666,neutron,pi+,solid
618,11.0,0.425098,0.622136,0.324231,5.457167,0.288500,AUT,0.0,0.039844,0.070207,0.001744,neutron,pi+,solid
619,11.0,0.464417,0.573600,0.324227,5.494120,0.288559,AUT,0.0,0.025420,0.070207,0.001838,neutron,pi+,solid
620,11.0,0.520282,0.521815,0.324547,5.598618,0.286189,AUT,0.0,0.020728,0.070207,0.002000,neutron,pi+,solid
621,11.0,0.411577,0.631884,0.324293,5.357724,0.484834,AUT,0.0,0.029800,0.070207,0.001715,neutron,pi+,solid
622,11.0,0.492148,0.547240,0.324382,5.543850,0.484696,AUT,0.0,0.038330,0.070207,0.001915,neutron,pi+,solid
623,11.0,0.433625,0.608966,0.324604,5.417762,0.701013,AUT,0.0,0.024192,0.070207,0.001765,neutron,pi+,solid
624,11.0,0.397843,0.642648,0.373464,5.273133,0.125810,AUT,0.0,0.010275,0.070207,0.001709,neutron,pi+,solid
625,11.0,0.441193,0.601465,0.373622,5.473936,0.123092,AUT,0.0,0.010816,0.070207,0.001809,neutron,pi+,solid
626,11.0,0.497558,0.543397,0.373495,5.569930,0.124767,AUT,0.0,0.012609,0.070207,0.001965,neutron,pi+,solid
627,11.0,0.392730,0.649567,0.374140,5.262137,0.287580,AUT,0.0,0.018761,0.070207,0.001698,neutron,pi+,solid
628,11.0,0.436707,0.608199,0.374176,5.478232,0.288472,AUT,0.0,0.027623,0.070207,0.001798,neutron,pi+,solid
629,11.0,0.498210,0.540192,0.374188,5.543203,0.287955,AUT,0.0,0.014396,0.070207,0.001968,neutron,pi+,solid
630,11.0,0.564687,0.502769,0.374112,5.860444,0.288939,AUT,0.0,0.110467,0.070207,0.002207,neutron,pi+,solid
631,11.0,0.419642,0.623028,0.374264,5.380181,0.485436,AUT,0.0,0.037999,0.070207,0.001758,neutron,pi+,solid
632,11.0,0.505993,0.533789,0.374258,5.565313,0.484918,AUT,0.0,0.053484,0.070207,0.001992,neutron,pi+,solid
633,11.0,0.431940,0.610793,0.374452,5.414420,0.714445,AUT,0.0,0.022921,0.070207,0.001788,neutron,pi+,solid
634,11.0,0.407566,0.633846,0.423550,5.325469,0.126934,AUT,0.0,0.010411,0.070207,0.001753,neutron,pi+,solid
635,11.0,0.476277,0.564362,0.423504,5.532042,0.124839,AUT,0.0,0.011487,0.070207,0.001933,neutron,pi+,solid
636,11.0,0.561225,0.503320,0.423373,5.830863,0.139405,AUT,0.0,0.137843,0.070207,0.002237,neutron,pi+,solid
637,11.0,0.398696,0.644812,0.424040,5.301683,0.289498,AUT,0.0,0.015982,0.070207,0.001734,neutron,pi+,solid
638,11.0,0.455409,0.584851,0.424063,5.488849,0.288655,AUT,0.0,0.017345,0.070207,0.001873,neutron,pi+,solid
639,11.0,0.521041,0.520893,0.424018,5.597123,0.291155,AUT,0.0,0.020193,0.070207,0.002079,neutron,pi+,solid
640,11.0,0.430656,0.610701,0.424267,5.400715,0.486185,AUT,0.0,0.038394,0.070207,0.001810,neutron,pi+,solid
641,11.0,0.527308,0.516601,0.424153,5.619835,0.482539,AUT,0.0,0.083269,0.070207,0.002102,neutron,pi+,solid
642,11.0,0.429909,0.613323,0.424351,5.413129,0.718143,AUT,0.0,0.029359,0.070207,0.001808,neutron,pi+,solid
643,11.0,0.419941,0.621172,0.473528,5.371391,0.127599,AUT,0.0,0.010713,0.070207,0.001807,neutron,pi+,solid
644,11.0,0.496294,0.545058,0.473504,5.573106,0.126587,AUT,0.0,0.018493,0.070207,0.002028,neutron,pi+,solid
645,11.0,0.405544,0.638481,0.473956,5.337583,0.291468,AUT,0.0,0.014580,0.070207,0.001772,neutron,pi+,solid
646,11.0,0.484053,0.555460,0.473960,5.529455,0.291843,AUT,0.0,0.013351,0.070207,0.001989,neutron,pi+,solid
647,11.0,0.419843,0.622775,0.474317,5.380301,0.544422,AUT,0.0,0.041785,0.070207,0.001807,neutron,pi+,solid
648,11.0,0.502024,0.538379,0.473727,5.570949,0.512962,AUT,0.0,0.050095,0.070207,0.002048,neutron,pi+,solid
649,11.0,0.442137,0.598998,0.523558,5.430338,0.128181,AUT,0.0,0.011189,0.070207,0.001896,neutron,pi+,solid
650,11.0,0.569539,0.503552,0.522953,5.919986,0.145495,AUT,0.0,0.601567,0.070207,0.002376,neutron,pi+,solid
651,11.0,0.415157,0.628054,0.523936,5.369578,0.293053,AUT,0.0,0.013598,0.070207,0.001822,neutron,pi+,solid
652,11.0,0.497236,0.541923,0.523761,5.549365,0.295387,AUT,0.0,0.017374,0.070207,0.002069,neutron,pi+,solid
653,11.0,0.429762,0.612428,0.524187,5.405298,0.542217,AUT,0.0,0.037671,0.070207,0.001861,neutron,pi+,solid
654,11.0,0.524425,0.523735,0.521428,5.667981,0.466741,AUT,0.0,0.089175,0.070207,0.002170,neutron,pi+,solid
655,11.0,0.408072,0.634474,0.573732,5.336765,0.233605,AUT,0.0,0.011472,0.070207,0.001833,neutron,pi+,solid
656,11.0,0.478965,0.561299,0.573447,5.534346,0.228310,AUT,0.0,0.013363,0.070207,0.002046,neutron,pi+,solid
657,11.0,0.426431,0.617400,0.573687,5.407497,0.554356,AUT,0.0,0.037159,0.070207,0.001884,neutron,pi+,solid
658,11.0,0.420154,0.621426,0.623561,5.375170,0.235694,AUT,0.0,0.011717,0.070207,0.001900,neutron,pi+,solid
659,11.0,0.489383,0.552698,0.621978,5.579300,0.223001,AUT,0.0,0.023705,0.070207,0.002127,neutron,pi+,solid
660,11.0,0.418674,0.626917,0.622943,5.399804,0.542652,AUT,0.0,0.045404,0.070207,0.001896,neutron,pi+,solid
661,11.0,0.431969,0.605817,0.669461,5.389421,0.293025,AUT,0.0,0.014614,0.070207,0.001970,neutron,pi+,solid
662,11.0,0.482370,0.640193,0.323798,6.366944,0.122048,AUT,0.0,0.011571,0.070207,0.001889,neutron,pi+,solid
663,11.0,0.559588,0.594408,0.323635,6.861340,0.121416,AUT,0.0,0.012990,0.070207,0.002144,neutron,pi+,solid
664,11.0,0.487453,0.637165,0.324207,6.400836,0.288230,AUT,0.0,0.038106,0.070207,0.001904,neutron,pi+,solid
665,11.0,0.568332,0.586163,0.324197,6.874171,0.287144,AUT,0.0,0.023310,0.070207,0.002178,neutron,pi+,solid
666,11.0,0.518275,0.618269,0.324182,6.589185,0.527878,AUT,0.0,0.022802,0.070207,0.002000,neutron,pi+,solid
667,11.0,0.635335,0.597878,0.324237,7.840993,0.481667,AUT,0.0,0.813105,0.070207,0.002493,neutron,pi+,solid
668,11.0,0.496370,0.630516,0.373613,6.447980,0.124228,AUT,0.0,0.011809,0.070207,0.001966,neutron,pi+,solid
669,11.0,0.576984,0.588091,0.373500,7.003942,0.123510,AUT,0.0,0.020742,0.070207,0.002265,neutron,pi+,solid
670,11.0,0.496657,0.630342,0.374148,6.447544,0.287884,AUT,0.0,0.024895,0.070207,0.001967,neutron,pi+,solid
671,11.0,0.579443,0.581408,0.374113,6.954843,0.287739,AUT,0.0,0.024372,0.070207,0.002276,neutron,pi+,solid
672,11.0,0.517327,0.619365,0.374264,6.588978,0.537271,AUT,0.0,0.029811,0.070207,0.002036,neutron,pi+,solid
673,11.0,0.479368,0.642451,0.423815,6.350265,0.212317,AUT,0.0,0.013526,0.070207,0.001946,neutron,pi+,solid
674,11.0,0.548809,0.595002,0.423788,6.734629,0.213893,AUT,0.0,0.013862,0.070207,0.002191,neutron,pi+,solid
675,11.0,0.608153,0.588329,0.423737,7.386623,0.218043,AUT,0.0,0.037138,0.070207,0.002474,neutron,pi+,solid
676,11.0,0.515994,0.620368,0.424119,6.583123,0.538134,AUT,0.0,0.038857,0.070207,0.002069,neutron,pi+,solid
677,11.0,0.490443,0.634528,0.473794,6.413009,0.217900,AUT,0.0,0.013297,0.070207,0.002014,neutron,pi+,solid
678,11.0,0.570252,0.587874,0.473757,6.918306,0.223104,AUT,0.0,0.018096,0.070207,0.002335,neutron,pi+,solid
679,11.0,0.512548,0.623065,0.473866,6.569269,0.537529,AUT,0.0,0.047074,0.070207,0.002094,neutron,pi+,solid
680,11.0,0.505648,0.624035,0.523776,6.495280,0.224555,AUT,0.0,0.013331,0.070207,0.002108,neutron,pi+,solid
681,11.0,0.591202,0.584375,0.523302,7.133277,0.227438,AUT,0.0,0.032639,0.070207,0.002503,neutron,pi+,solid
682,11.0,0.505964,0.628668,0.523605,6.547609,0.534967,AUT,0.0,0.060149,0.070207,0.002110,neutron,pi+,solid
683,11.0,0.505805,0.625697,0.573591,6.515518,0.286596,AUT,0.0,0.014510,0.070207,0.002155,neutron,pi+,solid
684,11.0,0.593390,0.597530,0.570330,7.319561,0.216279,AUT,0.0,0.053103,0.070207,0.002585,neutron,pi+,solid
685,11.0,0.500662,0.633006,0.622403,6.528958,0.294010,AUT,0.0,0.017411,0.070207,0.002184,neutron,pi+,solid
686,8.8,0.106942,0.655805,0.324613,1.153155,0.153130,AUT,0.0,0.002297,0.070207,0.001735,neutron,pi+,solid
687,8.8,0.138180,0.619999,0.327037,1.413882,0.140604,AUT,0.0,0.002273,0.070207,0.001814,neutron,pi+,solid
688,8.8,0.177891,0.595287,0.329647,1.745465,0.129705,AUT,0.0,0.002895,0.070207,0.001925,neutron,pi+,solid
689,8.8,0.086786,0.745115,0.323206,1.065940,0.310034,AUT,0.0,0.002198,0.070207,0.001688,neutron,pi+,solid
690,8.8,0.098733,0.691692,0.323838,1.127240,0.300801,AUT,0.0,0.002352,0.070207,0.001715,neutron,pi+,solid
691,8.8,0.108434,0.662908,0.325035,1.186759,0.295342,AUT,0.0,0.002556,0.070207,0.001738,neutron,pi+,solid
692,8.8,0.118897,0.649195,0.325919,1.274495,0.292532,AUT,0.0,0.002823,0.070207,0.001764,neutron,pi+,solid
693,8.8,0.132166,0.638214,0.326329,1.392660,0.289910,AUT,0.0,0.003225,0.070207,0.001798,neutron,pi+,solid
694,8.8,0.151962,0.622588,0.327080,1.561620,0.288019,AUT,0.0,0.004189,0.070207,0.001852,neutron,pi+,solid
695,8.8,0.183015,0.595884,0.329922,1.798035,0.288692,AUT,0.0,0.010512,0.070207,0.001941,neutron,pi+,solid
696,8.8,0.089178,0.738201,0.324712,1.083996,0.481441,AUT,0.0,0.002237,0.070207,0.001693,neutron,pi+,solid
697,8.8,0.107568,0.668811,0.325500,1.186986,0.483921,AUT,0.0,0.002249,0.070207,0.001736,neutron,pi+,solid
698,8.8,0.128699,0.639651,0.326678,1.358543,0.486553,AUT,0.0,0.002371,0.070207,0.001789,neutron,pi+,solid
699,8.8,0.166707,0.607885,0.328632,1.669023,0.489801,AUT,0.0,0.003060,0.070207,0.001893,neutron,pi+,solid
700,8.8,0.123332,0.672921,0.330560,1.344036,0.641298,AUT,0.0,0.009708,0.070207,0.001776,neutron,pi+,solid
701,8.8,0.113407,0.617474,0.373460,1.149941,0.147730,AUT,0.0,0.002269,0.070207,0.001760,neutron,pi+,solid
702,8.8,0.140933,0.572427,0.375406,1.331859,0.134102,AUT,0.0,0.002344,0.070207,0.001832,neutron,pi+,solid
703,8.8,0.170916,0.559683,0.375843,1.578964,0.126644,AUT,0.0,0.002554,0.070207,0.001917,neutron,pi+,solid
704,8.8,0.208289,0.530311,0.377898,1.819993,0.118027,AUT,0.0,0.003776,0.070207,0.002027,neutron,pi+,solid
705,8.8,0.090627,0.724956,0.373253,1.082042,0.312098,AUT,0.0,0.002147,0.070207,0.001704,neutron,pi+,solid
706,8.8,0.105483,0.663117,0.373741,1.154376,0.301914,AUT,0.0,0.002341,0.070207,0.001739,neutron,pi+,solid
707,8.8,0.117113,0.628346,0.374078,1.214751,0.296230,AUT,0.0,0.002630,0.070207,0.001769,neutron,pi+,solid
708,8.8,0.129125,0.607458,0.374884,1.295040,0.293224,AUT,0.0,0.003051,0.070207,0.001800,neutron,pi+,solid
709,8.8,0.143858,0.594925,0.375233,1.413012,0.291115,AUT,0.0,0.003624,0.070207,0.001840,neutron,pi+,solid
710,8.8,0.164876,0.577999,0.375661,1.573006,0.289567,AUT,0.0,0.005090,0.070207,0.001900,neutron,pi+,solid
711,8.8,0.199394,0.544367,0.377100,1.787035,0.290972,AUT,0.0,0.010902,0.070207,0.002001,neutron,pi+,solid
712,8.8,0.090368,0.732825,0.374344,1.090126,0.487625,AUT,0.0,0.002477,0.070207,0.001703,neutron,pi+,solid
713,8.8,0.110370,0.653353,0.374292,1.189154,0.489423,AUT,0.0,0.002680,0.070207,0.001752,neutron,pi+,solid
714,8.8,0.130861,0.603463,0.375067,1.303063,0.491605,AUT,0.0,0.002582,0.070207,0.001805,neutron,pi+,solid
715,8.8,0.163559,0.573962,0.375636,1.548081,0.493284,AUT,0.0,0.002902,0.070207,0.001896,neutron,pi+,solid
716,8.8,0.208233,0.531344,0.377797,1.822960,0.493660,AUT,0.0,0.007133,0.070207,0.002027,neutron,pi+,solid
717,8.8,0.117832,0.657491,0.377054,1.258817,0.662449,AUT,0.0,0.003397,0.070207,0.001771,neutron,pi+,solid
718,8.8,0.189841,0.554859,0.378866,1.732058,0.661470,AUT,0.0,0.018961,0.070207,0.001973,neutron,pi+,solid
719,8.8,0.120982,0.587878,0.423323,1.166822,0.142358,AUT,0.0,0.002259,0.070207,0.001786,neutron,pi+,solid
720,8.8,0.151292,0.533171,0.424728,1.331571,0.127445,AUT,0.0,0.002444,0.070207,0.001871,neutron,pi+,solid
721,8.8,0.182454,0.520836,0.425014,1.568370,0.121711,AUT,0.0,0.002674,0.070207,0.001962,neutron,pi+,solid
722,8.8,0.224677,0.483373,0.426446,1.787839,0.117282,AUT,0.0,0.003672,0.070207,0.002086,neutron,pi+,solid
723,8.8,0.095000,0.703267,0.423213,1.099146,0.313024,AUT,0.0,0.002158,0.070207,0.001720,neutron,pi+,solid
724,8.8,0.113343,0.633945,0.423748,1.185635,0.301895,AUT,0.0,0.002356,0.070207,0.001766,neutron,pi+,solid
725,8.8,0.128208,0.597019,0.423982,1.263349,0.296335,AUT,0.0,0.002808,0.070207,0.001806,neutron,pi+,solid
726,8.8,0.144140,0.570161,0.424584,1.356679,0.293626,AUT,0.0,0.003420,0.070207,0.001850,neutron,pi+,solid
727,8.8,0.164587,0.551124,0.424946,1.497297,0.291496,AUT,0.0,0.004615,0.070207,0.001910,neutron,pi+,solid
728,8.8,0.198011,0.518066,0.425429,1.689690,0.291142,AUT,0.0,0.007976,0.070207,0.002008,neutron,pi+,solid
729,8.8,0.246242,0.458796,0.428626,1.862861,0.291813,AUT,0.0,0.016324,0.070207,0.002150,neutron,pi+,solid
730,8.8,0.092855,0.721477,0.424058,1.102012,0.489849,AUT,0.0,0.002589,0.070207,0.001714,neutron,pi+,solid
731,8.8,0.116328,0.635314,0.424230,1.218134,0.488966,AUT,0.0,0.003614,0.070207,0.001774,neutron,pi+,solid
732,8.8,0.141721,0.569669,0.424540,1.331246,0.491384,AUT,0.0,0.003510,0.070207,0.001844,neutron,pi+,solid
733,8.8,0.182746,0.527873,0.425247,1.588231,0.491976,AUT,0.0,0.004077,0.070207,0.001962,neutron,pi+,solid
734,8.8,0.240336,0.465170,0.427783,1.842699,0.491522,AUT,0.0,0.016674,0.070207,0.002132,neutron,pi+,solid
735,8.8,0.109217,0.664387,0.425356,1.182789,0.675643,AUT,0.0,0.002376,0.070207,0.001756,neutron,pi+,solid
736,8.8,0.175947,0.537610,0.426210,1.547215,0.673943,AUT,0.0,0.005678,0.070207,0.001940,neutron,pi+,solid
737,8.8,0.129057,0.562422,0.473503,1.189690,0.137567,AUT,0.0,0.002280,0.070207,0.001815,neutron,pi+,solid
738,8.8,0.164765,0.501884,0.474379,1.364800,0.123342,AUT,0.0,0.002570,0.070207,0.001919,neutron,pi+,solid
739,8.8,0.204588,0.479582,0.474769,1.616844,0.120325,AUT,0.0,0.002720,0.070207,0.002039,neutron,pi+,solid
740,8.8,0.257354,0.428505,0.475876,1.817572,0.125273,AUT,0.0,0.005783,0.070207,0.002195,neutron,pi+,solid
741,8.8,0.100221,0.679200,0.473390,1.118318,0.313027,AUT,0.0,0.002172,0.070207,0.001738,neutron,pi+,solid
742,8.8,0.122633,0.604842,0.473799,1.223681,0.300759,AUT,0.0,0.002477,0.070207,0.001797,neutron,pi+,solid
743,8.8,0.142309,0.563757,0.474025,1.323732,0.295960,AUT,0.0,0.003083,0.070207,0.001853,neutron,pi+,solid
744,8.8,0.165024,0.529922,0.474570,1.443224,0.293489,AUT,0.0,0.004240,0.070207,0.001921,neutron,pi+,solid
745,8.8,0.199839,0.493057,0.475011,1.622509,0.291983,AUT,0.0,0.006479,0.070207,0.002025,neutron,pi+,solid
746,8.8,0.254506,0.429245,0.476538,1.799429,0.290336,AUT,0.0,0.008307,0.070207,0.002186,neutron,pi+,solid
747,8.8,0.096273,0.706739,0.474085,1.118037,0.492028,AUT,0.0,0.002520,0.070207,0.001728,neutron,pi+,solid
748,8.8,0.125165,0.611026,0.474318,1.259450,0.488192,AUT,0.0,0.004381,0.070207,0.001804,neutron,pi+,solid
749,8.8,0.160015,0.532448,0.474608,1.403577,0.490829,AUT,0.0,0.004808,0.070207,0.001905,neutron,pi+,solid
750,8.8,0.215402,0.472105,0.475288,1.667306,0.490046,AUT,0.0,0.006497,0.070207,0.002069,neutron,pi+,solid
751,8.8,0.109640,0.659599,0.474635,1.177165,0.684448,AUT,0.0,0.002291,0.070207,0.001762,neutron,pi+,solid
752,8.8,0.175772,0.519060,0.474404,1.494248,0.681329,AUT,0.0,0.003997,0.070207,0.001950,neutron,pi+,solid
753,8.8,0.131024,0.639386,0.477164,1.348454,0.864482,AUT,0.0,0.008354,0.070207,0.001820,neutron,pi+,solid
754,8.8,0.137244,0.540204,0.523638,1.213828,0.133907,AUT,0.0,0.002337,0.070207,0.001846,neutron,pi+,solid
755,8.8,0.181181,0.475975,0.524200,1.422696,0.122698,AUT,0.0,0.002601,0.070207,0.001979,neutron,pi+,solid
756,8.8,0.231892,0.439871,0.524198,1.677882,0.125056,AUT,0.0,0.003377,0.070207,0.002133,neutron,pi+,solid
757,8.8,0.105696,0.655958,0.523485,1.137524,0.312550,AUT,0.0,0.002217,0.070207,0.001758,neutron,pi+,solid
758,8.8,0.133650,0.576222,0.523856,1.269959,0.299769,AUT,0.0,0.002635,0.070207,0.001836,neutron,pi+,solid
759,8.8,0.160780,0.526371,0.524125,1.395471,0.295227,AUT,0.0,0.003618,0.070207,0.001918,neutron,pi+,solid
760,8.8,0.196948,0.477139,0.524692,1.547576,0.292421,AUT,0.0,0.005128,0.070207,0.002028,neutron,pi+,solid
761,8.8,0.251085,0.418951,0.524465,1.733195,0.290516,AUT,0.0,0.006116,0.070207,0.002191,neutron,pi+,solid
762,8.8,0.100036,0.690953,0.524080,1.134482,0.494356,AUT,0.0,0.002475,0.070207,0.001743,neutron,pi+,solid
763,8.8,0.134517,0.587262,0.524357,1.299506,0.488976,AUT,0.0,0.004743,0.070207,0.001839,neutron,pi+,solid
764,8.8,0.182826,0.495457,0.524231,1.488976,0.489120,AUT,0.0,0.005886,0.070207,0.001984,neutron,pi+,solid
765,8.8,0.246986,0.432152,0.523073,1.759045,0.478341,AUT,0.0,0.018492,0.070207,0.002179,neutron,pi+,solid
766,8.8,0.113014,0.648794,0.524413,1.189703,0.688951,AUT,0.0,0.002587,0.070207,0.001778,neutron,pi+,solid
767,8.8,0.178164,0.520693,0.523454,1.525157,0.682861,AUT,0.0,0.004489,0.070207,0.001969,neutron,pi+,solid
768,8.8,0.127144,0.641758,0.525611,1.318259,0.884040,AUT,0.0,0.004527,0.070207,0.001817,neutron,pi+,solid
769,8.8,0.146747,0.518884,0.573690,1.244782,0.131134,AUT,0.0,0.002384,0.070207,0.001884,neutron,pi+,solid
770,8.8,0.209957,0.450314,0.573809,1.554033,0.125355,AUT,0.0,0.002665,0.070207,0.002080,neutron,pi+,solid
771,8.8,0.112321,0.631322,0.573614,1.161572,0.311548,AUT,0.0,0.002239,0.070207,0.001783,neutron,pi+,solid
772,8.8,0.147274,0.546254,0.573961,1.325789,0.298667,AUT,0.0,0.002965,0.070207,0.001887,neutron,pi+,solid
773,8.8,0.185193,0.486349,0.573956,1.483721,0.292868,AUT,0.0,0.004183,0.070207,0.002006,neutron,pi+,solid
774,8.8,0.238666,0.430664,0.573264,1.692160,0.287061,AUT,0.0,0.005184,0.070207,0.002171,neutron,pi+,solid
775,8.8,0.104611,0.673345,0.574008,1.154249,0.495683,AUT,0.0,0.002470,0.070207,0.001762,neutron,pi+,solid
776,8.8,0.147704,0.558221,0.574184,1.354097,0.489325,AUT,0.0,0.005185,0.070207,0.001888,neutron,pi+,solid
777,8.8,0.204246,0.485472,0.573203,1.629571,0.483793,AUT,0.0,0.010393,0.070207,0.002065,neutron,pi+,solid
778,8.8,0.118709,0.637855,0.574249,1.224105,0.688196,AUT,0.0,0.003246,0.070207,0.001802,neutron,pi+,solid
779,8.8,0.188245,0.533072,0.573009,1.652784,0.677860,AUT,0.0,0.010135,0.070207,0.002017,neutron,pi+,solid
780,8.8,0.120928,0.656002,0.574623,1.286564,0.899216,AUT,0.0,0.003462,0.070207,0.001808,neutron,pi+,solid
781,8.8,0.157256,0.502636,0.623588,1.291041,0.129442,AUT,0.0,0.002441,0.070207,0.001929,neutron,pi+,solid
782,8.8,0.221918,0.452937,0.622611,1.654885,0.124862,AUT,0.0,0.004213,0.070207,0.002139,neutron,pi+,solid
783,8.8,0.119494,0.608021,0.623702,1.188182,0.310016,AUT,0.0,0.002309,0.070207,0.001813,neutron,pi+,solid
784,8.8,0.164874,0.518532,0.623741,1.408172,0.296422,AUT,0.0,0.003333,0.070207,0.001956,neutron,pi+,solid
785,8.8,0.217856,0.468489,0.622421,1.678761,0.286678,AUT,0.0,0.005462,0.070207,0.002127,neutron,pi+,solid
786,8.8,0.110520,0.653093,0.624063,1.180073,0.496580,AUT,0.0,0.002485,0.070207,0.001787,neutron,pi+,solid
787,8.8,0.169502,0.538798,0.623436,1.496993,0.486529,AUT,0.0,0.006772,0.070207,0.001970,neutron,pi+,solid
788,8.8,0.109437,0.667833,0.624243,1.191455,0.746118,AUT,0.0,0.002965,0.070207,0.001784,neutron,pi+,solid
789,8.8,0.167222,0.576065,0.622571,1.586224,0.709039,AUT,0.0,0.009619,0.070207,0.001965,neutron,pi+,solid
790,8.8,0.123129,0.588241,0.673655,1.184848,0.272393,AUT,0.0,0.002340,0.070207,0.001836,neutron,pi+,solid
791,8.8,0.164213,0.516731,0.673001,1.400131,0.228263,AUT,0.0,0.002743,0.070207,0.001970,neutron,pi+,solid
792,8.8,0.209865,0.494171,0.671512,1.708402,0.206834,AUT,0.0,0.004137,0.070207,0.002124,neutron,pi+,solid
793,8.8,0.118137,0.633153,0.673741,1.220371,0.496103,AUT,0.0,0.002581,0.070207,0.001821,neutron,pi+,solid
794,8.8,0.176242,0.557193,0.672257,1.617175,0.483164,AUT,0.0,0.011679,0.070207,0.002012,neutron,pi+,solid
795,8.8,0.116360,0.668853,0.672973,1.265217,0.743082,AUT,0.0,0.003555,0.070207,0.001815,neutron,pi+,solid
796,8.8,0.235336,0.581024,0.332114,2.253812,0.261916,AUT,0.0,0.004490,0.070207,0.002087,neutron,pi+,solid
797,8.8,0.312072,0.568492,0.335194,2.928208,0.249081,AUT,0.0,0.020714,0.070207,0.002301,neutron,pi+,solid
798,8.8,0.254371,0.543766,0.376290,2.275069,0.117386,AUT,0.0,0.003954,0.070207,0.002156,neutron,pi+,solid
799,8.8,0.334136,0.504373,0.383053,2.780648,0.120649,AUT,0.0,0.019324,0.070207,0.002382,neutron,pi+,solid
800,8.8,0.238716,0.551077,0.375577,2.163109,0.363910,AUT,0.0,0.006871,0.070207,0.002114,neutron,pi+,solid
801,8.8,0.300699,0.525423,0.379790,2.606264,0.362427,AUT,0.0,0.011949,0.070207,0.002288,neutron,pi+,solid
802,8.8,0.259936,0.524645,0.424309,2.238226,0.120263,AUT,0.0,0.003834,0.070207,0.002188,neutron,pi+,solid
803,8.8,0.334283,0.471709,0.426593,2.599879,0.128409,AUT,0.0,0.008869,0.070207,0.002401,neutron,pi+,solid
804,8.8,0.262931,0.523060,0.424869,2.252660,0.290782,AUT,0.0,0.009007,0.070207,0.002196,neutron,pi+,solid
805,8.8,0.346785,0.459625,0.428161,2.629853,0.288062,AUT,0.0,0.015308,0.070207,0.002438,neutron,pi+,solid
806,8.8,0.270022,0.518827,0.425101,2.290384,0.554839,AUT,0.0,0.005397,0.070207,0.002214,neutron,pi+,solid
807,8.8,0.242754,0.540126,0.473970,2.154448,0.207061,AUT,0.0,0.004672,0.070207,0.002157,neutron,pi+,solid
808,8.8,0.306464,0.474324,0.474068,2.395052,0.214617,AUT,0.0,0.004275,0.070207,0.002340,neutron,pi+,solid
809,8.8,0.366904,0.446539,0.473846,2.705586,0.234421,AUT,0.0,0.018318,0.070207,0.002522,neutron,pi+,solid
810,8.8,0.271132,0.515128,0.473841,2.280078,0.552394,AUT,0.0,0.006496,0.070207,0.002234,neutron,pi+,solid
811,8.8,0.252200,0.529072,0.523957,2.189589,0.211802,AUT,0.0,0.004410,0.070207,0.002201,neutron,pi+,solid
812,8.8,0.321931,0.463696,0.523878,2.460533,0.226203,AUT,0.0,0.005457,0.070207,0.002409,neutron,pi+,solid
813,8.8,0.266173,0.522151,0.523624,2.271711,0.546593,AUT,0.0,0.009291,0.070207,0.002240,neutron,pi+,solid
814,8.8,0.263135,0.517886,0.573881,2.232458,0.217807,AUT,0.0,0.004205,0.070207,0.002254,neutron,pi+,solid
815,8.8,0.336167,0.457089,0.572459,2.536048,0.226623,AUT,0.0,0.009488,0.070207,0.002480,neutron,pi+,solid
816,8.8,0.258426,0.533498,0.573185,2.259390,0.537732,AUT,0.0,0.014635,0.070207,0.002239,neutron,pi+,solid
817,8.8,0.263359,0.524251,0.623092,2.263242,0.270373,AUT,0.0,0.004518,0.070207,0.002279,neutron,pi+,solid
818,8.8,0.348349,0.470437,0.616339,2.705560,0.194516,AUT,0.0,0.029956,0.070207,0.002552,neutron,pi+,solid
819,8.8,0.252262,0.543268,0.671764,2.252183,0.269691,AUT,0.0,0.006024,0.070207,0.002271,neutron,pi+,solid
820,8.8,0.356097,0.578110,0.332426,3.397005,0.248352,AUT,0.0,0.007996,0.070207,0.002420,neutron,pi+,solid
821,8.8,0.426942,0.551881,0.340264,3.889830,0.253514,AUT,0.0,0.036780,0.070207,0.002645,neutron,pi+,solid
822,8.8,0.352600,0.566416,0.374182,3.293923,0.195771,AUT,0.0,0.007880,0.070207,0.002434,neutron,pi+,solid
823,8.8,0.416611,0.537294,0.375803,3.692341,0.205603,AUT,0.0,0.009999,0.070207,0.002635,neutron,pi+,solid
824,8.8,0.372276,0.557808,0.374786,3.419000,0.541941,AUT,0.0,0.014172,0.070207,0.002492,neutron,pi+,solid
825,8.8,0.361960,0.561553,0.423940,3.350343,0.202666,AUT,0.0,0.007408,0.070207,0.002488,neutron,pi+,solid
826,8.8,0.430076,0.522825,0.423884,3.711025,0.217990,AUT,0.0,0.013836,0.070207,0.002716,neutron,pi+,solid
827,8.8,0.373205,0.555807,0.424080,3.413766,0.540766,AUT,0.0,0.017885,0.070207,0.002523,neutron,pi+,solid
828,8.8,0.363223,0.560837,0.473971,3.357435,0.268084,AUT,0.0,0.007790,0.070207,0.002519,neutron,pi+,solid
829,8.8,0.431683,0.522023,0.473754,3.719522,0.277496,AUT,0.0,0.016018,0.070207,0.002757,neutron,pi+,solid
830,8.8,0.372561,0.556128,0.523770,3.410842,0.294266,AUT,0.0,0.007584,0.070207,0.002580,neutron,pi+,solid
831,8.8,0.458139,0.511351,0.522839,3.868545,0.254275,AUT,0.0,0.060979,0.070207,0.002909,neutron,pi+,solid
832,8.8,0.370730,0.558228,0.573313,3.407470,0.283015,AUT,0.0,0.008723,0.070207,0.002609,neutron,pi+,solid
833,8.8,0.362588,0.565248,0.622510,3.378546,0.259371,AUT,0.0,0.011032,0.070207,0.002619,neutron,pi+,solid
834,8.8,0.458677,0.578923,0.332158,4.382481,0.269229,AUT,0.0,0.013853,0.070207,0.002758,neutron,pi+,solid
835,8.8,0.462579,0.569256,0.374019,4.344994,0.273647,AUT,0.0,0.011875,0.070207,0.002810,neutron,pi+,solid
836,8.8,0.462580,0.569240,0.423849,4.344901,0.277382,AUT,0.0,0.013425,0.070207,0.002851,neutron,pi+,solid
837,8.8,0.461896,0.569578,0.473862,4.340973,0.278531,AUT,0.0,0.015111,0.070207,0.002890,neutron,pi+,solid
838,8.8,0.460860,0.570666,0.523358,4.339615,0.267553,AUT,0.0,0.017119,0.070207,0.002931,neutron,pi+,solid
