i,Ebeam,x,y,z,Q2,pT,obs,value,stat,systrel,systabs,target,hadron,Experiment
0,11.0,0.093162,0.618801,0.322019,1.186925,0.161774,AUT,0.0,0.002397,0.070207,0.000988,neutron,pi-,solid
1,11.0,0.113501,0.584540,0.322715,1.368853,0.149750,AUT,0.0,0.001957,0.070207,0.000990,neutron,pi-,solid
2,11.0,0.128020,0.561600,0.323053,1.483554,0.142756,AUT,0.0,0.001872,0.070207,0.000994,neutron,pi-,solid
3,11.0,0.140618,0.538294,0.323279,1.561956,0.136156,AUT,0.0,0.001910,0.070207,0.000999,neutron,pi-,solid
4,11.0,0.152871,0.512991,0.323416,1.618207,0.129805,AUT,0.0,0.001985,0.070207,0.001005,neutron,pi-,solid
5,11.0,0.166261,0.486059,0.323585,1.667437,0.123553,AUT,0.0,0.002066,0.070207,0.001012,neutron,pi-,solid
6,11.0,0.181885,0.456431,0.323982,1.712761,0.116938,AUT,0.0,0.002273,0.070207,0.001021,neutron,pi-,solid
7,11.0,0.203733,0.422645,0.325490,1.775499,0.111510,AUT,0.0,0.002405,0.070207,0.001035,neutron,pi-,solid
8,11.0,0.234747,0.387118,0.330037,1.873194,0.112780,AUT,0.0,0.003581,0.070207,0.001054,neutron,pi-,solid
9,11.0,0.066228,0.786924,0.321566,1.073692,0.336599,AUT,0.0,0.002096,0.070207,0.000989,neutron,pi-,solid
10,11.0,0.074545,0.730473,0.322265,1.123614,0.321833,AUT,0.0,0.001860,0.070207,0.000989,neutron,pi-,solid
11,11.0,0.080070,0.700720,0.322624,1.157953,0.316822,AUT,0.0,0.001896,0.070207,0.000989,neutron,pi-,solid
12,11.0,0.084618,0.681090,0.322881,1.189542,0.313142,AUT,0.0,0.001853,0.070207,0.000989,neutron,pi-,solid
13,11.0,0.088905,0.671920,0.322968,1.233025,0.311056,AUT,0.0,0.001886,0.070207,0.000989,neutron,pi-,solid
14,11.0,0.093158,0.663527,0.323082,1.275870,0.308950,AUT,0.0,0.001857,0.070207,0.000989,neutron,pi-,solid
15,11.0,0.097346,0.655846,0.323191,1.317817,0.307027,AUT,0.0,0.001910,0.070207,0.000989,neutron,pi-,solid
16,11.0,0.101593,0.648234,0.323233,1.359333,0.305039,AUT,0.0,0.001879,0.070207,0.000990,neutron,pi-,solid
17,11.0,0.105991,0.640985,0.323350,1.402333,0.303528,AUT,0.0,0.001923,0.070207,0.000990,neutron,pi-,solid
18,11.0,0.110436,0.633598,0.323406,1.444301,0.301917,AUT,0.0,0.001962,0.070207,0.000991,neutron,pi-,solid
19,11.0,0.114981,0.626425,0.323458,1.486735,0.300419,AUT,0.0,0.002005,0.070207,0.000992,neutron,pi-,solid
20,11.0,0.119779,0.619537,0.323553,1.531722,0.299086,AUT,0.0,0.002000,0.070207,0.000993,neutron,pi-,solid
21,11.0,0.124775,0.611967,0.323638,1.576111,0.297747,AUT,0.0,0.002105,0.070207,0.000995,neutron,pi-,solid
22,11.0,0.130051,0.599852,0.323720,1.610160,0.296146,AUT,0.0,0.002158,0.070207,0.000996,neutron,pi-,solid
23,11.0,0.135874,0.583056,0.323828,1.635130,0.294285,AUT,0.0,0.002362,0.070207,0.000998,neutron,pi-,solid
24,11.0,0.142399,0.564742,0.323943,1.659763,0.291962,AUT,0.0,0.002655,0.070207,0.001001,neutron,pi-,solid
25,11.0,0.150490,0.541127,0.324017,1.680516,0.289739,AUT,0.0,0.003076,0.070207,0.001004,neutron,pi-,solid
26,11.0,0.161151,0.510797,0.324017,1.698465,0.288751,AUT,0.0,0.004412,0.070207,0.001010,neutron,pi-,solid
27,11.0,0.175684,0.474017,0.324117,1.717780,0.290098,AUT,0.0,0.007214,0.070207,0.001018,neutron,pi-,solid
28,11.0,0.198937,0.430227,0.325335,1.764040,0.291649,AUT,0.0,0.006882,0.070207,0.001032,neutron,pi-,solid
29,11.0,0.232861,0.388668,0.330056,1.865227,0.292079,AUT,0.0,0.009579,0.070207,0.001053,neutron,pi-,solid
30,11.0,0.062039,0.825511,0.322839,1.056013,0.500555,AUT,0.0,0.001911,0.070207,0.000989,neutron,pi-,solid
31,11.0,0.068700,0.780074,0.323268,1.105920,0.495718,AUT,0.0,0.001967,0.070207,0.000990,neutron,pi-,solid
32,11.0,0.073735,0.752899,0.323574,1.145760,0.492059,AUT,0.0,0.001967,0.070207,0.000990,neutron,pi-,solid
33,11.0,0.078457,0.732175,0.323816,1.185608,0.490043,AUT,0.0,0.001992,0.070207,0.000989,neutron,pi-,solid
34,11.0,0.082994,0.714012,0.323891,1.223100,0.489126,AUT,0.0,0.002092,0.070207,0.000989,neutron,pi-,solid
35,11.0,0.087575,0.702706,0.323928,1.270225,0.488589,AUT,0.0,0.002082,0.070207,0.000989,neutron,pi-,solid
36,11.0,0.092479,0.692238,0.323967,1.321350,0.488058,AUT,0.0,0.002140,0.070207,0.000989,neutron,pi-,solid
37,11.0,0.097710,0.681321,0.324006,1.374076,0.487392,AUT,0.0,0.002155,0.070207,0.000990,neutron,pi-,solid
38,11.0,0.103503,0.669777,0.324034,1.430857,0.487258,AUT,0.0,0.002174,0.070207,0.000990,neutron,pi-,solid
39,11.0,0.109884,0.656861,0.324047,1.489745,0.486808,AUT,0.0,0.002224,0.070207,0.000991,neutron,pi-,solid
40,11.0,0.116976,0.642281,0.324063,1.550686,0.486938,AUT,0.0,0.002257,0.070207,0.000993,neutron,pi-,solid
41,11.0,0.124842,0.625439,0.324073,1.611440,0.486856,AUT,0.0,0.002316,0.070207,0.000995,neutron,pi-,solid
42,11.0,0.134294,0.591084,0.324025,1.637714,0.488003,AUT,0.0,0.002273,0.070207,0.000998,neutron,pi-,solid
43,11.0,0.147456,0.544586,0.323824,1.656252,0.489880,AUT,0.0,0.002176,0.070207,0.001003,neutron,pi-,solid
44,11.0,0.167313,0.489560,0.323787,1.688181,0.491016,AUT,0.0,0.002307,0.070207,0.001013,neutron,pi-,solid
45,11.0,0.205122,0.421946,0.326152,1.777409,0.492434,AUT,0.0,0.003567,0.070207,0.001035,neutron,pi-,solid
46,11.0,0.067205,0.800311,0.326093,1.106832,0.668227,AUT,0.0,0.001893,0.070207,0.000989,neutron,pi-,solid
47,11.0,0.084122,0.725706,0.326293,1.258604,0.666201,AUT,0.0,0.001913,0.070207,0.000989,neutron,pi-,solid
48,11.0,0.103879,0.678756,0.326281,1.453591,0.665105,AUT,0.0,0.002053,0.070207,0.000991,neutron,pi-,solid
49,11.0,0.134316,0.605211,0.326808,1.667756,0.661396,AUT,0.0,0.002843,0.070207,0.000998,neutron,pi-,solid
50,11.0,0.188354,0.464164,0.329606,1.786899,0.645403,AUT,0.0,0.021512,0.070207,0.001025,neutron,pi-,solid
51,11.0,0.104043,0.589563,0.372434,1.262089,0.155756,AUT,0.0,0.002140,0.070207,0.000980,neutron,pi-,solid
52,11.0,0.130667,0.550427,0.373064,1.483508,0.141011,AUT,0.0,0.001865,0.070207,0.000984,neutron,pi-,solid
53,11.0,0.149568,0.516261,0.373326,1.592759,0.132029,AUT,0.0,0.001924,0.070207,0.000991,neutron,pi-,solid
54,11.0,0.168620,0.478870,0.373531,1.665427,0.124175,AUT,0.0,0.002019,0.070207,0.001000,neutron,pi-,solid
55,11.0,0.191802,0.436990,0.373718,1.727929,0.116825,AUT,0.0,0.002175,0.070207,0.001013,neutron,pi-,solid
56,11.0,0.230828,0.378111,0.374465,1.794031,0.117897,AUT,0.0,0.002067,0.070207,0.001035,neutron,pi-,solid
57,11.0,0.283696,0.327161,0.381349,1.914948,0.137603,AUT,0.0,0.013196,0.070207,0.001064,neutron,pi-,solid
58,11.0,0.071985,0.741337,0.371920,1.098156,0.334891,AUT,0.0,0.002092,0.070207,0.000984,neutron,pi-,solid
59,11.0,0.082745,0.680036,0.372704,1.161053,0.319530,AUT,0.0,0.001887,0.070207,0.000982,neutron,pi-,solid
60,11.0,0.089935,0.660236,0.372906,1.225522,0.315329,AUT,0.0,0.001871,0.070207,0.000982,neutron,pi-,solid
61,11.0,0.096560,0.647663,0.373054,1.290785,0.312183,AUT,0.0,0.001866,0.070207,0.000981,neutron,pi-,solid
62,11.0,0.102848,0.636584,0.373217,1.351354,0.309418,AUT,0.0,0.001925,0.070207,0.000981,neutron,pi-,solid
63,11.0,0.109242,0.626112,0.373319,1.411733,0.306691,AUT,0.0,0.001863,0.070207,0.000982,neutron,pi-,solid
64,11.0,0.115981,0.615570,0.373427,1.473611,0.304165,AUT,0.0,0.001902,0.070207,0.000983,neutron,pi-,solid
65,11.0,0.122774,0.605536,0.373506,1.534493,0.301798,AUT,0.0,0.001978,0.070207,0.000984,neutron,pi-,solid
66,11.0,0.129842,0.591981,0.373594,1.586395,0.299525,AUT,0.0,0.002044,0.070207,0.000986,neutron,pi-,solid
67,11.0,0.137818,0.571605,0.373707,1.625804,0.296657,AUT,0.0,0.002158,0.070207,0.000988,neutron,pi-,solid
68,11.0,0.147326,0.547715,0.373864,1.665163,0.293370,AUT,0.0,0.002460,0.070207,0.000991,neutron,pi-,solid
69,11.0,0.159664,0.514770,0.374058,1.695608,0.290088,AUT,0.0,0.003260,0.070207,0.000997,neutron,pi-,solid
70,11.0,0.178377,0.468305,0.374060,1.722052,0.289983,AUT,0.0,0.006364,0.070207,0.001006,neutron,pi-,solid
71,11.0,0.213091,0.402596,0.374098,1.764082,0.291565,AUT,0.0,0.005789,0.070207,0.001025,neutron,pi-,solid
72,11.0,0.262050,0.343361,0.378003,1.853728,0.290030,AUT,0.0,0.008647,0.070207,0.001052,neutron,pi-,solid
73,11.0,0.064657,0.805040,0.372765,1.072514,0.502676,AUT,0.0,0.001889,0.070207,0.000985,neutron,pi-,solid
74,11.0,0.073432,0.748905,0.373290,1.134737,0.497539,AUT,0.0,0.001945,0.070207,0.000984,neutron,pi-,solid
75,11.0,0.079987,0.717540,0.373595,1.184429,0.493572,AUT,0.0,0.001988,0.070207,0.000983,neutron,pi-,solid
76,11.0,0.086220,0.697547,0.373788,1.241330,0.491430,AUT,0.0,0.002058,0.070207,0.000983,neutron,pi-,solid
77,11.0,0.092761,0.684985,0.373884,1.311439,0.490260,AUT,0.0,0.002119,0.070207,0.000982,neutron,pi-,solid
78,11.0,0.099780,0.672248,0.373967,1.384448,0.489411,AUT,0.0,0.002242,0.070207,0.000982,neutron,pi-,solid
79,11.0,0.107466,0.659117,0.374013,1.461923,0.488595,AUT,0.0,0.002365,0.070207,0.000983,neutron,pi-,solid
80,11.0,0.116093,0.643468,0.374057,1.541750,0.487592,AUT,0.0,0.002513,0.070207,0.000984,neutron,pi-,solid
81,11.0,0.126227,0.622338,0.374105,1.620946,0.486954,AUT,0.0,0.002701,0.070207,0.000986,neutron,pi-,solid
82,11.0,0.139573,0.574523,0.374064,1.653572,0.487046,AUT,0.0,0.003335,0.070207,0.000989,neutron,pi-,solid
83,11.0,0.161784,0.504819,0.373915,1.681729,0.489858,AUT,0.0,0.003077,0.070207,0.000997,neutron,pi-,solid
84,11.0,0.211387,0.406641,0.374098,1.756698,0.492499,AUT,0.0,0.003282,0.070207,0.001024,neutron,pi-,solid
85,11.0,0.281951,0.327757,0.381451,1.906502,0.493322,AUT,0.0,0.037314,0.070207,0.001063,neutron,pi-,solid
86,11.0,0.066697,0.799965,0.374571,1.098472,0.678653,AUT,0.0,0.001930,0.070207,0.000984,neutron,pi-,solid
87,11.0,0.081189,0.730219,0.375097,1.222498,0.675941,AUT,0.0,0.001934,0.070207,0.000983,neutron,pi-,solid
88,11.0,0.096815,0.685862,0.375103,1.369352,0.675897,AUT,0.0,0.001880,0.070207,0.000982,neutron,pi-,solid
89,11.0,0.118012,0.637639,0.374957,1.550761,0.676482,AUT,0.0,0.001899,0.070207,0.000984,neutron,pi-,solid
90,11.0,0.156373,0.526671,0.375249,1.682051,0.673449,AUT,0.0,0.002801,0.070207,0.000996,neutron,pi-,solid
91,11.0,0.225632,0.389343,0.376712,1.801977,0.657987,AUT,0.0,0.028980,0.070207,0.001032,neutron,pi-,solid
92,11.0,0.096801,0.718198,0.378451,1.391258,0.858295,AUT,0.0,0.003036,0.070207,0.000985,neutron,pi-,solid
93,11.0,0.114540,0.566751,0.422825,1.334460,0.150171,AUT,0.0,0.001999,0.070207,0.000974,neutron,pi-,solid
94,11.0,0.147745,0.516324,0.423347,1.572256,0.132993,AUT,0.0,0.001885,0.070207,0.000981,neutron,pi-,solid
95,11.0,0.175742,0.463931,0.423607,1.680187,0.123511,AUT,0.0,0.001998,0.070207,0.000992,neutron,pi-,solid
96,11.0,0.215990,0.398222,0.423695,1.766820,0.119323,AUT,0.0,0.002028,0.070207,0.001013,neutron,pi-,solid
97,11.0,0.270630,0.330473,0.423194,1.843622,0.136955,AUT,0.0,0.005791,0.070207,0.001042,neutron,pi-,solid
98,11.0,0.078133,0.693762,0.421791,1.115105,0.329743,AUT,0.0,0.002106,0.070207,0.000978,neutron,pi-,solid
99,11.0,0.091745,0.647334,0.422726,1.225526,0.317449,AUT,0.0,0.001886,0.070207,0.000976,neutron,pi-,solid
100,11.0,0.102447,0.628729,0.423024,1.329271,0.313390,AUT,0.0,0.001824,0.070207,0.000975,neutron,pi-,solid
101,11.0,0.112500,0.612396,0.423288,1.421868,0.309148,AUT,0.0,0.001865,0.070207,0.000975,neutron,pi-,solid
102,11.0,0.122323,0.598250,0.423458,1.510329,0.305468,AUT,0.0,0.001891,0.070207,0.000976,neutron,pi-,solid
103,11.0,0.132670,0.577638,0.423581,1.581417,0.301424,AUT,0.0,0.001947,0.070207,0.000978,neutron,pi-,solid
104,11.0,0.144629,0.549611,0.423735,1.640138,0.297291,AUT,0.0,0.002151,0.070207,0.000981,neutron,pi-,solid
105,11.0,0.160301,0.511692,0.423919,1.691656,0.292409,AUT,0.0,0.002744,0.070207,0.000986,neutron,pi-,solid
106,11.0,0.186083,0.452207,0.424003,1.732410,0.290712,AUT,0.0,0.005891,0.070207,0.000998,neutron,pi-,solid
107,11.0,0.241146,0.364303,0.424038,1.798422,0.290101,AUT,0.0,0.003729,0.070207,0.001026,neutron,pi-,solid
108,11.0,0.070952,0.748437,0.420370,1.093650,0.501511,AUT,0.0,0.001886,0.070207,0.000980,neutron,pi-,solid
109,11.0,0.081976,0.695310,0.422648,1.176066,0.495859,AUT,0.0,0.001940,0.070207,0.000978,neutron,pi-,solid
110,11.0,0.090724,0.676184,0.423218,1.266103,0.492680,AUT,0.0,0.002027,0.070207,0.000977,neutron,pi-,solid
111,11.0,0.099679,0.662678,0.423567,1.363296,0.491161,AUT,0.0,0.002122,0.070207,0.000976,neutron,pi-,solid
112,11.0,0.109624,0.648685,0.423839,1.467592,0.489879,AUT,0.0,0.002234,0.070207,0.000976,neutron,pi-,solid
113,11.0,0.121112,0.631176,0.424085,1.577492,0.488838,AUT,0.0,0.002453,0.070207,0.000977,neutron,pi-,solid
114,11.0,0.135267,0.592411,0.424180,1.652390,0.486796,AUT,0.0,0.003143,0.070207,0.000979,neutron,pi-,solid
115,11.0,0.159330,0.514366,0.424155,1.685955,0.487783,AUT,0.0,0.005136,0.070207,0.000986,neutron,pi-,solid
116,11.0,0.218491,0.397587,0.423949,1.766447,0.489688,AUT,0.0,0.004187,0.070207,0.001014,neutron,pi-,solid
117,11.0,0.073424,0.745912,0.421133,1.127024,0.684561,AUT,0.0,0.001978,0.070207,0.000980,neutron,pi-,solid
118,11.0,0.091665,0.688991,0.423525,1.302534,0.683171,AUT,0.0,0.002064,0.070207,0.000977,neutron,pi-,solid
119,11.0,0.112925,0.646653,0.424315,1.505109,0.683559,AUT,0.0,0.002058,0.070207,0.000976,neutron,pi-,solid
120,11.0,0.149841,0.540036,0.424339,1.653239,0.685220,AUT,0.0,0.002031,0.070207,0.000983,neutron,pi-,solid
121,11.0,0.216686,0.398655,0.424102,1.769906,0.677417,AUT,0.0,0.010677,0.070207,0.001013,neutron,pi-,solid
122,11.0,0.108233,0.664162,0.425422,1.429926,0.875526,AUT,0.0,0.002150,0.070207,0.000980,neutron,pi-,solid
123,11.0,0.126845,0.544053,0.473046,1.416518,0.143603,AUT,0.0,0.001878,0.070207,0.000968,neutron,pi-,solid
124,11.0,0.171083,0.470935,0.473590,1.657859,0.126119,AUT,0.0,0.001919,0.070207,0.000979,neutron,pi-,solid
125,11.0,0.225216,0.386650,0.473646,1.780450,0.124711,AUT,0.0,0.002116,0.070207,0.001004,neutron,pi-,solid
126,11.0,0.086710,0.641804,0.471769,1.145493,0.320471,AUT,0.0,0.001994,0.070207,0.000972,neutron,pi-,solid
127,11.0,0.105800,0.605070,0.472644,1.320722,0.312543,AUT,0.0,0.001844,0.070207,0.000968,neutron,pi-,solid
128,11.0,0.121505,0.584220,0.472925,1.464794,0.307650,AUT,0.0,0.001863,0.070207,0.000968,neutron,pi-,solid
129,11.0,0.136683,0.561284,0.473499,1.582798,0.302602,AUT,0.0,0.001947,0.070207,0.000970,neutron,pi-,solid
130,11.0,0.154875,0.521558,0.473842,1.665556,0.296463,AUT,0.0,0.002244,0.070207,0.000974,neutron,pi-,solid
131,11.0,0.185898,0.453170,0.474000,1.731495,0.291361,AUT,0.0,0.004337,0.070207,0.000986,neutron,pi-,solid
132,11.0,0.246243,0.357276,0.474066,1.803766,0.289569,AUT,0.0,0.003534,0.070207,0.001014,neutron,pi-,solid
133,11.0,0.081387,0.665103,0.471091,1.114678,0.498076,AUT,0.0,0.001889,0.070207,0.000973,neutron,pi-,solid
134,11.0,0.097578,0.633166,0.472644,1.274914,0.492620,AUT,0.0,0.002039,0.070207,0.000970,neutron,pi-,solid
135,11.0,0.113019,0.617693,0.472890,1.440613,0.490390,AUT,0.0,0.002221,0.070207,0.000968,neutron,pi-,solid
136,11.0,0.130963,0.595827,0.473479,1.609437,0.488968,AUT,0.0,0.002566,0.070207,0.000970,neutron,pi-,solid
137,11.0,0.159366,0.516434,0.474225,1.689869,0.487884,AUT,0.0,0.005209,0.070207,0.000976,neutron,pi-,solid
138,11.0,0.222608,0.390978,0.473990,1.774183,0.488568,AUT,0.0,0.005751,0.070207,0.001003,neutron,pi-,solid
139,11.0,0.087083,0.661717,0.471597,1.185206,0.684711,AUT,0.0,0.002407,0.070207,0.000972,neutron,pi-,solid
140,11.0,0.121669,0.606064,0.473150,1.517269,0.685832,AUT,0.0,0.002668,0.070207,0.000969,neutron,pi-,solid
141,11.0,0.179616,0.468721,0.473930,1.705526,0.687165,AUT,0.0,0.002884,0.070207,0.000984,neutron,pi-,solid
142,11.0,0.120066,0.603232,0.474326,1.450552,0.891986,AUT,0.0,0.002173,0.070207,0.000972,neutron,pi-,solid
143,11.0,0.140213,0.518083,0.523184,1.486470,0.137478,AUT,0.0,0.001838,0.070207,0.000961,neutron,pi-,solid
144,11.0,0.208619,0.410981,0.523569,1.746218,0.126017,AUT,0.0,0.001945,0.070207,0.000982,neutron,pi-,solid
145,11.0,0.099029,0.593152,0.521625,1.208678,0.313889,AUT,0.0,0.001875,0.070207,0.000963,neutron,pi-,solid
146,11.0,0.127541,0.553672,0.522757,1.456489,0.306493,AUT,0.0,0.001869,0.070207,0.000959,neutron,pi-,solid
147,11.0,0.152862,0.521047,0.523573,1.641582,0.299252,AUT,0.0,0.002086,0.070207,0.000963,neutron,pi-,solid
148,11.0,0.196468,0.433542,0.523997,1.741626,0.291767,AUT,0.0,0.003337,0.070207,0.000977,neutron,pi-,solid
149,11.0,0.266273,0.333937,0.523996,1.831343,0.290833,AUT,0.0,0.005564,0.070207,0.001006,neutron,pi-,solid
150,11.0,0.093728,0.607331,0.521371,1.172369,0.495572,AUT,0.0,0.001968,0.070207,0.000964,neutron,pi-,solid
151,11.0,0.122235,0.575156,0.522726,1.449865,0.489623,AUT,0.0,0.002388,0.070207,0.000960,neutron,pi-,solid
152,11.0,0.158159,0.517573,0.523877,1.678655,0.488565,AUT,0.0,0.004360,0.070207,0.000965,neutron,pi-,solid
153,11.0,0.223826,0.388527,0.523776,1.777761,0.486856,AUT,0.0,0.007396,0.070207,0.000988,neutron,pi-,solid
154,11.0,0.109168,0.591093,0.522050,1.322553,0.685130,AUT,0.0,0.003816,0.070207,0.000962,neutron,pi-,solid
155,11.0,0.175581,0.477519,0.523866,1.702787,0.685402,AUT,0.0,0.004097,0.070207,0.000970,neutron,pi-,solid
156,11.0,0.127160,0.563026,0.523399,1.448077,0.908646,AUT,0.0,0.002455,0.070207,0.000963,neutron,pi-,solid
157,11.0,0.159425,0.481605,0.573155,1.562656,0.131783,AUT,0.0,0.001826,0.070207,0.000953,neutron,pi-,solid
158,11.0,0.233977,0.374303,0.573462,1.795821,0.128269,AUT,0.0,0.003425,0.070207,0.000974,neutron,pi-,solid
159,11.0,0.118378,0.543469,0.571723,1.321564,0.308717,AUT,0.0,0.001825,0.070207,0.000951,neutron,pi-,solid
160,11.0,0.163609,0.491281,0.573391,1.653094,0.297450,AUT,0.0,0.002235,0.070207,0.000952,neutron,pi-,solid
161,11.0,0.227506,0.383382,0.573673,1.780360,0.290481,AUT,0.0,0.003006,0.070207,0.000972,neutron,pi-,solid
162,11.0,0.114961,0.554104,0.571505,1.309003,0.491189,AUT,0.0,0.002220,0.070207,0.000952,neutron,pi-,solid
163,11.0,0.180162,0.466636,0.573458,1.701425,0.488195,AUT,0.0,0.005001,0.070207,0.000957,neutron,pi-,solid
164,11.0,0.128709,0.537837,0.572200,1.414672,0.748484,AUT,0.0,0.002897,0.070207,0.000951,neutron,pi-,solid
165,11.0,0.194515,0.442748,0.573132,1.769637,0.708952,AUT,0.0,0.008357,0.070207,0.000961,neutron,pi-,solid
166,11.0,0.137339,0.501678,0.621733,1.415664,0.255767,AUT,0.0,0.001843,0.070207,0.000936,neutron,pi-,solid
167,11.0,0.189259,0.440395,0.623505,1.710760,0.223333,AUT,0.0,0.002072,0.070207,0.000940,neutron,pi-,solid
168,11.0,0.244665,0.360813,0.622142,1.817944,0.221195,AUT,0.0,0.003726,0.070207,0.000955,neutron,pi-,solid
169,11.0,0.136861,0.507754,0.621489,1.425833,0.555054,AUT,0.0,0.003791,0.070207,0.000937,neutron,pi-,solid
170,11.0,0.196717,0.435933,0.622844,1.758825,0.535524,AUT,0.0,0.009327,0.070207,0.000942,neutron,pi-,solid
171,11.0,0.167581,0.455785,0.672174,1.564096,0.235591,AUT,0.0,0.001922,0.070207,0.000918,neutron,pi-,solid
172,11.0,0.227840,0.387387,0.670698,1.818964,0.206257,AUT,0.0,0.004357,0.070207,0.000926,neutron,pi-,solid
173,11.0,0.160137,0.469770,0.670247,1.540438,0.551449,AUT,0.0,0.007958,0.070207,0.000919,neutron,pi-,solid
174,11.0,0.162619,0.646142,0.322717,2.162194,0.147367,AUT,0.0,0.002584,0.070207,0.001019,neutron,pi-,solid
175,11.0,0.186168,0.587471,0.323199,2.256539,0.134162,AUT,0.0,0.002623,0.070207,0.001033,neutron,pi-,solid
176,11.0,0.201128,0.558747,0.323390,2.319189,0.128239,AUT,0.0,0.002746,0.070207,0.001044,neutron,pi-,solid
177,11.0,0.214484,0.537398,0.323486,2.378836,0.123615,AUT,0.0,0.002778,0.070207,0.001053,neutron,pi-,solid
178,11.0,0.227516,0.517630,0.323539,2.430527,0.120053,AUT,0.0,0.002922,0.070207,0.001062,neutron,pi-,solid
179,11.0,0.240827,0.495610,0.323651,2.463176,0.117136,AUT,0.0,0.002999,0.070207,0.001071,neutron,pi-,solid
180,11.0,0.255782,0.471302,0.324049,2.487750,0.114947,AUT,0.0,0.003041,0.070207,0.001080,neutron,pi-,solid
181,11.0,0.274950,0.447087,0.324970,2.536463,0.114846,AUT,0.0,0.002966,0.070207,0.001092,neutron,pi-,solid
182,11.0,0.307082,0.419557,0.325932,2.656556,0.120047,AUT,0.0,0.002818,0.070207,0.001111,neutron,pi-,solid
183,11.0,0.355177,0.385806,0.329612,2.825965,0.134920,AUT,0.0,0.008471,0.070207,0.001134,neutron,pi-,solid
184,11.0,0.142912,0.708703,0.322953,2.088296,0.308192,AUT,0.0,0.002595,0.070207,0.001008,neutron,pi-,solid
185,11.0,0.157351,0.666627,0.323544,2.164628,0.301286,AUT,0.0,0.002688,0.070207,0.001016,neutron,pi-,solid
186,11.0,0.168364,0.639531,0.323745,2.222165,0.295635,AUT,0.0,0.002850,0.070207,0.001022,neutron,pi-,solid
187,11.0,0.178698,0.617655,0.323878,2.277981,0.291751,AUT,0.0,0.003178,0.070207,0.001029,neutron,pi-,solid
188,11.0,0.188925,0.598310,0.323965,2.332961,0.289640,AUT,0.0,0.003710,0.070207,0.001036,neutron,pi-,solid
189,11.0,0.199436,0.579854,0.324028,2.386780,0.288781,AUT,0.0,0.004467,0.070207,0.001043,neutron,pi-,solid
190,11.0,0.210713,0.560681,0.324019,2.438312,0.288478,AUT,0.0,0.005460,0.070207,0.001051,neutron,pi-,solid
191,11.0,0.223014,0.539771,0.323995,2.484267,0.288808,AUT,0.0,0.006944,0.070207,0.001060,neutron,pi-,solid
192,11.0,0.237174,0.510258,0.324028,2.497181,0.289416,AUT,0.0,0.009048,0.070207,0.001069,neutron,pi-,solid
193,11.0,0.254822,0.474754,0.324232,2.496062,0.290331,AUT,0.0,0.009121,0.070207,0.001080,neutron,pi-,solid
194,11.0,0.279080,0.441457,0.325485,2.541481,0.290534,AUT,0.0,0.007518,0.070207,0.001094,neutron,pi-,solid
195,11.0,0.324326,0.405337,0.327887,2.706359,0.289212,AUT,0.0,0.006830,0.070207,0.001119,neutron,pi-,solid
196,11.0,0.146670,0.700504,0.324232,2.116650,0.483196,AUT,0.0,0.003954,0.070207,0.001010,neutron,pi-,solid
197,11.0,0.170523,0.637023,0.323947,2.240279,0.486667,AUT,0.0,0.004788,0.070207,0.001024,neutron,pi-,solid
198,11.0,0.192384,0.589115,0.323812,2.337852,0.488481,AUT,0.0,0.004136,0.070207,0.001038,neutron,pi-,solid
199,11.0,0.215298,0.546459,0.323748,2.426800,0.489508,AUT,0.0,0.003763,0.070207,0.001054,neutron,pi-,solid
200,11.0,0.242446,0.493641,0.323731,2.467157,0.490771,AUT,0.0,0.003829,0.070207,0.001072,neutron,pi-,solid
201,11.0,0.285984,0.434403,0.325437,2.557878,0.491805,AUT,0.0,0.005536,0.070207,0.001098,neutron,pi-,solid
202,11.0,0.349663,0.388090,0.329570,2.797740,0.491657,AUT,0.0,0.025648,0.070207,0.001131,neutron,pi-,solid
203,11.0,0.170428,0.641389,0.325529,2.237755,0.670384,AUT,0.0,0.003300,0.070207,0.001024,neutron,pi-,solid
204,11.0,0.247577,0.501590,0.326771,2.529887,0.661598,AUT,0.0,0.009175,0.070207,0.001074,neutron,pi-,solid
205,11.0,0.353841,0.389094,0.330303,2.840385,0.639718,AUT,0.0,0.258420,0.070207,0.001133,neutron,pi-,solid
206,11.0,0.171550,0.621330,0.372968,2.191627,0.142639,AUT,0.0,0.002548,0.070207,0.001011,neutron,pi-,solid
207,11.0,0.199631,0.559285,0.373315,2.303313,0.129329,AUT,0.0,0.002641,0.070207,0.001027,neutron,pi-,solid
208,11.0,0.218959,0.527593,0.373560,2.383755,0.123989,AUT,0.0,0.002734,0.070207,0.001039,neutron,pi-,solid
209,11.0,0.237253,0.499505,0.373603,2.445320,0.120281,AUT,0.0,0.002836,0.070207,0.001051,neutron,pi-,solid
210,11.0,0.257544,0.466415,0.373649,2.478185,0.118613,AUT,0.0,0.002828,0.070207,0.001063,neutron,pi-,solid
211,11.0,0.284181,0.426647,0.373618,2.500378,0.121570,AUT,0.0,0.002733,0.070207,0.001077,neutron,pi-,solid
212,11.0,0.328422,0.386443,0.373814,2.614812,0.133666,AUT,0.0,0.003394,0.070207,0.001099,neutron,pi-,solid
213,11.0,0.148523,0.690869,0.373065,2.114168,0.309140,AUT,0.0,0.002484,0.070207,0.000999,neutron,pi-,solid
214,11.0,0.167408,0.639307,0.373429,2.208264,0.302020,AUT,0.0,0.002600,0.070207,0.001009,neutron,pi-,solid
215,11.0,0.181485,0.609420,0.373725,2.282427,0.295862,AUT,0.0,0.002915,0.070207,0.001017,neutron,pi-,solid
216,11.0,0.194647,0.586060,0.373879,2.354234,0.292264,AUT,0.0,0.003396,0.070207,0.001025,neutron,pi-,solid
217,11.0,0.208492,0.563574,0.373935,2.424846,0.290672,AUT,0.0,0.004128,0.070207,0.001034,neutron,pi-,solid
218,11.0,0.223905,0.538048,0.373986,2.485900,0.289668,AUT,0.0,0.005385,0.070207,0.001044,neutron,pi-,solid
219,11.0,0.242312,0.499765,0.373969,2.498095,0.289785,AUT,0.0,0.007918,0.070207,0.001054,neutron,pi-,solid
220,11.0,0.267418,0.449924,0.373999,2.480843,0.290580,AUT,0.0,0.006918,0.070207,0.001068,neutron,pi-,solid
221,11.0,0.303415,0.399190,0.374659,2.496875,0.288786,AUT,0.0,0.004868,0.070207,0.001086,neutron,pi-,solid
222,11.0,0.351433,0.371203,0.374590,2.690940,0.286102,AUT,0.0,0.007352,0.070207,0.001109,neutron,pi-,solid
223,11.0,0.149402,0.692765,0.374245,2.131420,0.483779,AUT,0.0,0.003441,0.070207,0.001000,neutron,pi-,solid
224,11.0,0.177570,0.622660,0.374277,2.279458,0.484320,AUT,0.0,0.007389,0.070207,0.001015,neutron,pi-,solid
225,11.0,0.205994,0.565488,0.374059,2.401720,0.486508,AUT,0.0,0.007227,0.070207,0.001032,neutron,pi-,solid
226,11.0,0.240405,0.499615,0.374035,2.473497,0.487817,AUT,0.0,0.005316,0.070207,0.001053,neutron,pi-,solid
227,11.0,0.296135,0.410482,0.374264,2.497984,0.489128,AUT,0.0,0.006332,0.070207,0.001082,neutron,pi-,solid
228,11.0,0.363821,0.367616,0.374084,2.759923,0.486996,AUT,0.0,0.035807,0.070207,0.001115,neutron,pi-,solid
229,11.0,0.172283,0.635118,0.374305,2.237705,0.682510,AUT,0.0,0.002690,0.070207,0.001012,neutron,pi-,solid
230,11.0,0.249642,0.484895,0.374396,2.469290,0.678815,AUT,0.0,0.005251,0.070207,0.001057,neutron,pi-,solid
231,11.0,0.335016,0.393946,0.373392,2.722245,0.657000,AUT,0.0,0.058499,0.070207,0.001103,neutron,pi-,solid
232,11.0,0.196694,0.603033,0.378268,2.391645,0.857178,AUT,0.0,0.014381,0.070207,0.001026,neutron,pi-,solid
233,11.0,0.181321,0.596620,0.423145,2.222267,0.138005,AUT,0.0,0.002516,0.070207,0.001004,neutron,pi-,solid
234,11.0,0.215294,0.530832,0.423441,2.357198,0.126151,AUT,0.0,0.002651,0.070207,0.001022,neutron,pi-,solid
235,11.0,0.241618,0.490602,0.423585,2.444886,0.122319,AUT,0.0,0.002698,0.070207,0.001037,neutron,pi-,solid
236,11.0,0.273477,0.442756,0.423564,2.495690,0.122790,AUT,0.0,0.002673,0.070207,0.001054,neutron,pi-,solid
237,11.0,0.322403,0.389994,0.423244,2.589683,0.134708,AUT,0.0,0.003560,0.070207,0.001075,neutron,pi-,solid
238,11.0,0.153882,0.674835,0.423199,2.137996,0.310456,AUT,0.0,0.002498,0.070207,0.000991,neutron,pi-,solid
239,11.0,0.177318,0.615346,0.423532,2.250996,0.301938,AUT,0.0,0.002642,0.070207,0.001002,neutron,pi-,solid
240,11.0,0.195581,0.581380,0.423765,2.346224,0.295576,AUT,0.0,0.003009,0.070207,0.001012,neutron,pi-,solid
241,11.0,0.214220,0.552323,0.423876,2.441360,0.292582,AUT,0.0,0.003808,0.070207,0.001023,neutron,pi-,solid
242,11.0,0.236010,0.512994,0.423941,2.496932,0.290578,AUT,0.0,0.005455,0.070207,0.001035,neutron,pi-,solid
243,11.0,0.266708,0.451176,0.424022,2.479480,0.290120,AUT,0.0,0.005445,0.070207,0.001050,neutron,pi-,solid
244,11.0,0.313729,0.388505,0.424065,2.511256,0.287962,AUT,0.0,0.003695,0.070207,0.001071,neutron,pi-,solid
245,11.0,0.368188,0.365893,0.424042,2.780200,0.288564,AUT,0.0,0.012290,0.070207,0.001093,neutron,pi-,solid
246,11.0,0.152619,0.683569,0.424136,2.147375,0.487892,AUT,0.0,0.002960,0.070207,0.000991,neutron,pi-,solid
247,11.0,0.185287,0.607432,0.424326,2.319333,0.484878,AUT,0.0,0.006611,0.070207,0.001006,neutron,pi-,solid
248,11.0,0.221887,0.536685,0.424144,2.452454,0.487152,AUT,0.0,0.008747,0.070207,0.001027,neutron,pi-,solid
249,11.0,0.279006,0.433197,0.424081,2.478508,0.488076,AUT,0.0,0.005885,0.070207,0.001055,neutron,pi-,solid
250,11.0,0.349085,0.371779,0.423855,2.677354,0.484306,AUT,0.0,0.024000,0.070207,0.001086,neutron,pi-,solid
251,11.0,0.178595,0.621922,0.424195,2.264163,0.685574,AUT,0.0,0.003433,0.070207,0.001003,neutron,pi-,solid
252,11.0,0.263299,0.464230,0.423789,2.497115,0.683053,AUT,0.0,0.005524,0.070207,0.001048,neutron,pi-,solid
253,11.0,0.199891,0.589249,0.426096,2.372962,0.880032,AUT,0.0,0.006365,0.070207,0.001014,neutron,pi-,solid
254,11.0,0.191857,0.573294,0.473288,2.257284,0.134099,AUT,0.0,0.002507,0.070207,0.000996,neutron,pi-,solid
255,11.0,0.234643,0.499413,0.473584,2.415314,0.124976,AUT,0.0,0.002621,0.070207,0.001018,neutron,pi-,solid
256,11.0,0.280558,0.434197,0.473438,2.505815,0.126007,AUT,0.0,0.002613,0.070207,0.001039,neutron,pi-,solid
257,11.0,0.340650,0.379470,0.473119,2.665627,0.142413,AUT,0.0,0.007857,0.070207,0.001062,neutron,pi-,solid
258,11.0,0.163273,0.646745,0.472325,2.172825,0.309015,AUT,0.0,0.002477,0.070207,0.000984,neutron,pi-,solid
259,11.0,0.192057,0.584825,0.473641,2.316752,0.299732,AUT,0.0,0.002742,0.070207,0.000997,neutron,pi-,solid
260,11.0,0.217236,0.545396,0.473817,2.443785,0.294459,AUT,0.0,0.003457,0.070207,0.001010,neutron,pi-,solid
261,11.0,0.248548,0.486396,0.473997,2.490306,0.290756,AUT,0.0,0.004871,0.070207,0.001025,neutron,pi-,solid
262,11.0,0.298509,0.404207,0.474030,2.482526,0.289587,AUT,0.0,0.003134,0.070207,0.001045,neutron,pi-,solid
263,11.0,0.356828,0.368567,0.473950,2.713597,0.292436,AUT,0.0,0.008836,0.070207,0.001067,neutron,pi-,solid
264,11.0,0.162261,0.656330,0.472668,2.190851,0.489373,AUT,0.0,0.002892,0.070207,0.000984,neutron,pi-,solid
265,11.0,0.202817,0.574501,0.474250,2.399277,0.486346,AUT,0.0,0.007184,0.070207,0.001002,neutron,pi-,solid
266,11.0,0.259810,0.465563,0.474068,2.477241,0.488596,AUT,0.0,0.006539,0.070207,0.001029,neutron,pi-,solid
267,11.0,0.333417,0.379717,0.473668,2.610331,0.481077,AUT,0.0,0.015866,0.070207,0.001059,neutron,pi-,solid
268,11.0,0.191902,0.594154,0.473617,2.314589,0.684916,AUT,0.0,0.004979,0.070207,0.000997,neutron,pi-,solid
269,11.0,0.279357,0.442922,0.473608,2.543867,0.678020,AUT,0.0,0.010882,0.070207,0.001038,neutron,pi-,solid
270,11.0,0.200042,0.584168,0.474279,2.364900,0.901968,AUT,0.0,0.004538,0.070207,0.001001,neutron,pi-,solid
271,11.0,0.206786,0.541821,0.522953,2.298287,0.129945,AUT,0.0,0.002489,0.070207,0.000988,neutron,pi-,solid
272,11.0,0.269737,0.449381,0.523455,2.488477,0.126922,AUT,0.0,0.002550,0.070207,0.001014,neutron,pi-,solid
273,11.0,0.340648,0.380850,0.523111,2.675310,0.144185,AUT,0.0,0.009752,0.070207,0.001038,neutron,pi-,solid
274,11.0,0.182056,0.592661,0.521622,2.220484,0.304395,AUT,0.0,0.002529,0.070207,0.000978,neutron,pi-,solid
275,11.0,0.219997,0.536688,0.523561,2.433924,0.295588,AUT,0.0,0.003284,0.070207,0.000994,neutron,pi-,solid
276,11.0,0.265444,0.453874,0.523929,2.475988,0.290836,AUT,0.0,0.003491,0.070207,0.001013,neutron,pi-,solid
277,11.0,0.328569,0.379385,0.523773,2.568816,0.293933,AUT,0.0,0.004320,0.070207,0.001033,neutron,pi-,solid
278,11.0,0.185612,0.594909,0.521786,2.269425,0.487466,AUT,0.0,0.003970,0.070207,0.000980,neutron,pi-,solid
279,11.0,0.254328,0.477383,0.523994,2.478943,0.488134,AUT,0.0,0.006735,0.070207,0.001008,neutron,pi-,solid
280,11.0,0.336062,0.385559,0.522340,2.672206,0.473620,AUT,0.0,0.018655,0.070207,0.001037,neutron,pi-,solid
281,11.0,0.206942,0.557215,0.522911,2.351340,0.739487,AUT,0.0,0.004180,0.070207,0.000989,neutron,pi-,solid
282,11.0,0.287243,0.446070,0.522817,2.640003,0.688174,AUT,0.0,0.018225,0.070207,0.001022,neutron,pi-,solid
283,11.0,0.229504,0.499199,0.572818,2.346318,0.127687,AUT,0.0,0.002474,0.070207,0.000978,neutron,pi-,solid
284,11.0,0.304472,0.410218,0.573271,2.568554,0.133399,AUT,0.0,0.004347,0.070207,0.001001,neutron,pi-,solid
285,11.0,0.206546,0.536619,0.571936,2.278821,0.298580,AUT,0.0,0.002833,0.070207,0.000970,neutron,pi-,solid
286,11.0,0.273519,0.442184,0.573634,2.477734,0.292024,AUT,0.0,0.002852,0.070207,0.000992,neutron,pi-,solid
287,11.0,0.345150,0.377310,0.571825,2.686569,0.292181,AUT,0.0,0.008590,0.070207,0.001011,neutron,pi-,solid
288,11.0,0.223209,0.515509,0.572435,2.348364,0.488703,AUT,0.0,0.007138,0.070207,0.000976,neutron,pi-,solid
289,11.0,0.306204,0.413744,0.572257,2.611186,0.478141,AUT,0.0,0.012256,0.070207,0.001003,neutron,pi-,solid
290,11.0,0.223304,0.522592,0.572127,2.384584,0.739413,AUT,0.0,0.006374,0.070207,0.000976,neutron,pi-,solid
291,11.0,0.221596,0.495302,0.621876,2.257145,0.228987,AUT,0.0,0.002650,0.070207,0.000952,neutron,pi-,solid
292,11.0,0.285813,0.431084,0.622641,2.531986,0.226625,AUT,0.0,0.002558,0.070207,0.000968,neutron,pi-,solid
293,11.0,0.238258,0.487474,0.621529,2.377607,0.558343,AUT,0.0,0.008273,0.070207,0.000957,neutron,pi-,solid
294,11.0,0.244004,0.461978,0.671083,2.318581,0.280695,AUT,0.0,0.002796,0.070207,0.000930,neutron,pi-,solid
295,11.0,0.307072,0.433905,0.669313,2.748227,0.236887,AUT,0.0,0.006518,0.070207,0.000940,neutron,pi-,solid
296,11.0,0.255086,0.608642,0.323224,3.200734,0.128414,AUT,0.0,0.004192,0.070207,0.001088,neutron,pi-,solid
297,11.0,0.282055,0.573689,0.323518,3.339019,0.121935,AUT,0.0,0.004360,0.070207,0.001106,neutron,pi-,solid
298,11.0,0.303764,0.535640,0.323649,3.357013,0.117183,AUT,0.0,0.004579,0.070207,0.001118,neutron,pi-,solid
299,11.0,0.328011,0.498439,0.323624,3.373372,0.115810,AUT,0.0,0.004521,0.070207,0.001130,neutron,pi-,solid
300,11.0,0.356341,0.468641,0.323556,3.445547,0.119978,AUT,0.0,0.004317,0.070207,0.001144,neutron,pi-,solid
301,11.0,0.395974,0.434396,0.324035,3.546966,0.130994,AUT,0.0,0.004715,0.070207,0.001163,neutron,pi-,solid
302,11.0,0.444662,0.411721,0.323374,3.778636,0.143019,AUT,0.0,0.022231,0.070207,0.001188,neutron,pi-,solid
303,11.0,0.248907,0.625214,0.324019,3.209130,0.288089,AUT,0.0,0.006315,0.070207,0.001084,neutron,pi-,solid
304,11.0,0.275405,0.596492,0.323921,3.390179,0.288339,AUT,0.0,0.009403,0.070207,0.001102,neutron,pi-,solid
305,11.0,0.298192,0.553437,0.323986,3.403902,0.289095,AUT,0.0,0.013806,0.070207,0.001115,neutron,pi-,solid
306,11.0,0.327534,0.499192,0.323964,3.372538,0.289930,AUT,0.0,0.012416,0.070207,0.001130,neutron,pi-,solid
307,11.0,0.362174,0.460439,0.324071,3.439869,0.289026,AUT,0.0,0.009198,0.070207,0.001147,neutron,pi-,solid
308,11.0,0.408422,0.423146,0.325355,3.563994,0.286284,AUT,0.0,0.008247,0.070207,0.001168,neutron,pi-,solid
309,11.0,0.460494,0.408352,0.324289,3.881552,0.284271,AUT,0.0,0.046287,0.070207,0.001196,neutron,pi-,solid
310,11.0,0.265106,0.604373,0.323885,3.299891,0.486129,AUT,0.0,0.009061,0.070207,0.001095,neutron,pi-,solid
311,11.0,0.319759,0.512976,0.323868,3.375588,0.487573,AUT,0.0,0.008385,0.070207,0.001126,neutron,pi-,solid
312,11.0,0.390929,0.437168,0.324397,3.517689,0.488021,AUT,0.0,0.013943,0.070207,0.001160,neutron,pi-,solid
313,11.0,0.307491,0.538564,0.324700,3.365350,0.673159,AUT,0.0,0.010108,0.070207,0.001117,neutron,pi-,solid
314,11.0,0.411104,0.433563,0.324213,3.677705,0.647791,AUT,0.0,0.115577,0.070207,0.001171,neutron,pi-,solid
315,11.0,0.262619,0.597492,0.373320,3.233494,0.127562,AUT,0.0,0.004094,0.070207,0.001074,neutron,pi-,solid
316,11.0,0.297121,0.546675,0.373536,3.349902,0.121545,AUT,0.0,0.004276,0.070207,0.001093,neutron,pi-,solid
317,11.0,0.330359,0.496282,0.373586,3.381589,0.119775,AUT,0.0,0.004301,0.070207,0.001108,neutron,pi-,solid
318,11.0,0.374736,0.451693,0.373294,3.488534,0.127740,AUT,0.0,0.004222,0.070207,0.001127,neutron,pi-,solid
319,11.0,0.426809,0.415689,0.372945,3.661251,0.142976,AUT,0.0,0.013429,0.070207,0.001148,neutron,pi-,solid
320,11.0,0.253203,0.618966,0.373872,3.231269,0.291313,AUT,0.0,0.005331,0.070207,0.001068,neutron,pi-,solid
321,11.0,0.284754,0.581088,0.373944,3.413181,0.289974,AUT,0.0,0.008413,0.070207,0.001087,neutron,pi-,solid
322,11.0,0.318365,0.513922,0.373979,3.372814,0.289860,AUT,0.0,0.011131,0.070207,0.001102,neutron,pi-,solid
323,11.0,0.361803,0.460030,0.374060,3.431696,0.288003,AUT,0.0,0.006422,0.070207,0.001121,neutron,pi-,solid
324,11.0,0.413562,0.417305,0.374061,3.559861,0.286482,AUT,0.0,0.007298,0.070207,0.001142,neutron,pi-,solid
325,11.0,0.272250,0.593194,0.374094,3.321304,0.485676,AUT,0.0,0.014034,0.070207,0.001079,neutron,pi-,solid
326,11.0,0.349575,0.475242,0.374042,3.411967,0.486643,AUT,0.0,0.010243,0.070207,0.001116,neutron,pi-,solid
327,11.0,0.423336,0.413362,0.374018,3.611317,0.485559,AUT,0.0,0.035366,0.070207,0.001146,neutron,pi-,solid
328,11.0,0.307601,0.539251,0.374307,3.369729,0.710392,AUT,0.0,0.006536,0.070207,0.001096,neutron,pi-,solid
329,11.0,0.419897,0.432492,0.373105,3.747656,0.644831,AUT,0.0,0.132427,0.070207,0.001147,neutron,pi-,solid
330,11.0,0.271845,0.583595,0.423412,3.266406,0.127021,AUT,0.0,0.004024,0.070207,0.001060,neutron,pi-,solid
331,11.0,0.319508,0.511216,0.423532,3.366301,0.122427,AUT,0.0,0.004160,0.070207,0.001082,neutron,pi-,solid
332,11.0,0.381131,0.448930,0.423251,3.520271,0.131554,AUT,0.0,0.004441,0.070207,0.001104,neutron,pi-,solid
333,11.0,0.258530,0.611833,0.423804,3.260281,0.294223,AUT,0.0,0.004931,0.070207,0.001054,neutron,pi-,solid
334,11.0,0.299062,0.551472,0.423922,3.397589,0.290764,AUT,0.0,0.008238,0.070207,0.001074,neutron,pi-,solid
335,11.0,0.350079,0.472468,0.423976,3.408101,0.288671,AUT,0.0,0.005517,0.070207,0.001093,neutron,pi-,solid
336,11.0,0.409231,0.420316,0.423923,3.546773,0.289741,AUT,0.0,0.006602,0.070207,0.001113,neutron,pi-,solid
337,11.0,0.279254,0.581006,0.424174,3.329238,0.486376,AUT,0.0,0.015478,0.070207,0.001064,neutron,pi-,solid
338,11.0,0.373180,0.452814,0.424061,3.467980,0.486149,AUT,0.0,0.011454,0.070207,0.001101,neutron,pi-,solid
339,11.0,0.306474,0.542492,0.424163,3.377258,0.725937,AUT,0.0,0.006098,0.070207,0.001075,neutron,pi-,solid
340,11.0,0.283054,0.565110,0.473434,3.287234,0.127290,AUT,0.0,0.003927,0.070207,0.001046,neutron,pi-,solid
341,11.0,0.360846,0.468450,0.473376,3.470947,0.128821,AUT,0.0,0.004072,0.070207,0.001073,neutron,pi-,solid
342,11.0,0.266548,0.600674,0.473723,3.297687,0.296012,AUT,0.0,0.004702,0.070207,0.001039,neutron,pi-,solid
343,11.0,0.324402,0.507023,0.473901,3.383510,0.290201,AUT,0.0,0.005915,0.070207,0.001062,neutron,pi-,solid
344,11.0,0.396395,0.430628,0.473832,3.515075,0.293048,AUT,0.0,0.005237,0.070207,0.001083,neutron,pi-,solid
345,11.0,0.289516,0.564732,0.474105,3.341533,0.486915,AUT,0.0,0.012154,0.070207,0.001048,neutron,pi-,solid
346,11.0,0.387429,0.439805,0.473780,3.506785,0.483571,AUT,0.0,0.014594,0.070207,0.001080,neutron,pi-,solid
347,11.0,0.302153,0.549333,0.474072,3.376419,0.732382,AUT,0.0,0.007423,0.070207,0.001052,neutron,pi-,solid
348,11.0,0.302858,0.534151,0.522997,3.313640,0.126845,AUT,0.0,0.003878,0.070207,0.001030,neutron,pi-,solid
349,11.0,0.388351,0.444432,0.523186,3.554598,0.135753,AUT,0.0,0.007643,0.070207,0.001052,neutron,pi-,solid
350,11.0,0.282192,0.567207,0.522720,3.288181,0.294348,AUT,0.0,0.004964,0.070207,0.001024,neutron,pi-,solid
351,11.0,0.373372,0.451677,0.523682,3.461288,0.294429,AUT,0.0,0.004068,0.070207,0.001049,neutron,pi-,solid
352,11.0,0.466543,0.408151,0.522018,3.930635,0.298235,AUT,0.0,0.131329,0.070207,0.001069,neutron,pi-,solid
353,11.0,0.314385,0.525866,0.523109,3.355382,0.487119,AUT,0.0,0.009299,0.070207,0.001033,neutron,pi-,solid
354,11.0,0.423970,0.423959,0.521124,3.709350,0.462118,AUT,0.0,0.036157,0.070207,0.001061,neutron,pi-,solid
355,11.0,0.300336,0.546720,0.522880,3.351516,0.729713,AUT,0.0,0.011306,0.070207,0.001029,neutron,pi-,solid
356,11.0,0.290803,0.541017,0.572418,3.236229,0.225369,AUT,0.0,0.004133,0.070207,0.001001,neutron,pi-,solid
357,11.0,0.364598,0.461245,0.573334,3.458464,0.234946,AUT,0.0,0.003838,0.070207,0.001015,neutron,pi-,solid
358,11.0,0.437440,0.417311,0.569959,3.767577,0.252713,AUT,0.0,0.029514,0.070207,0.001027,neutron,pi-,solid
359,11.0,0.316994,0.515789,0.572443,3.339188,0.556619,AUT,0.0,0.009746,0.070207,0.001006,neutron,pi-,solid
360,11.0,0.331341,0.492023,0.621916,3.345914,0.228116,AUT,0.0,0.003765,0.070207,0.000976,neutron,pi-,solid
361,11.0,0.411373,0.441285,0.618832,3.746186,0.231312,AUT,0.0,0.017455,0.070207,0.000985,neutron,pi-,solid
362,11.0,0.322153,0.505409,0.620409,3.346682,0.533682,AUT,0.0,0.015182,0.070207,0.000976,neutron,pi-,solid
363,11.0,0.336263,0.482456,0.668187,3.342966,0.265593,AUT,0.0,0.005578,0.070207,0.000942,neutron,pi-,solid
364,11.0,0.320285,0.644514,0.323270,4.257811,0.127185,AUT,0.0,0.005627,0.070207,0.001134,neutron,pi-,solid
365,11.0,0.359456,0.616010,0.323477,4.567957,0.123083,AUT,0.0,0.005842,0.070207,0.001154,neutron,pi-,solid
366,11.0,0.410408,0.536278,0.323529,4.529006,0.120806,AUT,0.0,0.005761,0.070207,0.001178,neutron,pi-,solid
367,11.0,0.472398,0.451551,0.322956,4.400860,0.137585,AUT,0.0,0.014967,0.070207,0.001207,neutron,pi-,solid
368,11.0,0.313936,0.652238,0.324033,4.224233,0.286492,AUT,0.0,0.009044,0.070207,0.001130,neutron,pi-,solid
369,11.0,0.350648,0.628701,0.324066,4.548672,0.287221,AUT,0.0,0.015563,0.070207,0.001150,neutron,pi-,solid
370,11.0,0.404915,0.544117,0.323964,4.529322,0.288738,AUT,0.0,0.012503,0.070207,0.001175,neutron,pi-,solid
371,11.0,0.471685,0.449251,0.324107,4.371582,0.285155,AUT,0.0,0.016216,0.070207,0.001205,neutron,pi-,solid
372,11.0,0.339335,0.632307,0.324108,4.417491,0.485137,AUT,0.0,0.015688,0.070207,0.001143,neutron,pi-,solid
373,11.0,0.433968,0.499871,0.323867,4.450750,0.485908,AUT,0.0,0.019830,0.070207,0.001188,neutron,pi-,solid
374,11.0,0.360813,0.602863,0.324704,4.440856,0.698845,AUT,0.0,0.012558,0.070207,0.001153,neutron,pi-,solid
375,11.0,0.330938,0.637313,0.373243,4.348764,0.126677,AUT,0.0,0.005512,0.070207,0.001115,neutron,pi-,solid
376,11.0,0.396186,0.560222,0.373383,4.560844,0.123708,AUT,0.0,0.005564,0.070207,0.001143,neutron,pi-,solid
377,11.0,0.470477,0.454245,0.373035,4.408615,0.139729,AUT,0.0,0.017719,0.070207,0.001172,neutron,pi-,solid
378,11.0,0.319749,0.648067,0.373853,4.274120,0.289291,AUT,0.0,0.007382,0.070207,0.001110,neutron,pi-,solid
379,11.0,0.370713,0.601908,0.373948,4.594637,0.288348,AUT,0.0,0.012639,0.070207,0.001133,neutron,pi-,solid
380,11.0,0.448313,0.477379,0.373999,4.402194,0.287524,AUT,0.0,0.008699,0.070207,0.001162,neutron,pi-,solid
381,11.0,0.353392,0.612892,0.374047,4.438159,0.485602,AUT,0.0,0.018792,0.070207,0.001124,neutron,pi-,solid
382,11.0,0.461992,0.459769,0.374071,4.378256,0.484702,AUT,0.0,0.042932,0.070207,0.001167,neutron,pi-,solid
383,11.0,0.358786,0.606026,0.374231,4.443633,0.722155,AUT,0.0,0.010297,0.070207,0.001126,neutron,pi-,solid
384,11.0,0.345982,0.622627,0.423370,4.433981,0.126717,AUT,0.0,0.005382,0.070207,0.001098,neutron,pi-,solid
385,11.0,0.428889,0.510962,0.423263,4.501788,0.129379,AUT,0.0,0.008051,0.070207,0.001126,neutron,pi-,solid
386,11.0,0.327376,0.643561,0.423800,4.344575,0.292728,AUT,0.0,0.006610,0.070207,0.001091,neutron,pi-,solid
387,11.0,0.412669,0.535026,0.423863,4.507621,0.289792,AUT,0.0,0.006514,0.070207,0.001120,neutron,pi-,solid
388,11.0,0.518128,0.449335,0.423431,4.805753,0.295241,AUT,0.0,0.297142,0.070207,0.001158,neutron,pi-,solid
389,11.0,0.344878,0.625023,0.424250,4.431127,0.541350,AUT,0.0,0.018637,0.070207,0.001097,neutron,pi-,solid
390,11.0,0.441706,0.488258,0.423928,4.435676,0.520371,AUT,0.0,0.024622,0.070207,0.001130,neutron,pi-,solid
391,11.0,0.324371,0.643168,0.473523,4.302544,0.235957,AUT,0.0,0.005522,0.070207,0.001067,neutron,pi-,solid
392,11.0,0.379164,0.587725,0.473654,4.587108,0.217347,AUT,0.0,0.005925,0.070207,0.001084,neutron,pi-,solid
393,11.0,0.451019,0.475399,0.473553,4.414173,0.239097,AUT,0.0,0.008218,0.070207,0.001101,neutron,pi-,solid
394,11.0,0.360439,0.602599,0.474118,4.432585,0.540340,AUT,0.0,0.015719,0.070207,0.001077,neutron,pi-,solid
395,11.0,0.481727,0.446635,0.472711,4.441001,0.467303,AUT,0.0,0.070038,0.070207,0.001110,neutron,pi-,solid
396,11.0,0.349835,0.614983,0.520652,4.428512,0.229972,AUT,0.0,0.005508,0.070207,0.001049,neutron,pi-,solid
397,11.0,0.435660,0.498452,0.523425,4.461097,0.236589,AUT,0.0,0.007300,0.070207,0.001064,neutron,pi-,solid
398,11.0,0.367473,0.591741,0.521149,4.440835,0.568214,AUT,0.0,0.015944,0.070207,0.001052,neutron,pi-,solid
399,11.0,0.400189,0.541543,0.569978,4.439225,0.321398,AUT,0.0,0.006071,0.070207,0.001024,neutron,pi-,solid
400,11.0,0.398910,0.642520,0.323446,5.285962,0.123910,AUT,0.0,0.007168,0.070207,0.001177,neutron,pi-,solid
401,11.0,0.446101,0.595888,0.323520,5.482290,0.119412,AUT,0.0,0.007438,0.070207,0.001200,neutron,pi-,solid
402,11.0,0.504731,0.536395,0.323291,5.579384,0.123935,AUT,0.0,0.008964,0.070207,0.001231,neutron,pi-,solid
403,11.0,0.398037,0.645556,0.324023,5.299043,0.287074,AUT,0.0,0.020259,0.070207,0.001176,neutron,pi-,solid
404,11.0,0.454327,0.586605,0.323964,5.492246,0.288515,AUT,0.0,0.018750,0.070207,0.001204,neutron,pi-,solid
405,11.0,0.520593,0.521133,0.324112,5.594702,0.286213,AUT,0.0,0.015841,0.070207,0.001240,neutron,pi-,solid
406,11.0,0.435738,0.605621,0.324004,5.412343,0.484895,AUT,0.0,0.017629,0.070207,0.001195,neutron,pi-,solid
407,11.0,0.541337,0.507374,0.324065,5.668554,0.484158,AUT,0.0,0.097367,0.070207,0.001252,neutron,pi-,solid
408,11.0,0.433427,0.608887,0.324230,5.414436,0.700995,AUT,0.0,0.020134,0.070207,0.001193,neutron,pi-,solid
409,11.0,0.410262,0.631629,0.373324,5.340780,0.125086,AUT,0.0,0.006913,0.070207,0.001152,neutron,pi-,solid
410,11.0,0.482300,0.558437,0.373381,5.543227,0.123714,AUT,0.0,0.007881,0.070207,0.001183,neutron,pi-,solid
411,11.0,0.405384,0.638935,0.373920,5.338916,0.288108,AUT,0.0,0.014355,0.070207,0.001150,neutron,pi-,solid
412,11.0,0.484849,0.554680,0.373949,5.530934,0.288052,AUT,0.0,0.009927,0.070207,0.001184,neutron,pi-,solid
413,11.0,0.428642,0.613019,0.374084,5.398523,0.537854,AUT,0.0,0.015692,0.070207,0.001160,neutron,pi-,solid
414,11.0,0.522660,0.520774,0.373975,5.614260,0.510237,AUT,0.0,0.053036,0.070207,0.001201,neutron,pi-,solid
415,11.0,0.427710,0.613166,0.423345,5.394142,0.125850,AUT,0.0,0.006715,0.070207,0.001130,neutron,pi-,solid
416,11.0,0.513013,0.530105,0.423274,5.607195,0.127667,AUT,0.0,0.015094,0.070207,0.001160,neutron,pi-,solid
417,11.0,0.416545,0.626674,0.423848,5.373486,0.289263,AUT,0.0,0.011099,0.070207,0.001126,neutron,pi-,solid
418,11.0,0.502466,0.536763,0.423805,5.555633,0.290094,AUT,0.0,0.011057,0.070207,0.001156,neutron,pi-,solid
419,11.0,0.438874,0.603330,0.424111,5.423835,0.555682,AUT,0.0,0.015579,0.070207,0.001133,neutron,pi-,solid
420,11.0,0.407002,0.635932,0.473600,5.335114,0.223048,AUT,0.0,0.007212,0.070207,0.001093,neutron,pi-,solid
421,11.0,0.481824,0.558383,0.473583,5.534572,0.221382,AUT,0.0,0.007159,0.070207,0.001114,neutron,pi-,solid
422,11.0,0.436307,0.606249,0.473960,5.420388,0.558007,AUT,0.0,0.020117,0.070207,0.001101,neutron,pi-,solid
423,11.0,0.437407,0.599817,0.521419,5.394036,0.223079,AUT,0.0,0.006824,0.070207,0.001068,neutron,pi-,solid
424,11.0,0.525378,0.518984,0.523265,5.624615,0.242085,AUT,0.0,0.016431,0.070207,0.001083,neutron,pi-,solid
425,11.0,0.441001,0.597821,0.521302,5.412159,0.552093,AUT,0.0,0.025775,0.070207,0.001068,neutron,pi-,solid
426,11.0,0.467487,0.561800,0.570031,5.404984,0.302841,AUT,0.0,0.008534,0.070207,0.001032,neutron,pi-,solid
427,11.0,0.501024,0.627500,0.323449,6.474547,0.121285,AUT,0.0,0.007540,0.070207,0.001234,neutron,pi-,solid
428,11.0,0.584384,0.585072,0.323275,7.058676,0.122480,AUT,0.0,0.013974,0.070207,0.001287,neutron,pi-,solid
429,11.0,0.510448,0.620190,0.323982,6.511252,0.287799,AUT,0.0,0.017237,0.070207,0.001239,neutron,pi-,solid
430,11.0,0.600228,0.582963,0.323984,7.224750,0.286587,AUT,0.0,0.028703,0.070207,0.001298,neutron,pi-,solid
431,11.0,0.517612,0.619124,0.324090,6.589657,0.536263,AUT,0.0,0.015908,0.070207,0.001244,neutron,pi-,solid
432,11.0,0.486836,0.637188,0.373608,6.393860,0.204711,AUT,0.0,0.008494,0.070207,0.001189,neutron,pi-,solid
433,11.0,0.565944,0.589404,0.373617,6.882624,0.208744,AUT,0.0,0.008986,0.070207,0.001229,neutron,pi-,solid
434,11.0,0.517103,0.619367,0.373997,6.586017,0.538057,AUT,0.0,0.022028,0.070207,0.001204,neutron,pi-,solid
435,11.0,0.503207,0.625660,0.423618,6.481563,0.211718,AUT,0.0,0.007762,0.070207,0.001160,neutron,pi-,solid
436,11.0,0.588099,0.582495,0.423531,7.072943,0.218778,AUT,0.0,0.014210,0.070207,0.001196,neutron,pi-,solid
437,11.0,0.515295,0.620848,0.423971,6.579194,0.538970,AUT,0.0,0.028739,0.070207,0.001165,neutron,pi-,solid
438,11.0,0.508784,0.621937,0.473622,6.511115,0.276855,AUT,0.0,0.007858,0.070207,0.001124,neutron,pi-,solid
439,11.0,0.597596,0.585601,0.473367,7.225340,0.269643,AUT,0.0,0.018994,0.070207,0.001153,neutron,pi-,solid
440,11.0,0.524658,0.610021,0.520641,6.587461,0.299982,AUT,0.0,0.008819,0.070207,0.001087,neutron,pi-,solid
441,8.8,0.109908,0.632629,0.322862,1.141086,0.149328,AUT,0.0,0.001912,0.070207,0.001490,neutron,pi-,solid
442,8.8,0.134939,0.567316,0.324405,1.263490,0.133123,AUT,0.0,0.001947,0.070207,0.001497,neutron,pi-,solid
443,8.8,0.158227,0.552827,0.325261,1.444036,0.125940,AUT,0.0,0.002054,0.070207,0.001516,neutron,pi-,solid
444,8.8,0.190292,0.534264,0.325832,1.676908,0.117926,AUT,0.0,0.002294,0.070207,0.001549,neutron,pi-,solid
445,8.8,0.230360,0.489216,0.329317,1.857803,0.110007,AUT,0.0,0.004734,0.070207,0.001590,neutron,pi-,solid
446,8.8,0.089369,0.732911,0.323215,1.078959,0.307905,AUT,0.0,0.001902,0.070207,0.001491,neutron,pi-,solid
447,8.8,0.104234,0.671491,0.323735,1.155057,0.296961,AUT,0.0,0.002149,0.070207,0.001490,neutron,pi-,solid
448,8.8,0.116536,0.633258,0.323895,1.218086,0.292541,AUT,0.0,0.002496,0.070207,0.001492,neutron,pi-,solid
449,8.8,0.129497,0.602880,0.324290,1.288759,0.290979,AUT,0.0,0.003032,0.070207,0.001496,neutron,pi-,solid
450,8.8,0.145129,0.582251,0.325068,1.394999,0.289950,AUT,0.0,0.003761,0.070207,0.001506,neutron,pi-,solid
451,8.8,0.167416,0.561847,0.325417,1.552431,0.290176,AUT,0.0,0.005318,0.070207,0.001526,neutron,pi-,solid
452,8.8,0.205735,0.521550,0.326990,1.764729,0.292017,AUT,0.0,0.007287,0.070207,0.001565,neutron,pi-,solid
453,8.8,0.092316,0.724666,0.324513,1.100171,0.482081,AUT,0.0,0.001959,0.070207,0.001490,neutron,pi-,solid
454,8.8,0.115994,0.635270,0.324422,1.214676,0.482985,AUT,0.0,0.001944,0.070207,0.001492,neutron,pi-,solid
455,8.8,0.141525,0.581753,0.325262,1.358107,0.483764,AUT,0.0,0.002181,0.070207,0.001503,neutron,pi-,solid
456,8.8,0.187331,0.537743,0.326318,1.655034,0.488074,AUT,0.0,0.002917,0.070207,0.001546,neutron,pi-,solid
457,8.8,0.261460,0.450394,0.339700,1.944020,0.492349,AUT,0.0,0.068291,0.070207,0.001615,neutron,pi-,solid
458,8.8,0.130544,0.655528,0.331089,1.370285,0.638173,AUT,0.0,0.009151,0.070207,0.001506,neutron,pi-,solid
459,8.8,0.118946,0.599073,0.373154,1.167999,0.143358,AUT,0.0,0.001862,0.070207,0.001477,neutron,pi-,solid
460,8.8,0.149858,0.527691,0.373950,1.304688,0.125336,AUT,0.0,0.002004,0.070207,0.001488,neutron,pi-,solid
461,8.8,0.178642,0.508814,0.374727,1.500312,0.118945,AUT,0.0,0.002151,0.070207,0.001512,neutron,pi-,solid
462,8.8,0.224511,0.468176,0.375666,1.726760,0.115207,AUT,0.0,0.002314,0.070207,0.001557,neutron,pi-,solid
463,8.8,0.093508,0.712558,0.373220,1.096408,0.310047,AUT,0.0,0.001888,0.070207,0.001479,neutron,pi-,solid
464,8.8,0.112222,0.641970,0.373745,1.188636,0.298221,AUT,0.0,0.002103,0.070207,0.001478,neutron,pi-,solid
465,8.8,0.128763,0.599695,0.373930,1.274205,0.293353,AUT,0.0,0.002569,0.070207,0.001481,neutron,pi-,solid
466,8.8,0.147511,0.560294,0.374149,1.363808,0.291174,AUT,0.0,0.003388,0.070207,0.001489,neutron,pi-,solid
467,8.8,0.172510,0.529409,0.374835,1.506959,0.290777,AUT,0.0,0.004828,0.070207,0.001508,neutron,pi-,solid
468,8.8,0.219618,0.475328,0.375827,1.712350,0.291984,AUT,0.0,0.005825,0.070207,0.001552,neutron,pi-,solid
469,8.8,0.094582,0.715627,0.374226,1.112154,0.487709,AUT,0.0,0.002174,0.070207,0.001480,neutron,pi-,solid
470,8.8,0.122567,0.614474,0.374059,1.240488,0.490708,AUT,0.0,0.002125,0.070207,0.001479,neutron,pi-,solid
471,8.8,0.154837,0.540520,0.374417,1.379124,0.492271,AUT,0.0,0.002072,0.070207,0.001494,neutron,pi-,solid
472,8.8,0.208904,0.483166,0.375445,1.654347,0.494332,AUT,0.0,0.003244,0.070207,0.001541,neutron,pi-,solid
473,8.8,0.138989,0.618195,0.377273,1.364290,0.661280,AUT,0.0,0.003426,0.070207,0.001495,neutron,pi-,solid
474,8.8,0.271913,0.424353,0.379653,1.904534,0.633693,AUT,0.0,0.400923,0.070207,0.001600,neutron,pi-,solid
475,8.8,0.128182,0.569817,0.423310,1.195941,0.137904,AUT,0.0,0.001848,0.070207,0.001467,neutron,pi-,solid
476,8.8,0.167092,0.495152,0.423934,1.364361,0.121175,AUT,0.0,0.002022,0.070207,0.001484,neutron,pi-,solid
477,8.8,0.211420,0.458560,0.424413,1.595682,0.118294,AUT,0.0,0.002034,0.070207,0.001522,neutron,pi-,solid
478,8.8,0.269884,0.408293,0.423654,1.818084,0.128417,AUT,0.0,0.005691,0.070207,0.001573,neutron,pi-,solid
479,8.8,0.099127,0.686696,0.423301,1.118369,0.310457,AUT,0.0,0.001852,0.070207,0.001469,neutron,pi-,solid
480,8.8,0.123236,0.608978,0.423844,1.237748,0.298029,AUT,0.0,0.002136,0.070207,0.001468,neutron,pi-,solid
481,8.8,0.146571,0.558440,0.423990,1.349918,0.293366,AUT,0.0,0.002887,0.070207,0.001475,neutron,pi-,solid
482,8.8,0.176290,0.506827,0.424339,1.473099,0.291586,AUT,0.0,0.004230,0.070207,0.001493,neutron,pi-,solid
483,8.8,0.227818,0.444337,0.424643,1.661568,0.291730,AUT,0.0,0.004901,0.070207,0.001536,neutron,pi-,solid
484,8.8,0.098011,0.701923,0.424049,1.128919,0.489483,AUT,0.0,0.002347,0.070207,0.001470,neutron,pi-,solid
485,8.8,0.133873,0.584749,0.424010,1.286942,0.491104,AUT,0.0,0.002750,0.070207,0.001470,neutron,pi-,solid
486,8.8,0.183442,0.487719,0.424316,1.470009,0.493307,AUT,0.0,0.002482,0.070207,0.001498,neutron,pi-,solid
487,8.8,0.249591,0.421328,0.424060,1.732692,0.491272,AUT,0.0,0.010378,0.070207,0.001555,neutron,pi-,solid
488,8.8,0.122761,0.630318,0.425339,1.248260,0.674288,AUT,0.0,0.002168,0.070207,0.001472,neutron,pi-,solid
489,8.8,0.202423,0.490462,0.425036,1.629350,0.667113,AUT,0.0,0.010446,0.070207,0.001516,neutron,pi-,solid
490,8.8,0.138357,0.542891,0.473479,1.227917,0.133103,AUT,0.0,0.001856,0.070207,0.001459,neutron,pi-,solid
491,8.8,0.190350,0.466722,0.473721,1.464028,0.121096,AUT,0.0,0.001964,0.070207,0.001485,neutron,pi-,solid
492,8.8,0.246279,0.425111,0.473555,1.724950,0.125090,AUT,0.0,0.003524,0.070207,0.001531,neutron,pi-,solid
493,8.8,0.105516,0.660290,0.473422,1.142607,0.310037,AUT,0.0,0.001847,0.070207,0.001460,neutron,pi-,solid
494,8.8,0.136712,0.575190,0.473857,1.296094,0.297219,AUT,0.0,0.002301,0.070207,0.001459,neutron,pi-,solid
495,8.8,0.171477,0.509448,0.474000,1.438521,0.293049,AUT,0.0,0.003443,0.070207,0.001474,neutron,pi-,solid
496,8.8,0.225354,0.441562,0.474062,1.633911,0.291575,AUT,0.0,0.004318,0.070207,0.001513,neutron,pi-,solid
497,8.8,0.102910,0.683830,0.474132,1.152454,0.490706,AUT,0.0,0.002316,0.070207,0.001461,neutron,pi-,solid
498,8.8,0.150610,0.547039,0.474110,1.350007,0.490298,AUT,0.0,0.003474,0.070207,0.001464,neutron,pi-,solid
499,8.8,0.214227,0.452053,0.473769,1.589723,0.488286,AUT,0.0,0.004869,0.070207,0.001505,neutron,pi-,solid
500,8.8,0.125597,0.617828,0.474491,1.246323,0.683650,AUT,0.0,0.001899,0.070207,0.001462,neutron,pi-,solid
501,8.8,0.204445,0.490270,0.473387,1.649342,0.676948,AUT,0.0,0.008103,0.070207,0.001500,neutron,pi-,solid
502,8.8,0.150290,0.517348,0.523591,1.268298,0.129965,AUT,0.0,0.001847,0.070207,0.001449,neutron,pi-,solid
503,8.8,0.216370,0.447132,0.523663,1.590543,0.124370,AUT,0.0,0.002365,0.070207,0.001485,neutron,pi-,solid
504,8.8,0.113456,0.632283,0.523530,1.173901,0.308832,AUT,0.0,0.001839,0.070207,0.001448,neutron,pi-,solid
505,8.8,0.156938,0.532934,0.523931,1.375718,0.296094,AUT,0.0,0.002560,0.070207,0.001451,neutron,pi-,solid
506,8.8,0.216051,0.450816,0.524067,1.596678,0.291586,AUT,0.0,0.003565,0.070207,0.001485,neutron,pi-,solid
507,8.8,0.108301,0.664966,0.523991,1.177074,0.492569,AUT,0.0,0.002271,0.070207,0.001451,neutron,pi-,solid
508,8.8,0.174262,0.511523,0.523880,1.452402,0.488316,AUT,0.0,0.004189,0.070207,0.001461,neutron,pi-,solid
509,8.8,0.265069,0.418336,0.522071,1.829512,0.471023,AUT,0.0,0.031810,0.070207,0.001521,neutron,pi-,solid
510,8.8,0.117941,0.638929,0.524451,1.219040,0.733405,AUT,0.0,0.001900,0.070207,0.001450,neutron,pi-,solid
511,8.8,0.187026,0.523422,0.523241,1.610611,0.710942,AUT,0.0,0.004913,0.070207,0.001470,neutron,pi-,solid
512,8.8,0.165328,0.496314,0.573612,1.335461,0.128554,AUT,0.0,0.001837,0.070207,0.001437,neutron,pi-,solid
513,8.8,0.242249,0.429693,0.573479,1.714659,0.127472,AUT,0.0,0.004472,0.070207,0.001475,neutron,pi-,solid
514,8.8,0.124191,0.598933,0.573352,1.215529,0.306126,AUT,0.0,0.001876,0.070207,0.001433,neutron,pi-,solid
515,8.8,0.190075,0.483418,0.573689,1.502388,0.292631,AUT,0.0,0.002736,0.070207,0.001446,neutron,pi-,solid
516,8.8,0.276326,0.406035,0.571655,1.851867,0.281901,AUT,0.0,0.011785,0.070207,0.001496,neutron,pi-,solid
517,8.8,0.121364,0.622562,0.573406,1.231008,0.492556,AUT,0.0,0.002394,0.070207,0.001435,neutron,pi-,solid
518,8.8,0.190479,0.497562,0.573326,1.555047,0.485316,AUT,0.0,0.007639,0.070207,0.001448,neutron,pi-,solid
519,8.8,0.131631,0.615696,0.573158,1.309552,0.746010,AUT,0.0,0.002153,0.070207,0.001438,neutron,pi-,solid
520,8.8,0.131938,0.561377,0.623108,1.212752,0.256514,AUT,0.0,0.001852,0.070207,0.001413,neutron,pi-,solid
521,8.8,0.186239,0.484906,0.623136,1.487013,0.217194,AUT,0.0,0.002079,0.070207,0.001417,neutron,pi-,solid
522,8.8,0.246932,0.438861,0.621178,1.787092,0.204124,AUT,0.0,0.005076,0.070207,0.001445,neutron,pi-,solid
523,8.8,0.127932,0.595449,0.622602,1.247156,0.554464,AUT,0.0,0.002915,0.070207,0.001416,neutron,pi-,solid
524,8.8,0.189378,0.527690,0.622535,1.643936,0.527519,AUT,0.0,0.010713,0.070207,0.001421,neutron,pi-,solid
525,8.8,0.150785,0.527036,0.672366,1.302777,0.238992,AUT,0.0,0.001891,0.070207,0.001387,neutron,pi-,solid
526,8.8,0.215864,0.489447,0.670987,1.741107,0.203790,AUT,0.0,0.004422,0.070207,0.001395,neutron,pi-,solid
527,8.8,0.142148,0.572157,0.670746,1.334731,0.548495,AUT,0.0,0.004587,0.070207,0.001392,neutron,pi-,solid
528,8.8,0.253596,0.534950,0.325014,2.228607,0.113630,AUT,0.0,0.003172,0.070207,0.001624,neutron,pi-,solid
529,8.8,0.325284,0.492901,0.330034,2.642015,0.117680,AUT,0.0,0.006349,0.070207,0.001689,neutron,pi-,solid
530,8.8,0.241897,0.543581,0.324517,2.160554,0.368223,AUT,0.0,0.003420,0.070207,0.001612,neutron,pi-,solid
531,8.8,0.307399,0.500411,0.328947,2.534318,0.367376,AUT,0.0,0.005297,0.070207,0.001674,neutron,pi-,solid
532,8.8,0.266554,0.515585,0.373911,2.250599,0.118288,AUT,0.0,0.002829,0.070207,0.001607,neutron,pi-,solid
533,8.8,0.345836,0.452617,0.374002,2.583692,0.130485,AUT,0.0,0.007772,0.070207,0.001671,neutron,pi-,solid
534,8.8,0.274924,0.508075,0.374372,2.279143,0.290916,AUT,0.0,0.006345,0.070207,0.001613,neutron,pi-,solid
535,8.8,0.370635,0.446016,0.374282,2.729965,0.287938,AUT,0.0,0.028703,0.070207,0.001689,neutron,pi-,solid
536,8.8,0.275911,0.508800,0.374521,2.290689,0.537097,AUT,0.0,0.004682,0.070207,0.001614,neutron,pi-,solid
537,8.8,0.250269,0.531453,0.423810,2.182763,0.202384,AUT,0.0,0.003451,0.070207,0.001569,neutron,pi-,solid
538,8.8,0.320425,0.464662,0.423735,2.453660,0.212135,AUT,0.0,0.003723,0.070207,0.001621,neutron,pi-,solid
539,8.8,0.273988,0.510439,0.424032,2.282177,0.549992,AUT,0.0,0.004798,0.070207,0.001586,neutron,pi-,solid
540,8.8,0.262697,0.518364,0.473821,2.229779,0.208709,AUT,0.0,0.003117,0.070207,0.001553,neutron,pi-,solid
541,8.8,0.337735,0.452607,0.473684,2.522940,0.225571,AUT,0.0,0.006073,0.070207,0.001601,neutron,pi-,solid
542,8.8,0.270607,0.515702,0.473796,2.277856,0.551907,AUT,0.0,0.005839,0.070207,0.001558,neutron,pi-,solid
543,8.8,0.264231,0.517103,0.523786,2.236594,0.276283,AUT,0.0,0.003187,0.070207,0.001526,neutron,pi-,solid
544,8.8,0.340865,0.453296,0.523209,2.550363,0.272872,AUT,0.0,0.007255,0.070207,0.001568,neutron,pi-,solid
545,8.8,0.271234,0.514209,0.573215,2.277676,0.301380,AUT,0.0,0.003054,0.070207,0.001496,neutron,pi-,solid
546,8.8,0.263077,0.525729,0.622664,2.265133,0.289756,AUT,0.0,0.003886,0.070207,0.001454,neutron,pi-,solid
547,8.8,0.251816,0.543562,0.671603,2.249425,0.269218,AUT,0.0,0.005358,0.070207,0.001407,neutron,pi-,solid
548,8.8,0.357916,0.563579,0.323762,3.325831,0.191485,AUT,0.0,0.005889,0.070207,0.001729,neutron,pi-,solid
549,8.8,0.424201,0.528046,0.324161,3.695845,0.200509,AUT,0.0,0.008332,0.070207,0.001779,neutron,pi-,solid
550,8.8,0.375620,0.554287,0.324296,3.426189,0.526801,AUT,0.0,0.012291,0.070207,0.001742,neutron,pi-,solid
551,8.8,0.372374,0.555455,0.373784,3.405368,0.198888,AUT,0.0,0.005121,0.070207,0.001700,neutron,pi-,solid
552,8.8,0.450730,0.512296,0.373728,3.812876,0.215828,AUT,0.0,0.021378,0.070207,0.001752,neutron,pi-,solid
553,8.8,0.373986,0.555066,0.374056,3.416207,0.540863,AUT,0.0,0.012082,0.070207,0.001701,neutron,pi-,solid
554,8.8,0.371821,0.555898,0.423757,3.403206,0.291622,AUT,0.0,0.005065,0.070207,0.001663,neutron,pi-,solid
555,8.8,0.450719,0.512490,0.423628,3.814227,0.278299,AUT,0.0,0.023586,0.070207,0.001706,neutron,pi-,solid
556,8.8,0.374987,0.554551,0.473662,3.421695,0.296936,AUT,0.0,0.005488,0.070207,0.001627,neutron,pi-,solid
557,8.8,0.373776,0.555481,0.523528,3.416890,0.295308,AUT,0.0,0.006176,0.070207,0.001585,neutron,pi-,solid
558,8.8,0.370403,0.558438,0.573089,3.405709,0.282477,AUT,0.0,0.007089,0.070207,0.001536,neutron,pi-,solid
559,8.8,0.462931,0.569023,0.323691,4.346551,0.267862,AUT,0.0,0.008285,0.070207,0.001816,neutron,pi-,solid
560,8.8,0.462544,0.569094,0.373736,4.343395,0.274513,AUT,0.0,0.009474,0.070207,0.001765,neutron,pi-,solid
561,8.8,0.462210,0.569093,0.423565,4.340203,0.278946,AUT,0.0,0.010540,0.070207,0.001717,neutron,pi-,solid
562,8.8,0.461618,0.569799,0.473615,4.340052,0.278381,AUT,0.0,0.011559,0.070207,0.001669,neutron,pi-,solid
