i,Ebeam,x,y,z,Q2,pT,obs,value,stat,systrel,systabs,target,hadron,Experiment
0,11.0,0.089861,0.624084,0.322032,1.155111,0.164096,AUT,0.0,0.002940,0.070207,0.001121,neutron,pi+,solid
1,11.0,0.106806,0.594612,0.322757,1.310437,0.153358,AUT,0.0,0.002375,0.070207,0.001147,neutron,pi+,solid
2,11.0,0.118919,0.576234,0.323044,1.414182,0.147178,AUT,0.0,0.002231,0.070207,0.001166,neutron,pi+,solid
3,11.0,0.129139,0.559974,0.323149,1.492434,0.142347,AUT,0.0,0.002228,0.070207,0.001184,neutron,pi+,solid
4,11.0,0.138215,0.542701,0.323387,1.548085,0.137486,AUT,0.0,0.002292,0.070207,0.001200,neutron,pi+,solid
5,11.0,0.146976,0.525284,0.323491,1.593373,0.132691,AUT,0.0,0.002359,0.070207,0.001216,neutron,pi+,solid
6,11.0,0.155998,0.506050,0.323607,1.629221,0.128243,AUT,0.0,0.002433,0.070207,0.001232,neutron,pi+,solid
7,11.0,0.165420,0.487359,0.323749,1.663835,0.123843,AUT,0.0,0.002623,0.070207,0.001249,neutron,pi+,solid
8,11.0,0.175588,0.467537,0.323930,1.694190,0.119355,AUT,0.0,0.002762,0.070207,0.001268,neutron,pi+,solid
9,11.0,0.187463,0.445134,0.323952,1.721951,0.114857,AUT,0.0,0.002924,0.070207,0.001290,neutron,pi+,solid
10,11.0,0.202469,0.419020,0.324121,1.750434,0.111086,AUT,0.0,0.003094,0.070207,0.001318,neutron,pi+,solid
11,11.0,0.223944,0.388671,0.325475,1.795057,0.111255,AUT,0.0,0.002985,0.070207,0.001358,neutron,pi+,solid
12,11.0,0.254870,0.357099,0.330127,1.876011,0.119307,AUT,0.0,0.004221,0.070207,0.001415,neutron,pi+,solid
13,11.0,0.065341,0.793523,0.321492,1.068442,0.338154,AUT,0.0,0.002217,0.070207,0.001084,neutron,pi+,solid
14,11.0,0.072821,0.740547,0.322376,1.112864,0.323790,AUT,0.0,0.002071,0.070207,0.001095,neutron,pi+,solid
15,11.0,0.077509,0.714054,0.322693,1.142297,0.318918,AUT,0.0,0.002097,0.070207,0.001102,neutron,pi+,solid
16,11.0,0.081389,0.693964,0.322862,1.165762,0.315493,AUT,0.0,0.002047,0.070207,0.001108,neutron,pi+,solid
17,11.0,0.084858,0.680117,0.323048,1.191273,0.313092,AUT,0.0,0.002085,0.070207,0.001113,neutron,pi+,solid
18,11.0,0.088156,0.673211,0.323138,1.225012,0.311475,AUT,0.0,0.002081,0.070207,0.001118,neutron,pi+,solid
19,11.0,0.091351,0.666547,0.323250,1.256851,0.309801,AUT,0.0,0.002152,0.070207,0.001123,neutron,pi+,solid
20,11.0,0.094402,0.660729,0.323272,1.287501,0.308231,AUT,0.0,0.002189,0.070207,0.001127,neutron,pi+,solid
21,11.0,0.097499,0.655154,0.323297,1.318512,0.306897,AUT,0.0,0.002136,0.070207,0.001132,neutron,pi+,solid
22,11.0,0.100697,0.649646,0.323428,1.350314,0.305707,AUT,0.0,0.002171,0.070207,0.001137,neutron,pi+,solid
23,11.0,0.103945,0.644152,0.323492,1.382086,0.304293,AUT,0.0,0.002182,0.070207,0.001142,neutron,pi+,solid
24,11.0,0.107245,0.638871,0.323505,1.414268,0.303154,AUT,0.0,0.002230,0.070207,0.001148,neutron,pi+,solid
25,11.0,0.110545,0.633166,0.323592,1.444760,0.301820,AUT,0.0,0.002292,0.070207,0.001153,neutron,pi+,solid
26,11.0,0.113845,0.627871,0.323602,1.475468,0.300771,AUT,0.0,0.002345,0.070207,0.001158,neutron,pi+,solid
27,11.0,0.117245,0.623219,0.323677,1.508268,0.299858,AUT,0.0,0.002355,0.070207,0.001164,neutron,pi+,solid
28,11.0,0.120745,0.617946,0.323751,1.540137,0.299104,AUT,0.0,0.002429,0.070207,0.001170,neutron,pi+,solid
29,11.0,0.124287,0.612786,0.323750,1.572090,0.297894,AUT,0.0,0.002488,0.070207,0.001176,neutron,pi+,solid
30,11.0,0.127935,0.605223,0.323901,1.598228,0.296963,AUT,0.0,0.002585,0.070207,0.001183,neutron,pi+,solid
31,11.0,0.131774,0.595019,0.323943,1.618412,0.295771,AUT,0.0,0.002679,0.070207,0.001189,neutron,pi+,solid
32,11.0,0.136058,0.582363,0.323989,1.635473,0.294291,AUT,0.0,0.002789,0.070207,0.001197,neutron,pi+,solid
33,11.0,0.140804,0.569070,0.324065,1.653874,0.292475,AUT,0.0,0.003069,0.070207,0.001205,neutron,pi+,solid
34,11.0,0.146030,0.554042,0.324118,1.669930,0.290971,AUT,0.0,0.003423,0.070207,0.001215,neutron,pi+,solid
35,11.0,0.152099,0.536278,0.324223,1.683489,0.289401,AUT,0.0,0.004035,0.070207,0.001226,neutron,pi+,solid
36,11.0,0.159398,0.515351,0.324242,1.695355,0.288765,AUT,0.0,0.005126,0.070207,0.001239,neutron,pi+,solid
37,11.0,0.168651,0.490938,0.324229,1.708610,0.289201,AUT,0.0,0.007236,0.070207,0.001256,neutron,pi+,solid
38,11.0,0.180765,0.461640,0.324210,1.721820,0.290765,AUT,0.0,0.009762,0.070207,0.001278,neutron,pi+,solid
39,11.0,0.196984,0.429048,0.324143,1.743440,0.291796,AUT,0.0,0.008658,0.070207,0.001308,neutron,pi+,solid
40,11.0,0.222190,0.390634,0.325554,1.789133,0.291920,AUT,0.0,0.007384,0.070207,0.001354,neutron,pi+,solid
41,11.0,0.257001,0.354602,0.331167,1.878566,0.291462,AUT,0.0,0.013479,0.070207,0.001419,neutron,pi+,solid
42,11.0,0.061275,0.830855,0.322537,1.050016,0.501174,AUT,0.0,0.002089,0.070207,0.001078,neutron,pi+,solid
43,11.0,0.066931,0.790978,0.323283,1.092581,0.497069,AUT,0.0,0.002147,0.070207,0.001087,neutron,pi+,solid
44,11.0,0.071095,0.766130,0.323549,1.124189,0.493853,AUT,0.0,0.002153,0.070207,0.001093,neutron,pi+,solid
45,11.0,0.074765,0.747800,0.323789,1.153983,0.491494,AUT,0.0,0.002230,0.070207,0.001098,neutron,pi+,solid
46,11.0,0.078255,0.732762,0.323901,1.183580,0.490172,AUT,0.0,0.002239,0.070207,0.001103,neutron,pi+,solid
47,11.0,0.081755,0.718365,0.324068,1.212221,0.489261,AUT,0.0,0.002275,0.070207,0.001109,neutron,pi+,solid
48,11.0,0.085335,0.707339,0.324044,1.245921,0.488780,AUT,0.0,0.002266,0.070207,0.001114,neutron,pi+,solid
49,11.0,0.089036,0.699676,0.324087,1.285866,0.488438,AUT,0.0,0.002360,0.070207,0.001119,neutron,pi+,solid
50,11.0,0.092838,0.691150,0.324164,1.324425,0.487804,AUT,0.0,0.002386,0.070207,0.001125,neutron,pi+,solid
51,11.0,0.096828,0.682874,0.324156,1.364819,0.487566,AUT,0.0,0.002436,0.070207,0.001131,neutron,pi+,solid
52,11.0,0.100923,0.674843,0.324183,1.405812,0.487257,AUT,0.0,0.002557,0.070207,0.001138,neutron,pi+,solid
53,11.0,0.105226,0.666515,0.324181,1.447644,0.487159,AUT,0.0,0.002568,0.070207,0.001145,neutron,pi+,solid
54,11.0,0.109913,0.656506,0.324223,1.489414,0.486997,AUT,0.0,0.002596,0.070207,0.001152,neutron,pi+,solid
55,11.0,0.114962,0.645903,0.324268,1.532663,0.486813,AUT,0.0,0.002665,0.070207,0.001161,neutron,pi+,solid
56,11.0,0.120554,0.635208,0.324208,1.580573,0.486822,AUT,0.0,0.002626,0.070207,0.001170,neutron,pi+,solid
57,11.0,0.126776,0.619928,0.324232,1.622059,0.486977,AUT,0.0,0.002696,0.070207,0.001181,neutron,pi+,solid
58,11.0,0.133936,0.592220,0.324211,1.636863,0.487906,AUT,0.0,0.002691,0.070207,0.001193,neutron,pi+,solid
59,11.0,0.142973,0.558937,0.324085,1.648963,0.489285,AUT,0.0,0.002661,0.070207,0.001209,neutron,pi+,solid
60,11.0,0.154657,0.522218,0.323975,1.666225,0.490375,AUT,0.0,0.002652,0.070207,0.001230,neutron,pi+,solid
61,11.0,0.170372,0.481670,0.323977,1.692571,0.490996,AUT,0.0,0.002974,0.070207,0.001259,neutron,pi+,solid
62,11.0,0.193969,0.433008,0.324048,1.730881,0.491451,AUT,0.0,0.003966,0.070207,0.001302,neutron,pi+,solid
63,11.0,0.233767,0.377530,0.327336,1.815079,0.492590,AUT,0.0,0.008049,0.070207,0.001375,neutron,pi+,solid
64,11.0,0.065423,0.809315,0.325808,1.090559,0.668445,AUT,0.0,0.002080,0.070207,0.001085,neutron,pi+,solid
65,11.0,0.078545,0.743999,0.326383,1.205136,0.666708,AUT,0.0,0.002089,0.070207,0.001104,neutron,pi+,solid
66,11.0,0.091999,0.703912,0.326530,1.335910,0.665678,AUT,0.0,0.002185,0.070207,0.001124,neutron,pi+,solid
67,11.0,0.108555,0.669351,0.326515,1.498669,0.664952,AUT,0.0,0.002420,0.070207,0.001150,neutron,pi+,solid
68,11.0,0.130951,0.616392,0.326823,1.661768,0.662523,AUT,0.0,0.003182,0.070207,0.001189,neutron,pi+,solid
69,11.0,0.177363,0.489495,0.328966,1.762513,0.649085,AUT,0.0,0.011675,0.070207,0.001271,neutron,pi+,solid
70,11.0,0.099281,0.596846,0.372524,1.220024,0.159152,AUT,0.0,0.002669,0.070207,0.001140,neutron,pi+,solid
71,11.0,0.121257,0.564572,0.373123,1.412463,0.145814,AUT,0.0,0.002281,0.070207,0.001177,neutron,pi+,solid
72,11.0,0.135721,0.542297,0.373326,1.518771,0.138895,AUT,0.0,0.002311,0.070207,0.001203,neutron,pi+,solid
73,11.0,0.148355,0.518793,0.373514,1.588175,0.132608,AUT,0.0,0.002378,0.070207,0.001226,neutron,pi+,solid
74,11.0,0.161107,0.493052,0.373651,1.639101,0.126768,AUT,0.0,0.002470,0.070207,0.001250,neutron,pi+,solid
75,11.0,0.174931,0.466900,0.373755,1.685253,0.121923,AUT,0.0,0.002634,0.070207,0.001276,neutron,pi+,solid
76,11.0,0.190979,0.437952,0.373872,1.725495,0.116969,AUT,0.0,0.002793,0.070207,0.001307,neutron,pi+,solid
77,11.0,0.212765,0.402090,0.373891,1.764028,0.114399,AUT,0.0,0.002872,0.070207,0.001348,neutron,pi+,solid
78,11.0,0.251784,0.350942,0.374096,1.817082,0.124967,AUT,0.0,0.002770,0.070207,0.001420,neutron,pi+,solid
79,11.0,0.302636,0.313547,0.374202,1.958653,0.144636,AUT,0.0,0.049639,0.070207,0.001512,neutron,pi+,solid
80,11.0,0.071650,0.732751,0.369906,1.081594,0.330360,AUT,0.0,0.002334,0.070207,0.001097,neutron,pi+,solid
81,11.0,0.080448,0.683800,0.371985,1.135170,0.319220,AUT,0.0,0.002174,0.070207,0.001111,neutron,pi+,solid
82,11.0,0.086134,0.662778,0.372362,1.178314,0.315740,AUT,0.0,0.002171,0.070207,0.001120,neutron,pi+,solid
83,11.0,0.091325,0.653195,0.372609,1.231272,0.313653,AUT,0.0,0.002105,0.070207,0.001128,neutron,pi+,solid
84,11.0,0.096408,0.644588,0.372808,1.282692,0.311585,AUT,0.0,0.002112,0.070207,0.001136,neutron,pi+,solid
85,11.0,0.101209,0.636778,0.373028,1.330263,0.309592,AUT,0.0,0.002200,0.070207,0.001143,neutron,pi+,solid
86,11.0,0.105797,0.629873,0.373125,1.375504,0.307657,AUT,0.0,0.002221,0.070207,0.001151,neutron,pi+,solid
87,11.0,0.110501,0.622359,0.373270,1.419506,0.305859,AUT,0.0,0.002209,0.070207,0.001159,neutron,pi+,solid
88,11.0,0.115242,0.615299,0.373428,1.463636,0.304127,AUT,0.0,0.002288,0.070207,0.001167,neutron,pi+,solid
89,11.0,0.119942,0.608853,0.373538,1.507357,0.302685,AUT,0.0,0.002351,0.070207,0.001175,neutron,pi+,solid
90,11.0,0.124737,0.602397,0.373616,1.551004,0.301168,AUT,0.0,0.002386,0.070207,0.001184,neutron,pi+,solid
91,11.0,0.129726,0.592232,0.373734,1.585766,0.299518,AUT,0.0,0.002480,0.070207,0.001193,neutron,pi+,solid
92,11.0,0.135102,0.578488,0.373824,1.613126,0.297667,AUT,0.0,0.002558,0.070207,0.001202,neutron,pi+,solid
93,11.0,0.141085,0.563440,0.373879,1.640717,0.295645,AUT,0.0,0.002767,0.070207,0.001213,neutron,pi+,solid
94,11.0,0.147941,0.545975,0.374113,1.667041,0.293353,AUT,0.0,0.003041,0.070207,0.001226,neutron,pi+,solid
95,11.0,0.156217,0.523539,0.374144,1.687826,0.291040,AUT,0.0,0.003667,0.070207,0.001242,neutron,pi+,solid
96,11.0,0.166595,0.496712,0.374189,1.707525,0.289501,AUT,0.0,0.005263,0.070207,0.001261,neutron,pi+,solid
97,11.0,0.180532,0.462938,0.374144,1.724095,0.289992,AUT,0.0,0.009107,0.070207,0.001287,neutron,pi+,solid
98,11.0,0.201463,0.420969,0.374130,1.748493,0.291645,AUT,0.0,0.009249,0.070207,0.001327,neutron,pi+,solid
99,11.0,0.237228,0.366603,0.374271,1.790022,0.291238,AUT,0.0,0.006582,0.070207,0.001393,neutron,pi+,solid
100,11.0,0.280078,0.323281,0.375477,1.867828,0.289161,AUT,0.0,0.013799,0.070207,0.001472,neutron,pi+,solid
101,11.0,0.067873,0.764042,0.367948,1.068968,0.499721,AUT,0.0,0.002119,0.070207,0.001091,neutron,pi+,solid
102,11.0,0.075357,0.723058,0.371372,1.124493,0.494886,AUT,0.0,0.002267,0.070207,0.001103,neutron,pi+,solid
103,11.0,0.080795,0.701254,0.372148,1.169351,0.491881,AUT,0.0,0.002278,0.070207,0.001111,neutron,pi+,solid
104,11.0,0.085941,0.687103,0.372591,1.218841,0.490494,AUT,0.0,0.002362,0.070207,0.001119,neutron,pi+,solid
105,11.0,0.091135,0.679055,0.372841,1.277366,0.489736,AUT,0.0,0.002449,0.070207,0.001127,neutron,pi+,solid
106,11.0,0.096378,0.671400,0.373190,1.335640,0.489069,AUT,0.0,0.002611,0.070207,0.001136,neutron,pi+,solid
107,11.0,0.101771,0.663528,0.373384,1.393828,0.488572,AUT,0.0,0.002696,0.070207,0.001144,neutron,pi+,solid
108,11.0,0.107607,0.654715,0.373609,1.454167,0.488144,AUT,0.0,0.002797,0.070207,0.001154,neutron,pi+,solid
109,11.0,0.113946,0.644633,0.373814,1.516114,0.487574,AUT,0.0,0.002924,0.070207,0.001165,neutron,pi+,solid
110,11.0,0.120796,0.633661,0.373999,1.579857,0.487250,AUT,0.0,0.003129,0.070207,0.001177,neutron,pi+,solid
111,11.0,0.128372,0.616070,0.374227,1.632120,0.486733,AUT,0.0,0.003377,0.070207,0.001191,neutron,pi+,solid
112,11.0,0.137707,0.581271,0.374292,1.651531,0.486796,AUT,0.0,0.003990,0.070207,0.001207,neutron,pi+,solid
113,11.0,0.150831,0.535862,0.374188,1.666968,0.488691,AUT,0.0,0.004199,0.070207,0.001231,neutron,pi+,solid
114,11.0,0.170776,0.481537,0.373959,1.694976,0.490483,AUT,0.0,0.003750,0.070207,0.001269,neutron,pi+,solid
115,11.0,0.204406,0.414631,0.373855,1.743381,0.492453,AUT,0.0,0.004334,0.070207,0.001332,neutron,pi+,solid
116,11.0,0.256897,0.344189,0.374141,1.818636,0.493958,AUT,0.0,0.010897,0.070207,0.001429,neutron,pi+,solid
117,11.0,0.071984,0.749273,0.370224,1.110590,0.673774,AUT,0.0,0.002102,0.070207,0.001098,neutron,pi+,solid
118,11.0,0.086157,0.697023,0.373175,1.238991,0.674686,AUT,0.0,0.002159,0.070207,0.001120,neutron,pi+,solid
119,11.0,0.099425,0.670927,0.374062,1.376353,0.675724,AUT,0.0,0.002213,0.070207,0.001141,neutron,pi+,solid
120,11.0,0.115109,0.641588,0.374689,1.523446,0.676503,AUT,0.0,0.002228,0.070207,0.001167,neutron,pi+,solid
121,11.0,0.135902,0.585954,0.375127,1.639871,0.676401,AUT,0.0,0.002538,0.070207,0.001204,neutron,pi+,solid
122,11.0,0.178218,0.472859,0.375766,1.721570,0.669911,AUT,0.0,0.005767,0.070207,0.001282,neutron,pi+,solid
123,11.0,0.246722,0.360611,0.376623,1.831349,0.649381,AUT,0.0,0.071894,0.070207,0.001411,neutron,pi+,solid
124,11.0,0.105460,0.681921,0.376992,1.449561,0.853649,AUT,0.0,0.004522,0.070207,0.001151,neutron,pi+,solid
125,11.0,0.108235,0.574808,0.422718,1.280102,0.153755,AUT,0.0,0.002515,0.070207,0.001159,neutron,pi+,solid
126,11.0,0.134940,0.537384,0.423206,1.495896,0.138478,AUT,0.0,0.002302,0.070207,0.001207,neutron,pi+,solid
127,11.0,0.153557,0.505198,0.423560,1.600250,0.130369,AUT,0.0,0.002405,0.070207,0.001243,neutron,pi+,solid
128,11.0,0.171762,0.470991,0.423708,1.668794,0.124567,AUT,0.0,0.002568,0.070207,0.001278,neutron,pi+,solid
129,11.0,0.192877,0.434238,0.423836,1.727144,0.119577,AUT,0.0,0.002703,0.070207,0.001319,neutron,pi+,solid
130,11.0,0.225026,0.384262,0.423802,1.780248,0.119679,AUT,0.0,0.002728,0.070207,0.001381,neutron,pi+,solid
131,11.0,0.269286,0.331897,0.423403,1.842075,0.136212,AUT,0.0,0.005973,0.070207,0.001463,neutron,pi+,solid
132,11.0,0.081328,0.651298,0.420193,1.091318,0.317368,AUT,0.0,0.002143,0.070207,0.001115,neutron,pi+,solid
133,11.0,0.092946,0.621508,0.421878,1.192176,0.312601,AUT,0.0,0.002171,0.070207,0.001134,neutron,pi+,solid
134,11.0,0.101859,0.607847,0.422245,1.277845,0.310087,AUT,0.0,0.002155,0.070207,0.001148,neutron,pi+,solid
135,11.0,0.110133,0.596343,0.422478,1.355556,0.307509,AUT,0.0,0.002212,0.070207,0.001163,neutron,pi+,solid
136,11.0,0.117918,0.587249,0.422682,1.429288,0.305061,AUT,0.0,0.002287,0.070207,0.001176,neutron,pi+,solid
137,11.0,0.125506,0.578754,0.422870,1.499278,0.302589,AUT,0.0,0.002355,0.070207,0.001190,neutron,pi+,solid
138,11.0,0.133174,0.569769,0.423075,1.566137,0.300447,AUT,0.0,0.002431,0.070207,0.001204,neutron,pi+,solid
139,11.0,0.141083,0.556721,0.423696,1.621077,0.298274,AUT,0.0,0.002630,0.070207,0.001219,neutron,pi+,solid
140,11.0,0.149889,0.537047,0.423982,1.661233,0.295707,AUT,0.0,0.002883,0.070207,0.001236,neutron,pi+,solid
141,11.0,0.160874,0.509961,0.424039,1.692809,0.292210,AUT,0.0,0.003576,0.070207,0.001257,neutron,pi+,solid
142,11.0,0.175939,0.474035,0.424157,1.720240,0.290269,AUT,0.0,0.005914,0.070207,0.001287,neutron,pi+,solid
143,11.0,0.199637,0.424696,0.424166,1.747116,0.291643,AUT,0.0,0.009153,0.070207,0.001332,neutron,pi+,solid
144,11.0,0.246356,0.356122,0.424238,1.801325,0.290057,AUT,0.0,0.004711,0.070207,0.001420,neutron,pi+,solid
145,11.0,0.297327,0.315075,0.424278,1.933579,0.285312,AUT,0.0,0.027735,0.070207,0.001515,neutron,pi+,solid
146,11.0,0.078794,0.666352,0.419473,1.082067,0.494348,AUT,0.0,0.002217,0.070207,0.001111,neutron,pi+,solid
147,11.0,0.089791,0.637059,0.421935,1.180580,0.488938,AUT,0.0,0.002510,0.070207,0.001129,neutron,pi+,solid
148,11.0,0.099034,0.626783,0.422261,1.281151,0.487876,AUT,0.0,0.002791,0.070207,0.001144,neutron,pi+,solid
149,11.0,0.108505,0.616663,0.422495,1.380995,0.486915,AUT,0.0,0.003047,0.070207,0.001160,neutron,pi+,solid
150,11.0,0.118785,0.606245,0.422675,1.486284,0.486613,AUT,0.0,0.003378,0.070207,0.001178,neutron,pi+,solid
151,11.0,0.129856,0.593895,0.422901,1.591620,0.486116,AUT,0.0,0.003844,0.070207,0.001199,neutron,pi+,solid
152,11.0,0.142314,0.565684,0.424113,1.660745,0.485970,AUT,0.0,0.005124,0.070207,0.001222,neutron,pi+,solid
153,11.0,0.160751,0.509340,0.424245,1.687316,0.488141,AUT,0.0,0.006751,0.070207,0.001257,neutron,pi+,solid
154,11.0,0.195621,0.431721,0.424179,1.735480,0.489583,AUT,0.0,0.005417,0.070207,0.001324,neutron,pi+,solid
155,11.0,0.253187,0.348371,0.423999,1.812527,0.489172,AUT,0.0,0.011833,0.070207,0.001433,neutron,pi+,solid
156,11.0,0.085565,0.651641,0.420898,1.147693,0.681784,AUT,0.0,0.002360,0.070207,0.001122,neutron,pi+,solid
157,11.0,0.109610,0.611611,0.422651,1.382498,0.684091,AUT,0.0,0.002377,0.070207,0.001162,neutron,pi+,solid
158,11.0,0.135363,0.571684,0.423604,1.594310,0.685242,AUT,0.0,0.002469,0.070207,0.001209,neutron,pi+,solid
159,11.0,0.180306,0.463273,0.424428,1.705567,0.684742,AUT,0.0,0.003841,0.070207,0.001294,neutron,pi+,solid
160,11.0,0.245364,0.361288,0.423408,1.826494,0.663889,AUT,0.0,0.036361,0.070207,0.001419,neutron,pi+,solid
161,11.0,0.123143,0.596452,0.425406,1.475779,0.867712,AUT,0.0,0.004298,0.070207,0.001186,neutron,pi+,solid
162,11.0,0.119679,0.545043,0.472444,1.340602,0.144864,AUT,0.0,0.002336,0.070207,0.001184,neutron,pi+,solid
163,11.0,0.152731,0.501596,0.473298,1.579607,0.130690,AUT,0.0,0.002400,0.070207,0.001247,neutron,pi+,solid
164,11.0,0.178886,0.456918,0.473754,1.684955,0.124322,AUT,0.0,0.002555,0.070207,0.001299,neutron,pi+,solid
165,11.0,0.213364,0.401646,0.473797,1.763426,0.121144,AUT,0.0,0.002705,0.070207,0.001367,neutron,pi+,solid
166,11.0,0.261959,0.339629,0.473426,1.831993,0.134847,AUT,0.0,0.005362,0.070207,0.001460,neutron,pi+,solid
167,11.0,0.092653,0.593991,0.470125,1.134266,0.312231,AUT,0.0,0.002216,0.070207,0.001137,neutron,pi+,solid
168,11.0,0.110452,0.566492,0.471975,1.291066,0.308272,AUT,0.0,0.002260,0.070207,0.001167,neutron,pi+,solid
169,11.0,0.124553,0.549916,0.472488,1.413502,0.303978,AUT,0.0,0.002335,0.070207,0.001193,neutron,pi+,solid
170,11.0,0.137542,0.537918,0.472763,1.527006,0.300129,AUT,0.0,0.002523,0.070207,0.001218,neutron,pi+,solid
171,11.0,0.150424,0.525861,0.473256,1.632429,0.297130,AUT,0.0,0.002784,0.070207,0.001243,neutron,pi+,solid
172,11.0,0.165377,0.497475,0.474047,1.697073,0.293315,AUT,0.0,0.003505,0.070207,0.001273,neutron,pi+,solid
173,11.0,0.187767,0.448293,0.474163,1.734498,0.291019,AUT,0.0,0.006894,0.070207,0.001317,neutron,pi+,solid
174,11.0,0.232613,0.373528,0.474210,1.783191,0.290264,AUT,0.0,0.004212,0.070207,0.001404,neutron,pi+,solid
175,11.0,0.284460,0.319325,0.474209,1.874442,0.288360,AUT,0.0,0.012776,0.070207,0.001503,neutron,pi+,solid
176,11.0,0.091816,0.599198,0.470033,1.133997,0.489109,AUT,0.0,0.002484,0.070207,0.001135,neutron,pi+,solid
177,11.0,0.112366,0.573423,0.472116,1.329365,0.485732,AUT,0.0,0.003478,0.070207,0.001170,neutron,pi+,solid
178,11.0,0.131780,0.553639,0.472622,1.505361,0.486087,AUT,0.0,0.005096,0.070207,0.001207,neutron,pi+,solid
179,11.0,0.152989,0.525975,0.473585,1.658930,0.487050,AUT,0.0,0.007547,0.070207,0.001248,neutron,pi+,solid
180,11.0,0.188830,0.445821,0.474282,1.727924,0.489258,AUT,0.0,0.007038,0.070207,0.001319,neutron,pi+,solid
181,11.0,0.249744,0.352797,0.473961,1.810067,0.486608,AUT,0.0,0.012595,0.070207,0.001436,neutron,pi+,solid
182,11.0,0.104724,0.581001,0.471298,1.250631,0.687791,AUT,0.0,0.002983,0.070207,0.001157,neutron,pi+,solid
183,11.0,0.151086,0.517675,0.473469,1.606183,0.688967,AUT,0.0,0.002981,0.070207,0.001244,neutron,pi+,solid
184,11.0,0.209309,0.409963,0.473727,1.758828,0.683981,AUT,0.0,0.007763,0.070207,0.001358,neutron,pi+,solid
185,11.0,0.136129,0.542288,0.474316,1.492072,0.883694,AUT,0.0,0.004424,0.070207,0.001214,neutron,pi+,solid
186,11.0,0.136842,0.506143,0.522160,1.422615,0.134187,AUT,0.0,0.002350,0.070207,0.001221,neutron,pi+,solid
187,11.0,0.179054,0.454452,0.523598,1.675945,0.125663,AUT,0.0,0.002550,0.070207,0.001307,neutron,pi+,solid
188,11.0,0.229116,0.381142,0.523782,1.787896,0.126815,AUT,0.0,0.002880,0.070207,0.001406,neutron,pi+,solid
189,11.0,0.112690,0.538837,0.520168,1.250223,0.307801,AUT,0.0,0.002265,0.070207,0.001175,neutron,pi+,solid
190,11.0,0.139668,0.509897,0.522420,1.469340,0.299633,AUT,0.0,0.002584,0.070207,0.001227,neutron,pi+,solid
191,11.0,0.161902,0.491918,0.523003,1.643123,0.295004,AUT,0.0,0.003228,0.070207,0.001273,neutron,pi+,solid
192,11.0,0.189777,0.444093,0.524121,1.735043,0.291664,AUT,0.0,0.005775,0.070207,0.001329,neutron,pi+,solid
193,11.0,0.244635,0.359328,0.524214,1.801485,0.290260,AUT,0.0,0.003680,0.070207,0.001437,neutron,pi+,solid
194,11.0,0.114846,0.539923,0.520256,1.275786,0.486114,AUT,0.0,0.003862,0.070207,0.001179,neutron,pi+,solid
195,11.0,0.154309,0.500035,0.522811,1.590157,0.488306,AUT,0.0,0.010819,0.070207,0.001257,neutron,pi+,solid
196,11.0,0.211209,0.409355,0.524052,1.759521,0.488066,AUT,0.0,0.006581,0.070207,0.001370,neutron,pi+,solid
197,11.0,0.138987,0.512054,0.521987,1.454842,0.688402,AUT,0.0,0.004117,0.070207,0.001225,neutron,pi+,solid
198,11.0,0.206409,0.416219,0.523655,1.764464,0.680824,AUT,0.0,0.009601,0.070207,0.001362,neutron,pi+,solid
199,11.0,0.145026,0.508432,0.522561,1.503684,0.895284,AUT,0.0,0.005138,0.070207,0.001237,neutron,pi+,solid
200,11.0,0.159959,0.465173,0.572228,1.527748,0.128354,AUT,0.0,0.002486,0.070207,0.001275,neutron,pi+,solid
201,11.0,0.221565,0.391536,0.573729,1.774035,0.127272,AUT,0.0,0.002986,0.070207,0.001403,neutron,pi+,solid
202,11.0,0.138848,0.488898,0.570798,1.397087,0.300216,AUT,0.0,0.002642,0.070207,0.001231,neutron,pi+,solid
203,11.0,0.181564,0.450089,0.573244,1.682872,0.292455,AUT,0.0,0.004588,0.070207,0.001321,neutron,pi+,solid
204,11.0,0.238868,0.366867,0.573718,1.795214,0.290296,AUT,0.0,0.003628,0.070207,0.001438,neutron,pi+,solid
205,11.0,0.151165,0.479114,0.571427,1.485976,0.489036,AUT,0.0,0.010798,0.070207,0.001256,neutron,pi+,solid
206,11.0,0.216435,0.399676,0.573595,1.772365,0.486570,AUT,0.0,0.009625,0.070207,0.001393,neutron,pi+,solid
207,11.0,0.162149,0.469130,0.571540,1.552706,0.741450,AUT,0.0,0.003709,0.070207,0.001278,neutron,pi+,solid
208,11.0,0.193367,0.417560,0.622499,1.646671,0.127249,AUT,0.0,0.002597,0.070207,0.001353,neutron,pi+,solid
209,11.0,0.274749,0.333018,0.618839,1.887891,0.142887,AUT,0.0,0.027765,0.070207,0.001526,neutron,pi+,solid
210,11.0,0.174196,0.439579,0.621670,1.571619,0.293439,AUT,0.0,0.003914,0.070207,0.001314,neutron,pi+,solid
211,11.0,0.236392,0.370432,0.622637,1.801430,0.287934,AUT,0.0,0.004745,0.070207,0.001448,neutron,pi+,solid
212,11.0,0.179485,0.435962,0.621317,1.602292,0.543183,AUT,0.0,0.008827,0.070207,0.001324,neutron,pi+,solid
213,11.0,0.249592,0.370564,0.617162,1.908348,0.456374,AUT,0.0,0.047164,0.070207,0.001475,neutron,pi+,solid
214,11.0,0.194829,0.408599,0.671142,1.635845,0.216517,AUT,0.0,0.002969,0.070207,0.001370,neutron,pi+,solid
215,11.0,0.246902,0.370576,0.666944,1.887673,0.194042,AUT,0.0,0.010066,0.070207,0.001486,neutron,pi+,solid
216,11.0,0.184768,0.422821,0.667466,1.608506,0.507015,AUT,0.0,0.019366,0.070207,0.001348,neutron,pi+,solid
217,11.0,0.158283,0.658030,0.322823,2.144652,0.150131,AUT,0.0,0.003259,0.070207,0.001240,neutron,pi+,solid
218,11.0,0.178464,0.604564,0.323303,2.226328,0.137284,AUT,0.0,0.003209,0.070207,0.001277,neutron,pi+,solid
219,11.0,0.190804,0.577719,0.323487,2.274994,0.132138,AUT,0.0,0.003344,0.070207,0.001300,neutron,pi+,solid
220,11.0,0.201016,0.558903,0.323560,2.318821,0.128328,AUT,0.0,0.003446,0.070207,0.001319,neutron,pi+,solid
221,11.0,0.210444,0.543280,0.323668,2.359775,0.124929,AUT,0.0,0.003534,0.070207,0.001337,neutron,pi+,solid
222,11.0,0.219511,0.529729,0.323771,2.400065,0.122105,AUT,0.0,0.003655,0.070207,0.001353,neutron,pi+,solid
223,11.0,0.228487,0.515836,0.323775,2.432670,0.119652,AUT,0.0,0.003767,0.070207,0.001370,neutron,pi+,solid
224,11.0,0.237574,0.500890,0.323797,2.456115,0.117483,AUT,0.0,0.003908,0.070207,0.001386,neutron,pi+,solid
225,11.0,0.247171,0.484042,0.323951,2.469319,0.115932,AUT,0.0,0.003937,0.070207,0.001403,neutron,pi+,solid
226,11.0,0.257822,0.466193,0.323967,2.480712,0.114813,AUT,0.0,0.003979,0.070207,0.001422,neutron,pi+,solid
227,11.0,0.269924,0.446983,0.324024,2.490045,0.114957,AUT,0.0,0.003952,0.070207,0.001443,neutron,pi+,solid
228,11.0,0.284287,0.427582,0.324427,2.508630,0.116688,AUT,0.0,0.003844,0.070207,0.001468,neutron,pi+,solid
229,11.0,0.303214,0.409191,0.325246,2.560380,0.121001,AUT,0.0,0.003831,0.070207,0.001501,neutron,pi+,solid
230,11.0,0.337112,0.385953,0.325684,2.682801,0.131021,AUT,0.0,0.004530,0.070207,0.001560,neutron,pi+,solid
231,11.0,0.384156,0.364159,0.325508,2.887403,0.144378,AUT,0.0,0.033166,0.070207,0.001648,neutron,pi+,solid
232,11.0,0.140789,0.715657,0.323186,2.077990,0.308914,AUT,0.0,0.003058,0.070207,0.001208,neutron,pi+,solid
233,11.0,0.153016,0.678005,0.323579,2.141087,0.303913,AUT,0.0,0.003141,0.070207,0.001230,neutron,pi+,solid
234,11.0,0.161707,0.655299,0.323787,2.187073,0.298998,AUT,0.0,0.003316,0.070207,0.001246,neutron,pi+,solid
235,11.0,0.169429,0.636910,0.323932,2.227286,0.295154,AUT,0.0,0.003573,0.070207,0.001261,neutron,pi+,solid
236,11.0,0.176761,0.621370,0.324026,2.266997,0.292451,AUT,0.0,0.003824,0.070207,0.001275,neutron,pi+,solid
237,11.0,0.183946,0.607208,0.324137,2.305415,0.290487,AUT,0.0,0.004287,0.070207,0.001288,neutron,pi+,solid
238,11.0,0.191234,0.594024,0.324208,2.344708,0.289509,AUT,0.0,0.004756,0.070207,0.001302,neutron,pi+,solid
239,11.0,0.198677,0.581186,0.324206,2.383339,0.288904,AUT,0.0,0.005597,0.070207,0.001315,neutron,pi+,solid
240,11.0,0.206360,0.567899,0.324190,2.418873,0.288698,AUT,0.0,0.006358,0.070207,0.001330,neutron,pi+,solid
241,11.0,0.214447,0.554572,0.324186,2.454680,0.288503,AUT,0.0,0.007522,0.070207,0.001345,neutron,pi+,solid
242,11.0,0.223081,0.539558,0.324182,2.484289,0.288832,AUT,0.0,0.008774,0.070207,0.001360,neutron,pi+,solid
243,11.0,0.232695,0.519900,0.324215,2.496845,0.288895,AUT,0.0,0.010802,0.070207,0.001378,neutron,pi+,solid
244,11.0,0.243635,0.495991,0.324203,2.493842,0.289904,AUT,0.0,0.012457,0.070207,0.001397,neutron,pi+,solid
245,11.0,0.256348,0.469837,0.324151,2.485544,0.290475,AUT,0.0,0.011750,0.070207,0.001419,neutron,pi+,solid
246,11.0,0.271664,0.443093,0.324308,2.483922,0.290579,AUT,0.0,0.009802,0.070207,0.001446,neutron,pi+,solid
247,11.0,0.290372,0.418115,0.325183,2.505327,0.290494,AUT,0.0,0.009319,0.070207,0.001479,neutron,pi+,solid
248,11.0,0.316696,0.395927,0.326310,2.586890,0.289644,AUT,0.0,0.009233,0.070207,0.001525,neutron,pi+,solid
249,11.0,0.357385,0.373387,0.326835,2.752556,0.287213,AUT,0.0,0.013068,0.070207,0.001597,neutron,pi+,solid
250,11.0,0.143332,0.710086,0.324391,2.098001,0.482853,AUT,0.0,0.004479,0.070207,0.001213,neutron,pi+,solid
251,11.0,0.161595,0.658966,0.324297,2.196949,0.485646,AUT,0.0,0.006086,0.070207,0.001246,neutron,pi+,solid
252,11.0,0.177361,0.621024,0.324094,2.272670,0.487407,AUT,0.0,0.005686,0.070207,0.001276,neutron,pi+,solid
253,11.0,0.192953,0.587898,0.323985,2.340729,0.488375,AUT,0.0,0.005217,0.070207,0.001305,neutron,pi+,solid
254,11.0,0.209002,0.557631,0.323951,2.404895,0.489353,AUT,0.0,0.004851,0.070207,0.001334,neutron,pi+,solid
255,11.0,0.226326,0.525985,0.323887,2.456179,0.490021,AUT,0.0,0.004784,0.070207,0.001366,neutron,pi+,solid
256,11.0,0.246463,0.484873,0.323851,2.465020,0.490916,AUT,0.0,0.005127,0.070207,0.001402,neutron,pi+,solid
257,11.0,0.272402,0.439086,0.324047,2.466578,0.491728,AUT,0.0,0.006515,0.070207,0.001447,neutron,pi+,solid
258,11.0,0.312306,0.397978,0.325741,2.561833,0.492743,AUT,0.0,0.010092,0.070207,0.001516,neutron,pi+,solid
259,11.0,0.365613,0.369746,0.326288,2.789342,0.491693,AUT,0.0,0.037451,0.070207,0.001613,neutron,pi+,solid
260,11.0,0.160878,0.662759,0.325586,2.189670,0.671140,AUT,0.0,0.003709,0.070207,0.001245,neutron,pi+,solid
261,11.0,0.206479,0.567972,0.326005,2.414649,0.667485,AUT,0.0,0.007102,0.070207,0.001330,neutron,pi+,solid
262,11.0,0.273137,0.461596,0.327316,2.574638,0.656402,AUT,0.0,0.019232,0.070207,0.001447,neutron,pi+,solid
263,11.0,0.165576,0.636287,0.373010,2.168103,0.146416,AUT,0.0,0.003261,0.070207,0.001262,neutron,pi+,solid
264,11.0,0.188983,0.579582,0.373421,2.259924,0.132745,AUT,0.0,0.003306,0.070207,0.001307,neutron,pi+,solid
265,11.0,0.203797,0.551359,0.373558,2.318913,0.127967,AUT,0.0,0.003467,0.070207,0.001335,neutron,pi+,solid
266,11.0,0.216548,0.531428,0.373649,2.375085,0.124590,AUT,0.0,0.003550,0.070207,0.001360,neutron,pi+,solid
267,11.0,0.228780,0.512669,0.373765,2.420672,0.121796,AUT,0.0,0.003672,0.070207,0.001382,neutron,pi+,solid
268,11.0,0.241166,0.493079,0.373793,2.454171,0.119751,AUT,0.0,0.003782,0.070207,0.001405,neutron,pi+,solid
269,11.0,0.254484,0.471119,0.373801,2.474279,0.118752,AUT,0.0,0.003836,0.070207,0.001429,neutron,pi+,solid
270,11.0,0.270056,0.446658,0.373793,2.489076,0.119052,AUT,0.0,0.003790,0.070207,0.001457,neutron,pi+,solid
271,11.0,0.289473,0.418483,0.373691,2.499431,0.122708,AUT,0.0,0.003768,0.070207,0.001492,neutron,pi+,solid
272,11.0,0.317138,0.389185,0.373442,2.546202,0.131067,AUT,0.0,0.004108,0.070207,0.001541,neutron,pi+,solid
273,11.0,0.357608,0.370917,0.373269,2.736683,0.142203,AUT,0.0,0.010954,0.070207,0.001616,neutron,pi+,solid
274,11.0,0.144689,0.702536,0.373031,2.095539,0.310497,AUT,0.0,0.003082,0.070207,0.001223,neutron,pi+,solid
275,11.0,0.159473,0.658882,0.373443,2.168348,0.305724,AUT,0.0,0.003192,0.070207,0.001251,neutron,pi+,solid
276,11.0,0.170084,0.632787,0.373665,2.221260,0.300681,AUT,0.0,0.003328,0.070207,0.001271,neutron,pi+,solid
277,11.0,0.179674,0.612970,0.373819,2.273100,0.296741,AUT,0.0,0.003586,0.070207,0.001290,neutron,pi+,solid
278,11.0,0.188750,0.595851,0.373978,2.321300,0.293749,AUT,0.0,0.004009,0.070207,0.001307,neutron,pi+,solid
279,11.0,0.197918,0.580488,0.374056,2.371279,0.291818,AUT,0.0,0.004460,0.070207,0.001325,neutron,pi+,solid
280,11.0,0.207605,0.564751,0.374110,2.419895,0.290796,AUT,0.0,0.005231,0.070207,0.001343,neutron,pi+,solid
281,11.0,0.217875,0.548654,0.374136,2.467186,0.289941,AUT,0.0,0.006224,0.070207,0.001363,neutron,pi+,solid
282,11.0,0.229161,0.527803,0.374147,2.496179,0.289593,AUT,0.0,0.007880,0.070207,0.001384,neutron,pi+,solid
283,11.0,0.242104,0.500148,0.374199,2.498714,0.289813,AUT,0.0,0.010581,0.070207,0.001407,neutron,pi+,solid
284,11.0,0.257870,0.467238,0.374158,2.486070,0.290401,AUT,0.0,0.010823,0.070207,0.001436,neutron,pi+,solid
285,11.0,0.277581,0.432108,0.374194,2.474577,0.290366,AUT,0.0,0.008259,0.070207,0.001471,neutron,pi+,solid
286,11.0,0.301740,0.396983,0.374248,2.471044,0.288943,AUT,0.0,0.006881,0.070207,0.001513,neutron,pi+,solid
287,11.0,0.336308,0.374558,0.374342,2.598893,0.286868,AUT,0.0,0.007137,0.070207,0.001576,neutron,pi+,solid
288,11.0,0.379467,0.363613,0.374351,2.847854,0.285786,AUT,0.0,0.023103,0.070207,0.001659,neutron,pi+,solid
289,11.0,0.144652,0.705665,0.374174,2.103983,0.484293,AUT,0.0,0.003871,0.070207,0.001223,neutron,pi+,solid
290,11.0,0.164178,0.653454,0.374480,2.213190,0.482820,AUT,0.0,0.006973,0.070207,0.001260,neutron,pi+,solid
291,11.0,0.182168,0.612197,0.374435,2.300818,0.484829,AUT,0.0,0.010340,0.070207,0.001295,neutron,pi+,solid
292,11.0,0.201236,0.573881,0.374297,2.382542,0.486519,AUT,0.0,0.009893,0.070207,0.001331,neutron,pi+,solid
293,11.0,0.222377,0.535436,0.374220,2.456157,0.487393,AUT,0.0,0.008088,0.070207,0.001371,neutron,pi+,solid
294,11.0,0.247629,0.484818,0.374122,2.475309,0.488234,AUT,0.0,0.007101,0.070207,0.001417,neutron,pi+,solid
295,11.0,0.282844,0.423359,0.374061,2.466976,0.489224,AUT,0.0,0.007942,0.070207,0.001480,neutron,pi+,solid
296,11.0,0.333594,0.376275,0.374045,2.587995,0.488797,AUT,0.0,0.015421,0.070207,0.001571,neutron,pi+,solid
297,11.0,0.162141,0.658266,0.374370,2.190765,0.682617,AUT,0.0,0.003305,0.070207,0.001256,neutron,pi+,solid
298,11.0,0.208846,0.557126,0.374415,2.395026,0.682584,AUT,0.0,0.004475,0.070207,0.001345,neutron,pi+,solid
299,11.0,0.268149,0.453300,0.374601,2.492391,0.676608,AUT,0.0,0.009966,0.070207,0.001453,neutron,pi+,solid
300,11.0,0.338750,0.392214,0.373279,2.740734,0.654757,AUT,0.0,0.075717,0.070207,0.001581,neutron,pi+,solid
301,11.0,0.197622,0.601775,0.378483,2.398621,0.857186,AUT,0.0,0.014941,0.070207,0.001321,neutron,pi+,solid
302,11.0,0.175019,0.609032,0.422633,2.193183,0.140098,AUT,0.0,0.003218,0.070207,0.001288,neutron,pi+,solid
303,11.0,0.201651,0.553089,0.423517,2.300973,0.129058,AUT,0.0,0.003399,0.070207,0.001341,neutron,pi+,solid
304,11.0,0.219669,0.523947,0.423647,2.375096,0.125164,AUT,0.0,0.003566,0.070207,0.001376,neutron,pi+,solid
305,11.0,0.236332,0.498898,0.423753,2.433053,0.122737,AUT,0.0,0.003664,0.070207,0.001407,neutron,pi+,solid
306,11.0,0.254119,0.471206,0.423804,2.470777,0.121734,AUT,0.0,0.003716,0.070207,0.001441,neutron,pi+,solid
307,11.0,0.275728,0.439075,0.423724,2.497537,0.122736,AUT,0.0,0.003779,0.070207,0.001480,neutron,pi+,solid
308,11.0,0.307320,0.399966,0.423532,2.534346,0.130136,AUT,0.0,0.003959,0.070207,0.001538,neutron,pi+,solid
309,11.0,0.352408,0.373410,0.423229,2.714630,0.143626,AUT,0.0,0.011475,0.070207,0.001623,neutron,pi+,solid
310,11.0,0.154945,0.664935,0.419802,2.123628,0.309245,AUT,0.0,0.003156,0.070207,0.001249,neutron,pi+,solid
311,11.0,0.172412,0.622654,0.422918,2.215298,0.303678,AUT,0.0,0.003318,0.070207,0.001284,neutron,pi+,solid
312,11.0,0.185223,0.598112,0.423548,2.286357,0.298511,AUT,0.0,0.003580,0.070207,0.001309,neutron,pi+,solid
313,11.0,0.196986,0.578597,0.423881,2.352327,0.295150,AUT,0.0,0.004041,0.070207,0.001332,neutron,pi+,solid
314,11.0,0.208831,0.560373,0.423957,2.415205,0.293248,AUT,0.0,0.004718,0.070207,0.001356,neutron,pi+,solid
315,11.0,0.221669,0.540693,0.424094,2.473512,0.291840,AUT,0.0,0.005638,0.070207,0.001380,neutron,pi+,solid
316,11.0,0.236377,0.512508,0.424139,2.499751,0.290489,AUT,0.0,0.007506,0.070207,0.001408,neutron,pi+,solid
317,11.0,0.254312,0.474432,0.424180,2.489144,0.290385,AUT,0.0,0.009292,0.070207,0.001441,neutron,pi+,solid
318,11.0,0.277340,0.432121,0.424197,2.471887,0.289764,AUT,0.0,0.006652,0.070207,0.001483,neutron,pi+,solid
319,11.0,0.306685,0.391403,0.424256,2.475841,0.287749,AUT,0.0,0.005311,0.070207,0.001536,neutron,pi+,solid
320,11.0,0.348485,0.370847,0.424140,2.665954,0.287952,AUT,0.0,0.007497,0.070207,0.001615,neutron,pi+,solid
321,11.0,0.155964,0.666906,0.420203,2.143305,0.484709,AUT,0.0,0.004127,0.070207,0.001251,neutron,pi+,solid
322,11.0,0.179914,0.615690,0.423749,2.284910,0.484325,AUT,0.0,0.008118,0.070207,0.001299,neutron,pi+,solid
323,11.0,0.202260,0.572832,0.424289,2.389883,0.486068,AUT,0.0,0.012818,0.070207,0.001343,neutron,pi+,solid
324,11.0,0.227116,0.527290,0.424272,2.469525,0.487344,AUT,0.0,0.011698,0.070207,0.001390,neutron,pi+,solid
325,11.0,0.260220,0.462048,0.424210,2.476620,0.488271,AUT,0.0,0.008718,0.070207,0.001452,neutron,pi+,solid
326,11.0,0.317173,0.389884,0.424176,2.544135,0.486715,AUT,0.0,0.011150,0.070207,0.001555,neutron,pi+,solid
327,11.0,0.174777,0.623969,0.422482,2.237806,0.686043,AUT,0.0,0.004521,0.070207,0.001288,neutron,pi+,solid
328,11.0,0.232159,0.511383,0.424158,2.437098,0.687469,AUT,0.0,0.004809,0.070207,0.001399,neutron,pi+,solid
329,11.0,0.296466,0.419904,0.423568,2.563411,0.675465,AUT,0.0,0.016587,0.070207,0.001517,neutron,pi+,solid
330,11.0,0.206373,0.573522,0.425414,2.395912,0.878152,AUT,0.0,0.008460,0.070207,0.001346,neutron,pi+,solid
331,11.0,0.190018,0.563483,0.471829,2.204013,0.131116,AUT,0.0,0.003380,0.070207,0.001326,neutron,pi+,solid
332,11.0,0.220218,0.517019,0.473210,2.348980,0.126168,AUT,0.0,0.003564,0.070207,0.001386,neutron,pi+,solid
333,11.0,0.243276,0.486329,0.473705,2.440848,0.124211,AUT,0.0,0.003695,0.070207,0.001431,neutron,pi+,solid
334,11.0,0.269591,0.448670,0.473702,2.494506,0.124075,AUT,0.0,0.003780,0.070207,0.001481,neutron,pi+,solid
335,11.0,0.315218,0.397539,0.473497,2.579102,0.134078,AUT,0.0,0.004204,0.070207,0.001566,neutron,pi+,solid
336,11.0,0.175458,0.594314,0.469977,2.149321,0.303327,AUT,0.0,0.003331,0.070207,0.001297,neutron,pi+,solid
337,11.0,0.197715,0.560750,0.472329,2.287858,0.296077,AUT,0.0,0.004008,0.070207,0.001342,neutron,pi+,solid
338,11.0,0.215407,0.539983,0.472945,2.400397,0.293686,AUT,0.0,0.004966,0.070207,0.001378,neutron,pi+,solid
339,11.0,0.233637,0.515070,0.473743,2.482967,0.291791,AUT,0.0,0.006208,0.070207,0.001413,neutron,pi+,solid
340,11.0,0.255508,0.471681,0.474131,2.485584,0.290188,AUT,0.0,0.007243,0.070207,0.001455,neutron,pi+,solid
341,11.0,0.284716,0.420203,0.474187,2.466677,0.289303,AUT,0.0,0.004969,0.070207,0.001509,neutron,pi+,solid
342,11.0,0.326706,0.378718,0.474145,2.551599,0.290105,AUT,0.0,0.005151,0.070207,0.001588,neutron,pi+,solid
343,11.0,0.377821,0.363843,0.474053,2.837271,0.293924,AUT,0.0,0.024299,0.070207,0.001692,neutron,pi+,solid
344,11.0,0.181629,0.588413,0.470481,2.200673,0.485222,AUT,0.0,0.009017,0.070207,0.001309,neutron,pi+,solid
345,11.0,0.217619,0.536654,0.473147,2.407997,0.487717,AUT,0.0,0.015610,0.070207,0.001382,neutron,pi+,solid
346,11.0,0.256214,0.469843,0.474270,2.477815,0.488759,AUT,0.0,0.010056,0.070207,0.001456,neutron,pi+,solid
347,11.0,0.315905,0.392417,0.474032,2.550858,0.484323,AUT,0.0,0.011743,0.070207,0.001567,neutron,pi+,solid
348,11.0,0.205403,0.550647,0.472442,2.317574,0.686193,AUT,0.0,0.006205,0.070207,0.001356,neutron,pi+,solid
349,11.0,0.277309,0.445915,0.473852,2.541116,0.678586,AUT,0.0,0.011326,0.070207,0.001495,neutron,pi+,solid
350,11.0,0.215731,0.542951,0.473123,2.392727,0.893981,AUT,0.0,0.008247,0.070207,0.001375,neutron,pi+,solid
351,11.0,0.209853,0.513083,0.521801,2.216142,0.127373,AUT,0.0,0.003508,0.070207,0.001374,neutron,pi+,solid
352,11.0,0.249024,0.471858,0.523188,2.423472,0.125360,AUT,0.0,0.003706,0.070207,0.001454,neutron,pi+,solid
353,11.0,0.295062,0.418048,0.523628,2.537529,0.129763,AUT,0.0,0.003895,0.070207,0.001542,neutron,pi+,solid
354,11.0,0.359779,0.372220,0.523205,2.763038,0.151614,AUT,0.0,0.029614,0.070207,0.001672,neutron,pi+,solid
355,11.0,0.198059,0.533824,0.520668,2.178395,0.295414,AUT,0.0,0.004191,0.070207,0.001351,neutron,pi+,solid
356,11.0,0.231568,0.496275,0.522666,2.370655,0.291387,AUT,0.0,0.006491,0.070207,0.001419,neutron,pi+,solid
357,11.0,0.262767,0.455572,0.523885,2.467689,0.290424,AUT,0.0,0.005607,0.070207,0.001481,neutron,pi+,solid
358,11.0,0.303188,0.396834,0.524069,2.479217,0.291720,AUT,0.0,0.004327,0.070207,0.001558,neutron,pi+,solid
359,11.0,0.352575,0.369896,0.523892,2.690684,0.296333,AUT,0.0,0.010226,0.070207,0.001657,neutron,pi+,solid
360,11.0,0.211598,0.517620,0.521622,2.252062,0.488867,AUT,0.0,0.018390,0.070207,0.001378,neutron,pi+,solid
361,11.0,0.270992,0.443612,0.523861,2.470605,0.488333,AUT,0.0,0.009526,0.070207,0.001496,neutron,pi+,solid
362,11.0,0.332564,0.386922,0.522708,2.653448,0.474703,AUT,0.0,0.020014,0.070207,0.001616,neutron,pi+,solid
363,11.0,0.226522,0.502872,0.522431,2.336318,0.734599,AUT,0.0,0.005741,0.070207,0.001407,neutron,pi+,solid
364,11.0,0.295999,0.439390,0.522720,2.681138,0.680031,AUT,0.0,0.027626,0.070207,0.001546,neutron,pi+,solid
365,11.0,0.234391,0.468521,0.571900,2.259413,0.126946,AUT,0.0,0.003639,0.070207,0.001435,neutron,pi+,solid
366,11.0,0.298507,0.415399,0.573345,2.548316,0.131900,AUT,0.0,0.004472,0.070207,0.001565,neutron,pi+,solid
367,11.0,0.226755,0.477262,0.571464,2.226983,0.291281,AUT,0.0,0.006111,0.070207,0.001420,neutron,pi+,solid
368,11.0,0.278962,0.424345,0.573522,2.438526,0.291798,AUT,0.0,0.004332,0.070207,0.001527,neutron,pi+,solid
369,11.0,0.331401,0.381868,0.572562,2.609617,0.292631,AUT,0.0,0.006667,0.070207,0.001632,neutron,pi+,solid
370,11.0,0.246241,0.459058,0.572343,2.319034,0.489103,AUT,0.0,0.011263,0.070207,0.001459,neutron,pi+,solid
371,11.0,0.315311,0.408838,0.572055,2.658236,0.475538,AUT,0.0,0.017218,0.070207,0.001600,neutron,pi+,solid
372,11.0,0.242482,0.474385,0.571059,2.364313,0.710124,AUT,0.0,0.011916,0.070207,0.001451,neutron,pi+,solid
373,11.0,0.241346,0.442799,0.621379,2.200733,0.218820,AUT,0.0,0.004116,0.070207,0.001464,neutron,pi+,solid
374,11.0,0.291906,0.411699,0.622253,2.479293,0.228725,AUT,0.0,0.004008,0.070207,0.001571,neutron,pi+,solid
375,11.0,0.339834,0.395320,0.620025,2.771718,0.233735,AUT,0.0,0.012080,0.070207,0.001673,neutron,pi+,solid
376,11.0,0.258755,0.442350,0.619971,2.355515,0.522570,AUT,0.0,0.011811,0.070207,0.001499,neutron,pi+,solid
377,11.0,0.268602,0.419485,0.667833,2.323095,0.248316,AUT,0.0,0.004424,0.070207,0.001537,neutron,pi+,solid
378,11.0,0.249814,0.615882,0.323456,3.172743,0.129383,AUT,0.0,0.005422,0.070207,0.001411,neutron,pi+,solid
379,11.0,0.271532,0.586792,0.323673,3.288417,0.124611,AUT,0.0,0.005705,0.070207,0.001450,neutron,pi+,solid
380,11.0,0.286557,0.567532,0.323761,3.356400,0.120966,AUT,0.0,0.005936,0.070207,0.001476,neutron,pi+,solid
381,11.0,0.301143,0.540486,0.323832,3.359036,0.117585,AUT,0.0,0.006152,0.070207,0.001501,neutron,pi+,solid
382,11.0,0.316943,0.513270,0.323816,3.357254,0.115523,AUT,0.0,0.006258,0.070207,0.001528,neutron,pi+,solid
383,11.0,0.334183,0.490687,0.323825,3.384197,0.116086,AUT,0.0,0.006187,0.070207,0.001558,neutron,pi+,solid
384,11.0,0.353248,0.471382,0.323802,3.436531,0.119191,AUT,0.0,0.006093,0.070207,0.001592,neutron,pi+,solid
385,11.0,0.375827,0.449680,0.323658,3.487406,0.125011,AUT,0.0,0.006098,0.070207,0.001634,neutron,pi+,solid
386,11.0,0.407774,0.422297,0.323305,3.552984,0.134832,AUT,0.0,0.007780,0.070207,0.001698,neutron,pi+,solid
387,11.0,0.447169,0.410606,0.323176,3.789811,0.143280,AUT,0.0,0.030468,0.070207,0.001786,neutron,pi+,solid
388,11.0,0.243675,0.631458,0.324192,3.173759,0.287981,AUT,0.0,0.007538,0.070207,0.001400,neutron,pi+,solid
389,11.0,0.264605,0.606870,0.324223,3.314245,0.287973,AUT,0.0,0.010962,0.070207,0.001438,neutron,pi+,solid
390,11.0,0.280245,0.591214,0.324248,3.419623,0.288478,AUT,0.0,0.013033,0.070207,0.001465,neutron,pi+,solid
391,11.0,0.295883,0.558741,0.324160,3.411336,0.288984,AUT,0.0,0.017995,0.070207,0.001492,neutron,pi+,solid
392,11.0,0.315086,0.517712,0.324129,3.365859,0.289692,AUT,0.0,0.019646,0.070207,0.001525,neutron,pi+,solid
393,11.0,0.336861,0.486956,0.324130,3.385009,0.289863,AUT,0.0,0.015497,0.070207,0.001563,neutron,pi+,solid
394,11.0,0.360270,0.462081,0.324247,3.435330,0.289211,AUT,0.0,0.013242,0.070207,0.001605,neutron,pi+,solid
395,11.0,0.386720,0.434411,0.324375,3.466203,0.287587,AUT,0.0,0.011934,0.070207,0.001655,neutron,pi+,solid
396,11.0,0.424039,0.412823,0.324443,3.612597,0.285541,AUT,0.0,0.013042,0.070207,0.001733,neutron,pi+,solid
397,11.0,0.257310,0.613905,0.324169,3.255740,0.486036,AUT,0.0,0.012279,0.070207,0.001424,neutron,pi+,solid
398,11.0,0.293751,0.560018,0.324122,3.391329,0.486923,AUT,0.0,0.010974,0.070207,0.001488,neutron,pi+,solid
399,11.0,0.333742,0.490872,0.323942,3.377351,0.487844,AUT,0.0,0.012686,0.070207,0.001557,neutron,pi+,solid
400,11.0,0.385302,0.436726,0.323975,3.467454,0.488284,AUT,0.0,0.017667,0.070207,0.001653,neutron,pi+,solid
401,11.0,0.436682,0.410957,0.324152,3.703987,0.487048,AUT,0.0,0.059752,0.070207,0.001762,neutron,pi+,solid
402,11.0,0.284197,0.571283,0.324852,3.327857,0.675896,AUT,0.0,0.010995,0.070207,0.001470,neutron,pi+,solid
403,11.0,0.369881,0.459209,0.325005,3.495795,0.663775,AUT,0.0,0.045442,0.070207,0.001624,neutron,pi+,solid
404,11.0,0.255306,0.607065,0.373479,3.195200,0.128591,AUT,0.0,0.005467,0.070207,0.001435,neutron,pi+,solid
405,11.0,0.281408,0.572626,0.373621,3.325310,0.124393,AUT,0.0,0.005684,0.070207,0.001482,neutron,pi+,solid
406,11.0,0.301540,0.538466,0.373735,3.350314,0.120898,AUT,0.0,0.005899,0.070207,0.001518,neutron,pi+,solid
407,11.0,0.323119,0.504710,0.373789,3.365165,0.119319,AUT,0.0,0.006067,0.070207,0.001557,neutron,pi+,solid
408,11.0,0.347866,0.477559,0.373643,3.428011,0.121357,AUT,0.0,0.006035,0.070207,0.001602,neutron,pi+,solid
409,11.0,0.379792,0.446854,0.373438,3.500607,0.128913,AUT,0.0,0.006247,0.070207,0.001663,neutron,pi+,solid
410,11.0,0.421805,0.417047,0.373155,3.629802,0.141653,AUT,0.0,0.013334,0.070207,0.001753,neutron,pi+,solid
411,11.0,0.246737,0.626471,0.373984,3.187918,0.291887,AUT,0.0,0.006616,0.070207,0.001419,neutron,pi+,solid
412,11.0,0.270278,0.600373,0.374129,3.348932,0.290076,AUT,0.0,0.009219,0.070207,0.001463,neutron,pi+,solid
413,11.0,0.288766,0.575221,0.374123,3.427365,0.289852,AUT,0.0,0.012277,0.070207,0.001496,neutron,pi+,solid
414,11.0,0.310359,0.527153,0.374140,3.375126,0.290003,AUT,0.0,0.017365,0.070207,0.001534,neutron,pi+,solid
415,11.0,0.336750,0.486873,0.374156,3.382756,0.289601,AUT,0.0,0.012247,0.070207,0.001581,neutron,pi+,solid
416,11.0,0.366187,0.455592,0.374256,3.442043,0.287725,AUT,0.0,0.009200,0.070207,0.001637,neutron,pi+,solid
417,11.0,0.400171,0.422325,0.374198,3.486675,0.286564,AUT,0.0,0.009344,0.070207,0.001705,neutron,pi+,solid
418,11.0,0.438258,0.410492,0.374150,3.713182,0.286933,AUT,0.0,0.018527,0.070207,0.001792,neutron,pi+,solid
419,11.0,0.260207,0.611028,0.374335,3.276265,0.485538,AUT,0.0,0.022357,0.070207,0.001444,neutron,pi+,solid
420,11.0,0.303284,0.541583,0.374240,3.383395,0.486334,AUT,0.0,0.015718,0.070207,0.001521,neutron,pi+,solid
421,11.0,0.356176,0.466528,0.374194,3.423262,0.486637,AUT,0.0,0.016175,0.070207,0.001617,neutron,pi+,solid
422,11.0,0.414506,0.417156,0.374158,3.567045,0.485794,AUT,0.0,0.032529,0.070207,0.001737,neutron,pi+,solid
423,11.0,0.291760,0.557898,0.374161,3.327440,0.686117,AUT,0.0,0.008144,0.070207,0.001499,neutron,pi+,solid
424,11.0,0.378341,0.452232,0.373661,3.526273,0.671911,AUT,0.0,0.037797,0.070207,0.001661,neutron,pi+,solid
425,11.0,0.262203,0.596289,0.423290,3.222034,0.128061,AUT,0.0,0.005497,0.070207,0.001460,neutron,pi+,solid
426,11.0,0.294107,0.550150,0.423660,3.337768,0.124759,AUT,0.0,0.005794,0.070207,0.001519,neutron,pi+,solid
427,11.0,0.322392,0.506164,0.423651,3.366404,0.122290,AUT,0.0,0.006039,0.070207,0.001571,neutron,pi+,solid
428,11.0,0.357251,0.469664,0.423598,3.460767,0.124648,AUT,0.0,0.006111,0.070207,0.001637,neutron,pi+,solid
429,11.0,0.405813,0.428016,0.423352,3.581036,0.139010,AUT,0.0,0.009491,0.070207,0.001739,neutron,pi+,solid
430,11.0,0.250987,0.619169,0.423518,3.204461,0.295092,AUT,0.0,0.006293,0.070207,0.001439,neutron,pi+,solid
431,11.0,0.278321,0.589400,0.423828,3.385173,0.291745,AUT,0.0,0.008707,0.070207,0.001491,neutron,pi+,solid
432,11.0,0.302944,0.542566,0.424102,3.389929,0.290476,AUT,0.0,0.013396,0.070207,0.001536,neutron,pi+,solid
433,11.0,0.333862,0.490347,0.424202,3.376907,0.289287,AUT,0.0,0.010123,0.070207,0.001593,neutron,pi+,solid
434,11.0,0.368708,0.452827,0.424171,3.443994,0.288287,AUT,0.0,0.007598,0.070207,0.001660,neutron,pi+,solid
435,11.0,0.413751,0.416892,0.424121,3.558295,0.290056,AUT,0.0,0.009281,0.070207,0.001757,neutron,pi+,solid
436,11.0,0.467518,0.407870,0.424032,3.936143,0.294211,AUT,0.0,0.128667,0.070207,0.001896,neutron,pi+,solid
437,11.0,0.264575,0.605420,0.423996,3.299301,0.486044,AUT,0.0,0.026178,0.070207,0.001465,neutron,pi+,solid
438,11.0,0.318201,0.516041,0.424275,3.379332,0.487274,AUT,0.0,0.017150,0.070207,0.001563,neutron,pi+,solid
439,11.0,0.390086,0.436844,0.424175,3.506816,0.485505,AUT,0.0,0.018427,0.070207,0.001705,neutron,pi+,solid
440,11.0,0.304958,0.540756,0.424167,3.356098,0.683225,AUT,0.0,0.009776,0.070207,0.001536,neutron,pi+,solid
441,11.0,0.402133,0.443663,0.423263,3.681303,0.654821,AUT,0.0,0.094835,0.070207,0.001731,neutron,pi+,solid
442,11.0,0.290425,0.566606,0.424818,3.367297,0.881972,AUT,0.0,0.022928,0.070207,0.001511,neutron,pi+,solid
443,11.0,0.275701,0.564133,0.472468,3.203221,0.127171,AUT,0.0,0.005639,0.070207,0.001497,neutron,pi+,solid
444,11.0,0.319178,0.510049,0.473516,3.356939,0.124304,AUT,0.0,0.006010,0.070207,0.001580,neutron,pi+,solid
445,11.0,0.371249,0.457267,0.473542,3.495920,0.129552,AUT,0.0,0.006276,0.070207,0.001684,neutron,pi+,solid
446,11.0,0.434340,0.415208,0.473065,3.721781,0.150787,AUT,0.0,0.042522,0.070207,0.001830,neutron,pi+,solid
447,11.0,0.264868,0.581807,0.472116,3.175706,0.292465,AUT,0.0,0.007575,0.070207,0.001477,neutron,pi+,solid
448,11.0,0.304124,0.532832,0.473352,3.341498,0.290386,AUT,0.0,0.011929,0.070207,0.001552,neutron,pi+,solid
449,11.0,0.343730,0.479011,0.474099,3.395314,0.289563,AUT,0.0,0.007586,0.070207,0.001628,neutron,pi+,solid
450,11.0,0.390149,0.432004,0.474023,3.474785,0.292547,AUT,0.0,0.007491,0.070207,0.001724,neutron,pi+,solid
451,11.0,0.436718,0.410901,0.473987,3.703779,0.297198,AUT,0.0,0.021496,0.070207,0.001837,neutron,pi+,solid
452,11.0,0.284537,0.556789,0.472844,3.255806,0.487834,AUT,0.0,0.025983,0.070207,0.001514,neutron,pi+,solid
453,11.0,0.365284,0.458422,0.474149,3.442013,0.486441,AUT,0.0,0.014796,0.070207,0.001671,neutron,pi+,solid
454,11.0,0.435948,0.414076,0.473259,3.725636,0.469875,AUT,0.0,0.060479,0.070207,0.001834,neutron,pi+,solid
455,11.0,0.309765,0.528284,0.473329,3.340187,0.726537,AUT,0.0,0.010146,0.070207,0.001560,neutron,pi+,solid
456,11.0,0.422626,0.442569,0.469340,3.860541,0.628245,AUT,0.0,0.404609,0.070207,0.001800,neutron,pi+,solid
457,11.0,0.301288,0.523663,0.521732,3.248072,0.127045,AUT,0.0,0.005867,0.070207,0.001561,neutron,pi+,solid
458,11.0,0.370967,0.459282,0.523482,3.503807,0.131266,AUT,0.0,0.006751,0.070207,0.001704,neutron,pi+,solid
459,11.0,0.294162,0.531929,0.521243,3.222210,0.289982,AUT,0.0,0.010128,0.070207,0.001547,neutron,pi+,solid
460,11.0,0.348686,0.473261,0.523954,3.401336,0.291780,AUT,0.0,0.006861,0.070207,0.001657,neutron,pi+,solid
461,11.0,0.406457,0.422553,0.523824,3.540884,0.298208,AUT,0.0,0.009334,0.070207,0.001785,neutron,pi+,solid
462,11.0,0.317389,0.506774,0.522639,3.300720,0.488783,AUT,0.0,0.017614,0.070207,0.001592,neutron,pi+,solid
463,11.0,0.395389,0.436224,0.523034,3.556187,0.476714,AUT,0.0,0.022152,0.070207,0.001759,neutron,pi+,solid
464,11.0,0.317893,0.512479,0.522103,3.342750,0.712810,AUT,0.0,0.018425,0.070207,0.001593,neutron,pi+,solid
465,11.0,0.317371,0.492329,0.570258,3.220409,0.218636,AUT,0.0,0.006607,0.070207,0.001610,neutron,pi+,solid
466,11.0,0.366473,0.454866,0.573075,3.437721,0.236215,AUT,0.0,0.006478,0.070207,0.001716,neutron,pi+,solid
467,11.0,0.413621,0.424088,0.572007,3.619208,0.252868,AUT,0.0,0.013579,0.070207,0.001830,neutron,pi+,solid
468,11.0,0.343725,0.477209,0.570922,3.371793,0.529787,AUT,0.0,0.014111,0.070207,0.001665,neutron,pi+,solid
469,11.0,0.354328,0.452586,0.619361,3.305154,0.280991,AUT,0.0,0.006539,0.070207,0.001711,neutron,pi+,solid
470,11.0,0.414390,0.440341,0.617654,3.765725,0.239725,AUT,0.0,0.026104,0.070207,0.001862,neutron,pi+,solid
471,11.0,0.313489,0.649757,0.323436,4.202249,0.127750,AUT,0.0,0.007522,0.070207,0.001525,neutron,pi+,solid
472,11.0,0.341931,0.630262,0.323624,4.448046,0.124874,AUT,0.0,0.007892,0.070207,0.001576,neutron,pi+,solid
473,11.0,0.367451,0.607461,0.323722,4.605573,0.121920,AUT,0.0,0.008173,0.070207,0.001623,neutron,pi+,solid
474,11.0,0.401495,0.550994,0.323777,4.561337,0.118935,AUT,0.0,0.008497,0.070207,0.001690,neutron,pi+,solid
475,11.0,0.454190,0.472453,0.323363,4.419892,0.131227,AUT,0.0,0.010306,0.070207,0.001807,neutron,pi+,solid
476,11.0,0.307852,0.656816,0.324306,4.172218,0.286496,AUT,0.0,0.011222,0.070207,0.001516,neutron,pi+,solid
477,11.0,0.333454,0.638905,0.324223,4.397245,0.286603,AUT,0.0,0.016977,0.070207,0.001561,neutron,pi+,solid
478,11.0,0.357720,0.623764,0.324231,4.604458,0.287441,AUT,0.0,0.024592,0.070207,0.001606,neutron,pi+,solid
479,11.0,0.393148,0.565069,0.324102,4.578921,0.289046,AUT,0.0,0.024543,0.070207,0.001673,neutron,pi+,solid
480,11.0,0.452996,0.469840,0.324303,4.382225,0.286175,AUT,0.0,0.013290,0.070207,0.001805,neutron,pi+,solid
481,11.0,0.508074,0.445510,0.324231,4.672560,0.285126,AUT,0.0,0.114050,0.070207,0.001957,neutron,pi+,solid
482,11.0,0.325114,0.644572,0.324273,4.321541,0.485204,AUT,0.0,0.023236,0.070207,0.001546,neutron,pi+,solid
483,11.0,0.394407,0.562089,0.324177,4.546394,0.485607,AUT,0.0,0.017335,0.070207,0.001676,neutron,pi+,solid
484,11.0,0.474638,0.446874,0.324183,4.376670,0.485577,AUT,0.0,0.076672,0.070207,0.001859,neutron,pi+,solid
485,11.0,0.361264,0.602479,0.324740,4.443163,0.698112,AUT,0.0,0.014304,0.070207,0.001611,neutron,pi+,solid
486,11.0,0.320239,0.644086,0.373429,4.254378,0.127247,AUT,0.0,0.007688,0.070207,0.001555,neutron,pi+,solid
487,11.0,0.358183,0.616610,0.373516,4.556651,0.125309,AUT,0.0,0.007960,0.070207,0.001626,neutron,pi+,solid
488,11.0,0.403050,0.549190,0.373681,4.559380,0.122729,AUT,0.0,0.008389,0.070207,0.001717,neutron,pi+,solid
489,11.0,0.461871,0.463782,0.373291,4.415835,0.136335,AUT,0.0,0.016410,0.070207,0.001856,neutron,pi+,solid
490,11.0,0.311046,0.653945,0.373974,4.196692,0.290022,AUT,0.0,0.009547,0.070207,0.001539,neutron,pi+,solid
491,11.0,0.341492,0.635180,0.374088,4.476870,0.287987,AUT,0.0,0.013317,0.070207,0.001595,neutron,pi+,solid
492,11.0,0.376033,0.595651,0.374140,4.617351,0.288454,AUT,0.0,0.021580,0.070207,0.001662,neutron,pi+,solid
493,11.0,0.438760,0.488489,0.374197,4.407669,0.287773,AUT,0.0,0.010660,0.070207,0.001798,neutron,pi+,solid
494,11.0,0.494795,0.441762,0.374159,4.512361,0.288215,AUT,0.0,0.049007,0.070207,0.001950,neutron,pi+,solid
495,11.0,0.330278,0.641316,0.374305,4.366767,0.485153,AUT,0.0,0.039417,0.070207,0.001574,neutron,pi+,solid
496,11.0,0.416637,0.528631,0.374301,4.502515,0.485264,AUT,0.0,0.020132,0.070207,0.001748,neutron,pi+,solid
497,11.0,0.358721,0.606056,0.374540,4.443270,0.721949,AUT,0.0,0.011938,0.070207,0.001627,neutron,pi+,solid
498,11.0,0.329528,0.637457,0.423124,4.331511,0.127046,AUT,0.0,0.007830,0.070207,0.001589,neutron,pi+,solid
499,11.0,0.386451,0.576011,0.423593,4.582716,0.125511,AUT,0.0,0.008241,0.070207,0.001703,neutron,pi+,solid
500,11.0,0.453003,0.475867,0.423399,4.440535,0.134917,AUT,0.0,0.015921,0.070207,0.001860,neutron,pi+,solid
501,11.0,0.316662,0.648992,0.423365,4.239381,0.293714,AUT,0.0,0.008886,0.070207,0.001565,neutron,pi+,solid
502,11.0,0.356001,0.622532,0.423830,4.571850,0.289501,AUT,0.0,0.013109,0.070207,0.001641,neutron,pi+,solid
503,11.0,0.415980,0.524716,0.424129,4.485096,0.289347,AUT,0.0,0.010721,0.070207,0.001768,neutron,pi+,solid
504,11.0,0.479811,0.443182,0.424002,4.388915,0.292893,AUT,0.0,0.027568,0.070207,0.001935,neutron,pi+,solid
505,11.0,0.338094,0.633556,0.423903,4.411550,0.485980,AUT,0.0,0.048241,0.070207,0.001606,neutron,pi+,solid
506,11.0,0.430626,0.505257,0.424227,4.461929,0.484907,AUT,0.0,0.026186,0.070207,0.001804,neutron,pi+,solid
507,11.0,0.356962,0.608996,0.424200,4.447353,0.733171,AUT,0.0,0.013948,0.070207,0.001642,neutron,pi+,solid
508,11.0,0.373522,0.581106,0.470540,4.458312,0.127186,AUT,0.0,0.008211,0.070207,0.001694,neutron,pi+,solid
509,11.0,0.457158,0.471288,0.473328,4.440270,0.138174,AUT,0.0,0.022586,0.070207,0.001898,neutron,pi+,solid
510,11.0,0.358513,0.599757,0.469135,4.425641,0.290207,AUT,0.0,0.012331,0.070207,0.001662,neutron,pi+,solid
511,11.0,0.444381,0.483247,0.473974,4.414551,0.293974,AUT,0.0,0.011329,0.070207,0.001864,neutron,pi+,solid
512,11.0,0.377982,0.573408,0.470764,4.438009,0.541690,AUT,0.0,0.023013,0.070207,0.001704,neutron,pi+,solid
513,11.0,0.471559,0.453324,0.473167,4.410660,0.479623,AUT,0.0,0.066473,0.070207,0.001939,neutron,pi+,solid
514,11.0,0.420260,0.507271,0.520909,4.376066,0.231610,AUT,0.0,0.008932,0.070207,0.001826,neutron,pi+,solid
515,11.0,0.491352,0.442848,0.522832,4.491900,0.266389,AUT,0.0,0.061230,0.070207,0.002037,neutron,pi+,solid
516,11.0,0.416894,0.513773,0.520184,4.399033,0.528509,AUT,0.0,0.027782,0.070207,0.001817,neutron,pi+,solid
517,11.0,0.433238,0.476693,0.570817,4.253046,0.293470,AUT,0.0,0.012961,0.070207,0.001889,neutron,pi+,solid
518,11.0,0.390315,0.649562,0.323629,5.230385,0.124916,AUT,0.0,0.010125,0.070207,0.001670,neutron,pi+,solid
519,11.0,0.423871,0.621119,0.323714,5.433187,0.121312,AUT,0.0,0.010647,0.070207,0.001741,neutron,pi+,solid
520,11.0,0.454487,0.585680,0.323784,5.492097,0.118957,AUT,0.0,0.011243,0.070207,0.001813,neutron,pi+,solid
521,11.0,0.505188,0.536139,0.323546,5.581852,0.123857,AUT,0.0,0.011648,0.070207,0.001952,neutron,pi+,solid
522,11.0,0.388346,0.653069,0.324360,5.232221,0.286558,AUT,0.0,0.025551,0.070207,0.001666,neutron,pi+,solid
523,11.0,0.425136,0.621996,0.324201,5.456422,0.288343,AUT,0.0,0.039587,0.070207,0.001744,neutron,pi+,solid
524,11.0,0.464392,0.573626,0.324209,5.494117,0.288586,AUT,0.0,0.025416,0.070207,0.001838,neutron,pi+,solid
525,11.0,0.520426,0.521255,0.324304,5.594110,0.286120,AUT,0.0,0.020636,0.070207,0.002001,neutron,pi+,solid
526,11.0,0.411559,0.631887,0.324320,5.357432,0.484793,AUT,0.0,0.029837,0.070207,0.001715,neutron,pi+,solid
527,11.0,0.492373,0.546901,0.324276,5.542695,0.484839,AUT,0.0,0.038262,0.070207,0.001915,neutron,pi+,solid
528,11.0,0.433561,0.608864,0.324588,5.416274,0.701106,AUT,0.0,0.024086,0.070207,0.001765,neutron,pi+,solid
529,11.0,0.397806,0.642724,0.373445,5.273237,0.125943,AUT,0.0,0.010279,0.070207,0.001709,neutron,pi+,solid
530,11.0,0.441207,0.601389,0.373670,5.473427,0.123085,AUT,0.0,0.010832,0.070207,0.001809,neutron,pi+,solid
531,11.0,0.497479,0.543562,0.373500,5.570746,0.124668,AUT,0.0,0.012578,0.070207,0.001965,neutron,pi+,solid
532,11.0,0.392707,0.649564,0.374081,5.261802,0.287428,AUT,0.0,0.018705,0.070207,0.001698,neutron,pi+,solid
533,11.0,0.436754,0.608208,0.374179,5.478897,0.288696,AUT,0.0,0.027510,0.070207,0.001798,neutron,pi+,solid
534,11.0,0.498266,0.540165,0.374173,5.543594,0.287776,AUT,0.0,0.014338,0.070207,0.001968,neutron,pi+,solid
535,11.0,0.564662,0.502769,0.374082,5.860179,0.288917,AUT,0.0,0.111337,0.070207,0.002207,neutron,pi+,solid
536,11.0,0.419658,0.622897,0.374272,5.379281,0.485251,AUT,0.0,0.038161,0.070207,0.001758,neutron,pi+,solid
537,11.0,0.505866,0.533990,0.374292,5.566000,0.484793,AUT,0.0,0.053443,0.070207,0.001992,neutron,pi+,solid
538,11.0,0.431896,0.610841,0.374455,5.414441,0.714603,AUT,0.0,0.022896,0.070207,0.001788,neutron,pi+,solid
539,11.0,0.408172,0.632972,0.423193,5.326035,0.127045,AUT,0.0,0.010388,0.070207,0.001755,neutron,pi+,solid
540,11.0,0.477812,0.563039,0.423504,5.535979,0.125213,AUT,0.0,0.011483,0.070207,0.001938,neutron,pi+,solid
541,11.0,0.569532,0.503452,0.423286,5.918730,0.140621,AUT,0.0,0.336789,0.070207,0.002274,neutron,pi+,solid
542,11.0,0.399569,0.643544,0.423561,5.302737,0.289471,AUT,0.0,0.016389,0.070207,0.001735,neutron,pi+,solid
543,11.0,0.457033,0.582978,0.424048,5.490550,0.288748,AUT,0.0,0.017153,0.070207,0.001877,neutron,pi+,solid
544,11.0,0.522534,0.519763,0.424080,5.601424,0.291223,AUT,0.0,0.020869,0.070207,0.002084,neutron,pi+,solid
545,11.0,0.432002,0.609098,0.424019,5.402707,0.486408,AUT,0.0,0.037876,0.070207,0.001813,neutron,pi+,solid
546,11.0,0.529320,0.515274,0.424131,5.627181,0.482259,AUT,0.0,0.087599,0.070207,0.002109,neutron,pi+,solid
547,11.0,0.430563,0.612094,0.424096,5.411101,0.717532,AUT,0.0,0.029835,0.070207,0.001810,neutron,pi+,solid
548,11.0,0.455733,0.578543,0.470977,5.417497,0.126696,AUT,0.0,0.011281,0.070207,0.001902,neutron,pi+,solid
549,11.0,0.557605,0.503874,0.473168,5.799560,0.140822,AUT,0.0,0.136055,0.070207,0.002267,neutron,pi+,solid
550,11.0,0.444530,0.587534,0.470701,5.375093,0.289515,AUT,0.0,0.015412,0.070207,0.001869,neutron,pi+,solid
551,11.0,0.523384,0.519047,0.473869,5.603082,0.295302,AUT,0.0,0.023718,0.070207,0.002125,neutron,pi+,solid
552,11.0,0.456493,0.577860,0.471179,5.416788,0.546011,AUT,0.0,0.029357,0.070207,0.001904,neutron,pi+,solid
553,11.0,0.482975,0.541947,0.519821,5.392130,0.286466,AUT,0.0,0.012695,0.070207,0.002016,neutron,pi+,solid
554,11.0,0.552149,0.505144,0.522231,5.757154,0.266397,AUT,0.0,0.062920,0.070207,0.002291,neutron,pi+,solid
555,11.0,0.482383,0.640151,0.323736,6.366719,0.121800,AUT,0.0,0.011552,0.070207,0.001889,neutron,pi+,solid
556,11.0,0.559561,0.594353,0.323631,6.860451,0.121401,AUT,0.0,0.012992,0.070207,0.002144,neutron,pi+,solid
557,11.0,0.487483,0.637202,0.324285,6.401592,0.288369,AUT,0.0,0.037959,0.070207,0.001904,neutron,pi+,solid
558,11.0,0.568400,0.586029,0.324265,6.873427,0.286986,AUT,0.0,0.023247,0.070207,0.002179,neutron,pi+,solid
559,11.0,0.518190,0.618352,0.324247,6.589038,0.528044,AUT,0.0,0.022693,0.070207,0.002000,neutron,pi+,solid
560,11.0,0.635291,0.597826,0.324070,7.839759,0.480923,AUT,0.0,0.810601,0.070207,0.002492,neutron,pi+,solid
561,11.0,0.496278,0.630524,0.373557,6.446948,0.124351,AUT,0.0,0.011778,0.070207,0.001965,neutron,pi+,solid
562,11.0,0.576987,0.588022,0.373489,7.003192,0.123602,AUT,0.0,0.020754,0.070207,0.002265,neutron,pi+,solid
563,11.0,0.496562,0.630312,0.374107,6.445900,0.287972,AUT,0.0,0.024758,0.070207,0.001967,neutron,pi+,solid
564,11.0,0.579410,0.581481,0.374109,6.955270,0.287722,AUT,0.0,0.024343,0.070207,0.002276,neutron,pi+,solid
565,11.0,0.516942,0.619593,0.374260,6.586171,0.538150,AUT,0.0,0.029784,0.070207,0.002035,neutron,pi+,solid
566,11.0,0.480359,0.641284,0.423398,6.351735,0.211622,AUT,0.0,0.013510,0.070207,0.001949,neutron,pi+,solid
567,11.0,0.550436,0.594142,0.423734,6.745028,0.214121,AUT,0.0,0.013905,0.070207,0.002198,neutron,pi+,solid
568,11.0,0.610352,0.589221,0.423745,7.424420,0.218462,AUT,0.0,0.040063,0.070207,0.002486,neutron,pi+,solid
569,11.0,0.516487,0.619647,0.423940,6.581903,0.538294,AUT,0.0,0.038762,0.070207,0.002071,neutron,pi+,solid
570,11.0,0.525024,0.596255,0.469570,6.449004,0.275240,AUT,0.0,0.014373,0.070207,0.002135,neutron,pi+,solid
571,11.0,0.597758,0.580236,0.471893,7.161933,0.269582,AUT,0.0,0.031343,0.070207,0.002474,neutron,pi+,solid
572,11.0,0.556675,0.557184,0.516555,6.398854,0.277747,AUT,0.0,0.027232,0.070207,0.002312,neutron,pi+,solid
573,8.8,0.106085,0.646119,0.322937,1.126053,0.152197,AUT,0.0,0.002270,0.070207,0.001733,neutron,pi+,solid
574,8.8,0.126560,0.577137,0.323487,1.205336,0.136711,AUT,0.0,0.002259,0.070207,0.001783,neutron,pi+,solid
575,8.8,0.141193,0.548291,0.324235,1.278028,0.128723,AUT,0.0,0.002406,0.070207,0.001822,neutron,pi+,solid
576,8.8,0.155579,0.535586,0.325029,1.375857,0.123775,AUT,0.0,0.002600,0.070207,0.001861,neutron,pi+,solid
577,8.8,0.171859,0.528412,0.325218,1.499432,0.120087,AUT,0.0,0.002734,0.070207,0.001906,neutron,pi+,solid
578,8.8,0.191965,0.516255,0.325476,1.635926,0.115478,AUT,0.0,0.002984,0.070207,0.001963,neutron,pi+,solid
579,8.8,0.225938,0.478456,0.326887,1.780236,0.110528,AUT,0.0,0.003209,0.070207,0.002058,neutron,pi+,solid
580,8.8,0.277465,0.421549,0.337566,1.930617,0.119237,AUT,0.0,0.015467,0.070207,0.002203,neutron,pi+,solid
581,8.8,0.086785,0.745041,0.323176,1.065832,0.310090,AUT,0.0,0.002196,0.070207,0.001688,neutron,pi+,solid
582,8.8,0.098744,0.691276,0.323740,1.126677,0.300631,AUT,0.0,0.002348,0.070207,0.001715,neutron,pi+,solid
583,8.8,0.108232,0.657375,0.323998,1.174558,0.295012,AUT,0.0,0.002588,0.070207,0.001738,neutron,pi+,solid
584,8.8,0.117219,0.630981,0.324125,1.221102,0.292124,AUT,0.0,0.002997,0.070207,0.001760,neutron,pi+,solid
585,8.8,0.126292,0.607175,0.324150,1.265987,0.291312,AUT,0.0,0.003504,0.070207,0.001782,neutron,pi+,solid
586,8.8,0.135907,0.584790,0.324256,1.312162,0.290790,AUT,0.0,0.004081,0.070207,0.001808,neutron,pi+,solid
587,8.8,0.146589,0.566317,0.324858,1.370652,0.290601,AUT,0.0,0.004709,0.070207,0.001836,neutron,pi+,solid
588,8.8,0.159674,0.551642,0.325195,1.454289,0.290697,AUT,0.0,0.005560,0.070207,0.001872,neutron,pi+,solid
589,8.8,0.176864,0.536552,0.325371,1.566574,0.291316,AUT,0.0,0.006980,0.070207,0.001921,neutron,pi+,solid
590,8.8,0.202548,0.508211,0.325827,1.697637,0.292210,AUT,0.0,0.007731,0.070207,0.001993,neutron,pi+,solid
591,8.8,0.242356,0.459083,0.328714,1.833144,0.292429,AUT,0.0,0.011456,0.070207,0.002104,neutron,pi+,solid
592,8.8,0.089130,0.738240,0.324693,1.083468,0.481803,AUT,0.0,0.002243,0.070207,0.001693,neutron,pi+,solid
593,8.8,0.107322,0.663419,0.324581,1.174404,0.483288,AUT,0.0,0.002239,0.070207,0.001736,neutron,pi+,solid
594,8.8,0.123637,0.612028,0.324625,1.248536,0.482693,AUT,0.0,0.002404,0.070207,0.001776,neutron,pi+,solid
595,8.8,0.141274,0.570896,0.325005,1.330971,0.481910,AUT,0.0,0.002744,0.070207,0.001822,neutron,pi+,solid
596,8.8,0.163678,0.543672,0.325575,1.468662,0.483691,AUT,0.0,0.003259,0.070207,0.001883,neutron,pi+,solid
597,8.8,0.199267,0.509329,0.326083,1.671832,0.486728,AUT,0.0,0.004498,0.070207,0.001983,neutron,pi+,solid
598,8.8,0.248945,0.451370,0.329804,1.852237,0.489254,AUT,0.0,0.018692,0.070207,0.002122,neutron,pi+,solid
599,8.8,0.132899,0.650870,0.330942,1.381955,0.638495,AUT,0.0,0.009659,0.070207,0.001800,neutron,pi+,solid
600,8.8,0.113238,0.616213,0.373096,1.145561,0.147520,AUT,0.0,0.002262,0.070207,0.001759,neutron,pi+,solid
601,8.8,0.137530,0.546681,0.373631,1.240519,0.130751,AUT,0.0,0.002367,0.070207,0.001823,neutron,pi+,solid
602,8.8,0.155526,0.513963,0.373866,1.319381,0.122611,AUT,0.0,0.002576,0.070207,0.001873,neutron,pi+,solid
603,8.8,0.173142,0.495927,0.374540,1.417686,0.118393,AUT,0.0,0.002743,0.070207,0.001924,neutron,pi+,solid
604,8.8,0.193550,0.484352,0.374768,1.547504,0.115952,AUT,0.0,0.002855,0.070207,0.001982,neutron,pi+,solid
605,8.8,0.224749,0.452232,0.375129,1.675578,0.114294,AUT,0.0,0.002874,0.070207,0.002071,neutron,pi+,solid
606,8.8,0.268827,0.411875,0.375228,1.826438,0.122986,AUT,0.0,0.005336,0.070207,0.002193,neutron,pi+,solid
607,8.8,0.090615,0.725115,0.373245,1.082152,0.312146,AUT,0.0,0.002147,0.070207,0.001704,neutron,pi+,solid
608,8.8,0.105482,0.663224,0.373758,1.154556,0.301779,AUT,0.0,0.002341,0.070207,0.001739,neutron,pi+,solid
609,8.8,0.117129,0.627703,0.373979,1.213641,0.296112,AUT,0.0,0.002624,0.070207,0.001769,neutron,pi+,solid
610,8.8,0.128724,0.599178,0.374077,1.273217,0.293357,AUT,0.0,0.003177,0.070207,0.001799,neutron,pi+,solid
611,8.8,0.141091,0.571532,0.374130,1.331119,0.291698,AUT,0.0,0.003856,0.070207,0.001833,neutron,pi+,solid
612,8.8,0.155107,0.542230,0.374192,1.388199,0.291118,AUT,0.0,0.004760,0.070207,0.001872,neutron,pi+,solid
613,8.8,0.171653,0.515895,0.374697,1.461832,0.290926,AUT,0.0,0.005902,0.070207,0.001920,neutron,pi+,solid
614,8.8,0.193410,0.491825,0.374954,1.569616,0.291665,AUT,0.0,0.007328,0.070207,0.001982,neutron,pi+,solid
615,8.8,0.234661,0.441540,0.375520,1.704660,0.292226,AUT,0.0,0.006745,0.070207,0.002098,neutron,pi+,solid
616,8.8,0.292930,0.396273,0.375337,1.916558,0.290517,AUT,0.0,0.040116,0.070207,0.002260,neutron,pi+,solid
617,8.8,0.090357,0.733016,0.374361,1.090277,0.487518,AUT,0.0,0.002466,0.070207,0.001703,neutron,pi+,solid
618,8.8,0.110383,0.653393,0.374303,1.189378,0.489427,AUT,0.0,0.002680,0.070207,0.001752,neutron,pi+,solid
619,8.8,0.130086,0.591718,0.374105,1.269406,0.491393,AUT,0.0,0.002474,0.070207,0.001803,neutron,pi+,solid
620,8.8,0.152684,0.536793,0.374155,1.351696,0.491667,AUT,0.0,0.002586,0.070207,0.001865,neutron,pi+,solid
621,8.8,0.180406,0.496261,0.374857,1.477069,0.492456,AUT,0.0,0.003073,0.070207,0.001945,neutron,pi+,solid
622,8.8,0.229484,0.445358,0.375186,1.678612,0.494365,AUT,0.0,0.005390,0.070207,0.002082,neutron,pi+,solid
623,8.8,0.117443,0.653778,0.376944,1.246306,0.661422,AUT,0.0,0.003443,0.070207,0.001770,neutron,pi+,solid
624,8.8,0.197009,0.516360,0.377941,1.660954,0.651538,AUT,0.0,0.018399,0.070207,0.001990,neutron,pi+,solid
625,8.8,0.120996,0.587930,0.423287,1.167079,0.142286,AUT,0.0,0.002266,0.070207,0.001786,neutron,pi+,solid
626,8.8,0.149969,0.518458,0.423740,1.282639,0.125715,AUT,0.0,0.002476,0.070207,0.001867,neutron,pi+,solid
627,8.8,0.172780,0.483698,0.423895,1.379177,0.119687,AUT,0.0,0.002637,0.070207,0.001934,neutron,pi+,solid
628,8.8,0.197297,0.463141,0.423992,1.508293,0.118328,AUT,0.0,0.002725,0.070207,0.002006,neutron,pi+,solid
629,8.8,0.239072,0.430156,0.423810,1.693023,0.121196,AUT,0.0,0.002833,0.070207,0.002125,neutron,pi+,solid
630,8.8,0.094986,0.703281,0.423333,1.098979,0.313001,AUT,0.0,0.002156,0.070207,0.001720,neutron,pi+,solid
631,8.8,0.113358,0.633876,0.423822,1.185659,0.301775,AUT,0.0,0.002352,0.070207,0.001766,neutron,pi+,solid
632,8.8,0.128215,0.596810,0.424006,1.262964,0.296502,AUT,0.0,0.002816,0.070207,0.001806,neutron,pi+,solid
633,8.8,0.143888,0.563755,0.424064,1.338790,0.293676,AUT,0.0,0.003485,0.070207,0.001850,neutron,pi+,solid
634,8.8,0.161642,0.527820,0.424118,1.407923,0.291883,AUT,0.0,0.004630,0.070207,0.001901,neutron,pi+,solid
635,8.8,0.182367,0.490257,0.424204,1.475361,0.291669,AUT,0.0,0.005938,0.070207,0.001962,neutron,pi+,solid
636,8.8,0.212730,0.452323,0.424192,1.586230,0.292169,AUT,0.0,0.006729,0.070207,0.002050,neutron,pi+,solid
637,8.8,0.259618,0.412647,0.424195,1.766545,0.291194,AUT,0.0,0.009288,0.070207,0.002184,neutron,pi+,solid
638,8.8,0.092844,0.721539,0.424093,1.101985,0.490082,AUT,0.0,0.002603,0.070207,0.001714,neutron,pi+,solid
639,8.8,0.116328,0.635335,0.424232,1.218215,0.488947,AUT,0.0,0.003602,0.070207,0.001774,neutron,pi+,solid
640,8.8,0.141393,0.563919,0.424085,1.313987,0.491699,AUT,0.0,0.003298,0.070207,0.001843,neutron,pi+,solid
641,8.8,0.171830,0.496124,0.424031,1.404902,0.493336,AUT,0.0,0.003042,0.070207,0.001931,neutron,pi+,solid
642,8.8,0.220880,0.441670,0.423881,1.602953,0.492336,AUT,0.0,0.004456,0.070207,0.002071,neutron,pi+,solid
643,8.8,0.302867,0.391491,0.423264,1.957948,0.479978,AUT,0.0,0.205145,0.070207,0.002306,neutron,pi+,solid
644,8.8,0.109179,0.664544,0.425316,1.182701,0.675503,AUT,0.0,0.002376,0.070207,0.001756,neutron,pi+,solid
645,8.8,0.179537,0.518472,0.425398,1.518064,0.668763,AUT,0.0,0.005772,0.070207,0.001950,neutron,pi+,solid
646,8.8,0.129052,0.562436,0.473456,1.189632,0.137598,AUT,0.0,0.002278,0.070207,0.001815,neutron,pi+,solid
647,8.8,0.163921,0.492653,0.473805,1.331877,0.122904,AUT,0.0,0.002576,0.070207,0.001917,neutron,pi+,solid
648,8.8,0.194836,0.462598,0.473879,1.487412,0.121015,AUT,0.0,0.002660,0.070207,0.002009,neutron,pi+,solid
649,8.8,0.239934,0.429769,0.473780,1.697968,0.124165,AUT,0.0,0.003362,0.070207,0.002142,neutron,pi+,solid
650,8.8,0.100971,0.674866,0.472982,1.120045,0.312323,AUT,0.0,0.002175,0.070207,0.001740,neutron,pi+,solid
651,8.8,0.123180,0.603489,0.473867,1.226410,0.300809,AUT,0.0,0.002489,0.070207,0.001799,neutron,pi+,solid
652,8.8,0.142898,0.562743,0.474053,1.326817,0.296106,AUT,0.0,0.003106,0.070207,0.001855,neutron,pi+,solid
653,8.8,0.165174,0.520231,0.474090,1.417480,0.293416,AUT,0.0,0.004277,0.070207,0.001921,neutron,pi+,solid
654,8.8,0.193172,0.475147,0.474191,1.513652,0.292047,AUT,0.0,0.005758,0.070207,0.002005,neutron,pi+,solid
655,8.8,0.240885,0.425932,0.474234,1.688810,0.291214,AUT,0.0,0.005685,0.070207,0.002144,neutron,pi+,solid
656,8.8,0.098037,0.698065,0.473216,1.125088,0.491319,AUT,0.0,0.002605,0.070207,0.001732,neutron,pi+,solid
657,8.8,0.127088,0.605804,0.474288,1.267817,0.488314,AUT,0.0,0.004506,0.070207,0.001810,neutron,pi+,solid
658,8.8,0.161982,0.519624,0.474129,1.385267,0.491208,AUT,0.0,0.004317,0.070207,0.001911,neutron,pi+,solid
659,8.8,0.215541,0.450625,0.473859,1.594514,0.488073,AUT,0.0,0.005313,0.070207,0.002069,neutron,pi+,solid
660,8.8,0.112342,0.648887,0.474021,1.187710,0.684540,AUT,0.0,0.002295,0.070207,0.001770,neutron,pi+,solid
661,8.8,0.177978,0.513424,0.474068,1.497412,0.679876,AUT,0.0,0.004202,0.070207,0.001956,neutron,pi+,solid
662,8.8,0.132579,0.634273,0.476839,1.356794,0.863254,AUT,0.0,0.008893,0.070207,0.001825,neutron,pi+,solid
663,8.8,0.137554,0.538587,0.523504,1.213319,0.133466,AUT,0.0,0.002347,0.070207,0.001847,neutron,pi+,solid
664,8.8,0.180808,0.471529,0.523860,1.406012,0.122787,AUT,0.0,0.002602,0.070207,0.001978,neutron,pi+,solid
665,8.8,0.229940,0.438360,0.523801,1.658582,0.125093,AUT,0.0,0.003232,0.070207,0.002127,neutron,pi+,solid
666,8.8,0.111529,0.624366,0.522287,1.145029,0.307789,AUT,0.0,0.002267,0.070207,0.001773,neutron,pi+,solid
667,8.8,0.139362,0.563677,0.523777,1.295596,0.298379,AUT,0.0,0.002812,0.070207,0.001853,neutron,pi+,solid
668,8.8,0.167691,0.513207,0.524091,1.418737,0.294600,AUT,0.0,0.003924,0.070207,0.001939,neutron,pi+,solid
669,8.8,0.206767,0.458295,0.524184,1.560111,0.291934,AUT,0.0,0.005038,0.070207,0.002058,neutron,pi+,solid
670,8.8,0.262247,0.410357,0.524183,1.774960,0.289867,AUT,0.0,0.007743,0.070207,0.002224,neutron,pi+,solid
671,8.8,0.111573,0.637375,0.522212,1.168578,0.489357,AUT,0.0,0.003215,0.070207,0.001774,neutron,pi+,solid
672,8.8,0.151475,0.545162,0.524165,1.357767,0.489595,AUT,0.0,0.005743,0.070207,0.001889,neutron,pi+,solid
673,8.8,0.207683,0.466433,0.523649,1.589654,0.485187,AUT,0.0,0.006746,0.070207,0.002059,neutron,pi+,solid
674,8.8,0.130657,0.589584,0.523056,1.254112,0.688919,AUT,0.0,0.002548,0.070207,0.001827,neutron,pi+,solid
675,8.8,0.196802,0.509098,0.523115,1.649452,0.679916,AUT,0.0,0.007582,0.070207,0.002028,neutron,pi+,solid
676,8.8,0.136546,0.610942,0.524460,1.362103,0.879211,AUT,0.0,0.006940,0.070207,0.001844,neutron,pi+,solid
677,8.8,0.149490,0.507858,0.573356,1.242813,0.128897,AUT,0.0,0.002411,0.070207,0.001892,neutron,pi+,solid
678,8.8,0.211885,0.448695,0.573778,1.563106,0.125642,AUT,0.0,0.002735,0.070207,0.002086,neutron,pi+,solid
679,8.8,0.125264,0.569422,0.572458,1.172427,0.302981,AUT,0.0,0.002490,0.070207,0.001820,neutron,pi+,solid
680,8.8,0.164297,0.510651,0.573535,1.382598,0.295437,AUT,0.0,0.003662,0.070207,0.001940,neutron,pi+,solid
681,8.8,0.217255,0.451525,0.573578,1.609717,0.289097,AUT,0.0,0.003933,0.070207,0.002104,neutron,pi+,solid
682,8.8,0.131041,0.566983,0.572505,1.217334,0.489056,AUT,0.0,0.005123,0.070207,0.001837,neutron,pi+,solid
683,8.8,0.193445,0.492618,0.573223,1.564863,0.484952,AUT,0.0,0.008693,0.070207,0.002030,neutron,pi+,solid
684,8.8,0.144723,0.565875,0.572308,1.341442,0.734817,AUT,0.0,0.002852,0.070207,0.001877,neutron,pi+,solid
685,8.8,0.228732,0.496874,0.570494,1.875327,0.656447,AUT,0.0,0.053253,0.070207,0.002146,neutron,pi+,solid
686,8.8,0.165080,0.480479,0.623036,1.300095,0.126560,AUT,0.0,0.002511,0.070207,0.001953,neutron,pi+,solid
687,8.8,0.231357,0.446913,0.622412,1.703245,0.124779,AUT,0.0,0.005137,0.070207,0.002170,neutron,pi+,solid
688,8.8,0.142727,0.518616,0.622624,1.214546,0.298336,AUT,0.0,0.002974,0.070207,0.001883,neutron,pi+,solid
689,8.8,0.204599,0.472854,0.622343,1.591403,0.288049,AUT,0.0,0.004578,0.070207,0.002082,neutron,pi+,solid
690,8.8,0.143605,0.531411,0.621843,1.253606,0.545721,AUT,0.0,0.006972,0.070207,0.001886,neutron,pi+,solid
691,8.8,0.205237,0.507658,0.621386,1.716732,0.515850,AUT,0.0,0.017405,0.070207,0.002089,neutron,pi+,solid
692,8.8,0.150882,0.488920,0.671765,1.213304,0.225296,AUT,0.0,0.002792,0.070207,0.001922,neutron,pi+,solid
693,8.8,0.208217,0.480250,0.670563,1.650093,0.201721,AUT,0.0,0.004206,0.070207,0.002116,neutron,pi+,solid
694,8.8,0.154554,0.517357,0.668754,1.318343,0.511838,AUT,0.0,0.019009,0.070207,0.001933,neutron,pi+,solid
695,8.8,0.239610,0.544018,0.323918,2.143265,0.114448,AUT,0.0,0.004123,0.070207,0.002096,neutron,pi+,solid
696,8.8,0.297624,0.490260,0.325731,2.406209,0.114832,AUT,0.0,0.003995,0.070207,0.002253,neutron,pi+,solid
697,8.8,0.357048,0.453493,0.327713,2.673051,0.127251,AUT,0.0,0.011429,0.070207,0.002414,neutron,pi+,solid
698,8.8,0.243978,0.539459,0.324197,2.161340,0.291444,AUT,0.0,0.011863,0.070207,0.002108,neutron,pi+,solid
699,8.8,0.313824,0.479338,0.326822,2.477105,0.291222,AUT,0.0,0.010662,0.070207,0.002295,neutron,pi+,solid
700,8.8,0.267185,0.517001,0.324931,2.260910,0.492423,AUT,0.0,0.006727,0.070207,0.002168,neutron,pi+,solid
701,8.8,0.353622,0.453635,0.327840,2.648065,0.493441,AUT,0.0,0.042377,0.070207,0.002404,neutron,pi+,solid
702,8.8,0.248619,0.532693,0.373839,2.175151,0.116984,AUT,0.0,0.003918,0.070207,0.002140,neutron,pi+,solid
703,8.8,0.316445,0.468911,0.373656,2.444675,0.124143,AUT,0.0,0.004347,0.070207,0.002326,neutron,pi+,solid
704,8.8,0.252425,0.529528,0.374072,2.191724,0.291285,AUT,0.0,0.011359,0.070207,0.002150,neutron,pi+,solid
705,8.8,0.324666,0.459937,0.374318,2.461722,0.289884,AUT,0.0,0.010234,0.070207,0.002349,neutron,pi+,solid
706,8.8,0.262431,0.518887,0.374384,2.229767,0.540022,AUT,0.0,0.005251,0.070207,0.002177,neutron,pi+,solid
707,8.8,0.336510,0.454492,0.373853,2.524187,0.515420,AUT,0.0,0.021573,0.070207,0.002382,neutron,pi+,solid
708,8.8,0.259420,0.521942,0.423790,2.221077,0.120525,AUT,0.0,0.003819,0.070207,0.002187,neutron,pi+,solid
709,8.8,0.329610,0.459308,0.423550,2.497300,0.130367,AUT,0.0,0.007007,0.070207,0.002385,neutron,pi+,solid
710,8.8,0.261789,0.519177,0.424135,2.224385,0.290735,AUT,0.0,0.008721,0.070207,0.002192,neutron,pi+,solid
711,8.8,0.337244,0.450467,0.424229,2.507521,0.288161,AUT,0.0,0.010883,0.070207,0.002407,neutron,pi+,solid
712,8.8,0.272565,0.510469,0.424072,2.272415,0.544357,AUT,0.0,0.005529,0.070207,0.002221,neutron,pi+,solid
713,8.8,0.370642,0.447384,0.423406,2.738326,0.483514,AUT,0.0,0.103349,0.070207,0.002507,neutron,pi+,solid
714,8.8,0.242680,0.540220,0.473966,2.154123,0.207165,AUT,0.0,0.004680,0.070207,0.002156,neutron,pi+,solid
715,8.8,0.306136,0.473900,0.473963,2.390437,0.214535,AUT,0.0,0.004262,0.070207,0.002339,neutron,pi+,solid
716,8.8,0.365848,0.446594,0.473876,2.698107,0.234754,AUT,0.0,0.017641,0.070207,0.002518,neutron,pi+,solid
717,8.8,0.271268,0.514887,0.474005,2.279970,0.551962,AUT,0.0,0.006556,0.070207,0.002235,neutron,pi+,solid
718,8.8,0.252148,0.529143,0.523893,2.189360,0.211930,AUT,0.0,0.004421,0.070207,0.002201,neutron,pi+,solid
719,8.8,0.321973,0.463618,0.523852,2.460438,0.226587,AUT,0.0,0.005443,0.070207,0.002409,neutron,pi+,solid
720,8.8,0.266650,0.521399,0.523662,2.272517,0.546373,AUT,0.0,0.009289,0.070207,0.002241,neutron,pi+,solid
721,8.8,0.263264,0.517756,0.573837,2.232915,0.218019,AUT,0.0,0.004224,0.070207,0.002254,neutron,pi+,solid
722,8.8,0.336283,0.457197,0.572442,2.537502,0.226891,AUT,0.0,0.009458,0.070207,0.002481,neutron,pi+,solid
723,8.8,0.258901,0.533279,0.573081,2.262924,0.537384,AUT,0.0,0.014800,0.070207,0.002240,neutron,pi+,solid
724,8.8,0.266249,0.519919,0.622072,2.270676,0.282967,AUT,0.0,0.004536,0.070207,0.002288,neutron,pi+,solid
725,8.8,0.369351,0.461809,0.610518,2.816612,0.164770,AUT,0.0,0.114658,0.070207,0.002620,neutron,pi+,solid
726,8.8,0.262003,0.517347,0.668716,2.233127,0.237392,AUT,0.0,0.007566,0.070207,0.002302,neutron,pi+,solid
727,8.8,0.366684,0.559221,0.323783,3.378700,0.114788,AUT,0.0,0.006494,0.070207,0.002444,neutron,pi+,solid
728,8.8,0.438143,0.517989,0.323706,3.746779,0.125985,AUT,0.0,0.016977,0.070207,0.002669,neutron,pi+,solid
729,8.8,0.357559,0.563078,0.323955,3.319428,0.362416,AUT,0.0,0.009831,0.070207,0.002418,neutron,pi+,solid
730,8.8,0.423780,0.526208,0.324065,3.679440,0.358786,AUT,0.0,0.017815,0.070207,0.002620,neutron,pi+,solid
731,8.8,0.352490,0.565850,0.374000,3.289418,0.196403,AUT,0.0,0.007861,0.070207,0.002433,neutron,pi+,solid
732,8.8,0.417128,0.531472,0.373899,3.656843,0.206742,AUT,0.0,0.009212,0.070207,0.002635,neutron,pi+,solid
733,8.8,0.374877,0.554510,0.374104,3.420821,0.540930,AUT,0.0,0.014387,0.070207,0.002500,neutron,pi+,solid
734,8.8,0.362038,0.561337,0.423867,3.349797,0.202590,AUT,0.0,0.007429,0.070207,0.002488,neutron,pi+,solid
735,8.8,0.430092,0.522772,0.423899,3.710811,0.217792,AUT,0.0,0.013868,0.070207,0.002716,neutron,pi+,solid
736,8.8,0.373103,0.555939,0.424068,3.413680,0.540977,AUT,0.0,0.017942,0.070207,0.002523,neutron,pi+,solid
737,8.8,0.363257,0.560762,0.474029,3.357303,0.268417,AUT,0.0,0.007786,0.070207,0.002519,neutron,pi+,solid
738,8.8,0.431725,0.522041,0.473752,3.720009,0.276969,AUT,0.0,0.015961,0.070207,0.002757,neutron,pi+,solid
739,8.8,0.372334,0.556284,0.523767,3.409697,0.295287,AUT,0.0,0.007600,0.070207,0.002579,neutron,pi+,solid
740,8.8,0.458126,0.511413,0.522937,3.868911,0.253853,AUT,0.0,0.060965,0.070207,0.002909,neutron,pi+,solid
741,8.8,0.370826,0.558117,0.573284,3.407628,0.283484,AUT,0.0,0.008661,0.070207,0.002609,neutron,pi+,solid
742,8.8,0.364180,0.562347,0.620623,3.376310,0.258342,AUT,0.0,0.011572,0.070207,0.002623,neutron,pi+,solid
743,8.8,0.461185,0.568389,0.323840,4.325154,0.251881,AUT,0.0,0.011010,0.070207,0.002758,neutron,pi+,solid
744,8.8,0.517458,0.569112,0.323759,4.863128,0.254720,AUT,0.0,0.059196,0.070207,0.003003,neutron,pi+,solid
745,8.8,0.462894,0.569069,0.373956,4.346529,0.272964,AUT,0.0,0.011887,0.070207,0.002811,neutron,pi+,solid
746,8.8,0.462534,0.569156,0.423816,4.343796,0.278889,AUT,0.0,0.013499,0.070207,0.002851,neutron,pi+,solid
747,8.8,0.461965,0.569735,0.473789,4.342895,0.277950,AUT,0.0,0.015086,0.070207,0.002890,neutron,pi+,solid
748,8.8,0.460516,0.570543,0.523359,4.335386,0.268110,AUT,0.0,0.017133,0.070207,0.002930,neutron,pi+,solid
