i,Ebeam,x,y,z,Q2,pT,obs,value,stat,systrel,systabs,target,hadron,Experiment
0,11.0,0.085730,0.650076,0.323369,1.143975,0.136724,AUT,0.0,0.008858,0.070207,0.008317,proton,pi+,solid
1,11.0,0.106370,0.580538,0.323904,1.273520,0.130042,AUT,0.0,0.009807,0.070207,0.008190,proton,pi+,solid
2,11.0,0.123242,0.549179,0.324070,1.396404,0.128417,AUT,0.0,0.010076,0.070207,0.008086,proton,pi+,solid
3,11.0,0.140145,0.525655,0.324249,1.519883,0.127833,AUT,0.0,0.009848,0.070207,0.007983,proton,pi+,solid
4,11.0,0.159081,0.493753,0.324457,1.619917,0.126622,AUT,0.0,0.009859,0.070207,0.007871,proton,pi+,solid
5,11.0,0.186113,0.444866,0.324825,1.705651,0.125745,AUT,0.0,0.009565,0.070207,0.007723,proton,pi+,solid
6,11.0,0.229156,0.386764,0.326890,1.821744,0.124143,AUT,0.0,0.011223,0.070207,0.007518,proton,pi+,solid
7,11.0,0.071494,0.747737,0.323039,1.099816,0.311740,AUT,0.0,0.009213,0.070207,0.008408,proton,pi+,solid
8,11.0,0.084008,0.686944,0.323737,1.190557,0.304622,AUT,0.0,0.009132,0.070207,0.008328,proton,pi+,solid
9,11.0,0.093876,0.655905,0.323905,1.270541,0.302022,AUT,0.0,0.009270,0.070207,0.008267,proton,pi+,solid
10,11.0,0.103608,0.631422,0.324003,1.350029,0.300414,AUT,0.0,0.008768,0.070207,0.008207,proton,pi+,solid
11,11.0,0.113610,0.610401,0.324086,1.431088,0.298902,AUT,0.0,0.008527,0.070207,0.008144,proton,pi+,solid
12,11.0,0.123699,0.588680,0.324164,1.502751,0.296684,AUT,0.0,0.008295,0.070207,0.008082,proton,pi+,solid
13,11.0,0.134144,0.563895,0.324293,1.560936,0.294705,AUT,0.0,0.007807,0.070207,0.008018,proton,pi+,solid
14,11.0,0.145759,0.535371,0.324528,1.610096,0.292262,AUT,0.0,0.007415,0.070207,0.007948,proton,pi+,solid
15,11.0,0.160786,0.499466,0.324651,1.656413,0.289795,AUT,0.0,0.006669,0.070207,0.007860,proton,pi+,solid
16,11.0,0.185029,0.449544,0.325073,1.713615,0.285752,AUT,0.0,0.006123,0.070207,0.007728,proton,pi+,solid
17,11.0,0.227515,0.388108,0.327176,1.814344,0.282591,AUT,0.0,0.008143,0.070207,0.007525,proton,pi+,solid
18,11.0,0.069608,0.778077,0.323418,1.114131,0.493959,AUT,0.0,0.006636,0.070207,0.008421,proton,pi+,solid
19,11.0,0.083761,0.715638,0.323997,1.236521,0.491399,AUT,0.0,0.006187,0.070207,0.008330,proton,pi+,solid
20,11.0,0.095631,0.684022,0.324059,1.349705,0.491261,AUT,0.0,0.005968,0.070207,0.008256,proton,pi+,solid
21,11.0,0.107192,0.656186,0.324112,1.451372,0.490721,AUT,0.0,0.005758,0.070207,0.008183,proton,pi+,solid
22,11.0,0.120331,0.620674,0.324268,1.540534,0.489721,AUT,0.0,0.005401,0.070207,0.008102,proton,pi+,solid
23,11.0,0.137410,0.566800,0.324362,1.605497,0.488354,AUT,0.0,0.005347,0.070207,0.007997,proton,pi+,solid
24,11.0,0.165272,0.489304,0.324594,1.662734,0.489857,AUT,0.0,0.005883,0.070207,0.007836,proton,pi+,solid
25,11.0,0.216646,0.400258,0.326274,1.778561,0.492256,AUT,0.0,0.013506,0.070207,0.007575,proton,pi+,solid
26,11.0,0.080462,0.741992,0.325070,1.222756,0.672715,AUT,0.0,0.006411,0.070207,0.008350,proton,pi+,solid
27,11.0,0.117612,0.621280,0.325618,1.496749,0.672103,AUT,0.0,0.006394,0.070207,0.008117,proton,pi+,solid
28,11.0,0.176158,0.465021,0.326521,1.663475,0.669164,AUT,0.0,0.009380,0.070207,0.007779,proton,pi+,solid
29,11.0,0.107171,0.668671,0.328875,1.417652,0.850060,AUT,0.0,0.016472,0.070207,0.008180,proton,pi+,solid
30,11.0,0.092586,0.617066,0.373305,1.170980,0.134501,AUT,0.0,0.007869,0.070207,0.008255,proton,pi+,solid
31,11.0,0.118022,0.548705,0.373927,1.335373,0.128381,AUT,0.0,0.009150,0.070207,0.008095,proton,pi+,solid
32,11.0,0.138619,0.519179,0.373982,1.484613,0.127381,AUT,0.0,0.009638,0.070207,0.007967,proton,pi+,solid
33,11.0,0.160269,0.484372,0.374204,1.600535,0.126278,AUT,0.0,0.009984,0.070207,0.007838,proton,pi+,solid
34,11.0,0.192296,0.427819,0.374315,1.693079,0.125821,AUT,0.0,0.010144,0.070207,0.007664,proton,pi+,solid
35,11.0,0.245081,0.358205,0.374794,1.802532,0.123972,AUT,0.0,0.013939,0.070207,0.007425,proton,pi+,solid
36,11.0,0.078095,0.697276,0.372412,1.120064,0.308407,AUT,0.0,0.008663,0.070207,0.008348,proton,pi+,solid
37,11.0,0.094159,0.639255,0.373648,1.241593,0.302529,AUT,0.0,0.009469,0.070207,0.008245,proton,pi+,solid
38,11.0,0.106646,0.610584,0.373848,1.343707,0.299804,AUT,0.0,0.010042,0.070207,0.008166,proton,pi+,solid
39,11.0,0.118700,0.588663,0.373959,1.441860,0.298253,AUT,0.0,0.009525,0.070207,0.008090,proton,pi+,solid
40,11.0,0.131336,0.563868,0.374149,1.528022,0.296121,AUT,0.0,0.008747,0.070207,0.008010,proton,pi+,solid
41,11.0,0.145559,0.530859,0.374262,1.593942,0.292922,AUT,0.0,0.007894,0.070207,0.007923,proton,pi+,solid
42,11.0,0.163408,0.486283,0.374393,1.638408,0.289967,AUT,0.0,0.007116,0.070207,0.007819,proton,pi+,solid
43,11.0,0.191662,0.426204,0.374724,1.681525,0.285472,AUT,0.0,0.006360,0.070207,0.007667,proton,pi+,solid
44,11.0,0.242684,0.356277,0.375397,1.775439,0.285012,AUT,0.0,0.009359,0.070207,0.007435,proton,pi+,solid
45,11.0,0.076158,0.719486,0.371927,1.127563,0.492873,AUT,0.0,0.007410,0.070207,0.008361,proton,pi+,solid
46,11.0,0.093681,0.664865,0.373339,1.284609,0.491354,AUT,0.0,0.006830,0.070207,0.008248,proton,pi+,solid
47,11.0,0.109711,0.632525,0.373605,1.431646,0.490935,AUT,0.0,0.006232,0.070207,0.008146,proton,pi+,solid
48,11.0,0.127312,0.594951,0.374144,1.561758,0.489785,AUT,0.0,0.005853,0.070207,0.008034,proton,pi+,solid
49,11.0,0.151709,0.523020,0.374367,1.632564,0.488567,AUT,0.0,0.005852,0.070207,0.007886,proton,pi+,solid
50,11.0,0.206318,0.405111,0.374660,1.699279,0.490898,AUT,0.0,0.007290,0.070207,0.007600,proton,pi+,solid
51,11.0,0.087680,0.689906,0.373068,1.239552,0.678518,AUT,0.0,0.006169,0.070207,0.008286,proton,pi+,solid
52,11.0,0.129518,0.578523,0.374662,1.533481,0.679510,AUT,0.0,0.005913,0.070207,0.008021,proton,pi+,solid
53,11.0,0.192414,0.426441,0.374850,1.671621,0.676223,AUT,0.0,0.010163,0.070207,0.007668,proton,pi+,solid
54,11.0,0.117228,0.614105,0.376394,1.427653,0.865955,AUT,0.0,0.011603,0.070207,0.008097,proton,pi+,solid
55,11.0,0.100696,0.579846,0.422856,1.197015,0.131376,AUT,0.0,0.007727,0.070207,0.008188,proton,pi+,solid
56,11.0,0.130825,0.520747,0.423772,1.404838,0.127322,AUT,0.0,0.008821,0.070207,0.007996,proton,pi+,solid
57,11.0,0.158397,0.482783,0.424031,1.575876,0.126604,AUT,0.0,0.009333,0.070207,0.007828,proton,pi+,solid
58,11.0,0.200882,0.412596,0.424109,1.700881,0.126657,AUT,0.0,0.010261,0.070207,0.007600,proton,pi+,solid
59,11.0,0.262673,0.337426,0.424020,1.825459,0.125995,AUT,0.0,0.021983,0.070207,0.007332,proton,pi+,solid
60,11.0,0.086783,0.637621,0.421468,1.138402,0.305167,AUT,0.0,0.008641,0.070207,0.008278,proton,pi+,solid
61,11.0,0.106417,0.589431,0.423214,1.293912,0.299506,AUT,0.0,0.009950,0.070207,0.008151,proton,pi+,solid
62,11.0,0.123204,0.563514,0.423536,1.432496,0.297676,AUT,0.0,0.009874,0.070207,0.008044,proton,pi+,solid
63,11.0,0.139981,0.537589,0.424024,1.552373,0.295396,AUT,0.0,0.008721,0.070207,0.007937,proton,pi+,solid
64,11.0,0.159729,0.492406,0.424294,1.621213,0.291877,AUT,0.0,0.007662,0.070207,0.007819,proton,pi+,solid
65,11.0,0.191066,0.423986,0.424372,1.666401,0.288003,AUT,0.0,0.006595,0.070207,0.007648,proton,pi+,solid
66,11.0,0.243998,0.350370,0.424491,1.756588,0.287559,AUT,0.0,0.009652,0.070207,0.007407,proton,pi+,solid
67,11.0,0.089259,0.640998,0.421329,1.176415,0.489790,AUT,0.0,0.009081,0.070207,0.008262,proton,pi+,solid
68,11.0,0.115371,0.592103,0.423143,1.408717,0.489479,AUT,0.0,0.007903,0.070207,0.008093,proton,pi+,solid
69,11.0,0.141527,0.549425,0.424011,1.601442,0.488543,AUT,0.0,0.006824,0.070207,0.007927,proton,pi+,solid
70,11.0,0.195094,0.424053,0.424320,1.673506,0.487508,AUT,0.0,0.006365,0.070207,0.007634,proton,pi+,solid
71,11.0,0.105770,0.608935,0.422462,1.317049,0.682755,AUT,0.0,0.006251,0.070207,0.008154,proton,pi+,solid
72,11.0,0.171622,0.471548,0.424345,1.635297,0.683559,AUT,0.0,0.006538,0.070207,0.007757,proton,pi+,solid
73,11.0,0.126859,0.565507,0.424869,1.439114,0.882286,AUT,0.0,0.010082,0.070207,0.008020,proton,pi+,solid
74,11.0,0.114049,0.529260,0.472701,1.238463,0.128370,AUT,0.0,0.007819,0.070207,0.008088,proton,pi+,solid
75,11.0,0.153923,0.481270,0.473667,1.526138,0.127346,AUT,0.0,0.008672,0.070207,0.007836,proton,pi+,solid
76,11.0,0.211421,0.398398,0.473961,1.716323,0.127687,AUT,0.0,0.010391,0.070207,0.007533,proton,pi+,solid
77,11.0,0.101523,0.566741,0.471774,1.183285,0.299726,AUT,0.0,0.010230,0.070207,0.008169,proton,pi+,solid
78,11.0,0.129089,0.527556,0.473058,1.404738,0.295732,AUT,0.0,0.010039,0.070207,0.007991,proton,pi+,solid
79,11.0,0.153514,0.499070,0.473781,1.579554,0.294061,AUT,0.0,0.008386,0.070207,0.007837,proton,pi+,solid
80,11.0,0.187270,0.430431,0.474307,1.657025,0.290140,AUT,0.0,0.006959,0.070207,0.007648,proton,pi+,solid
81,11.0,0.243083,0.351529,0.474404,1.755263,0.289907,AUT,0.0,0.010314,0.070207,0.007390,proton,pi+,solid
82,11.0,0.108076,0.565138,0.471710,1.254494,0.488509,AUT,0.0,0.011073,0.070207,0.008126,proton,pi+,solid
83,11.0,0.153029,0.507204,0.473682,1.594206,0.487427,AUT,0.0,0.007728,0.070207,0.007840,proton,pi+,solid
84,11.0,0.216474,0.384443,0.474578,1.699352,0.483452,AUT,0.0,0.009712,0.070207,0.007508,proton,pi+,solid
85,11.0,0.134158,0.522795,0.472725,1.421004,0.686508,AUT,0.0,0.006463,0.070207,0.007959,proton,pi+,solid
86,11.0,0.217241,0.393806,0.473513,1.759491,0.680754,AUT,0.0,0.017169,0.070207,0.007501,proton,pi+,solid
87,11.0,0.134470,0.528108,0.473655,1.440673,0.894939,AUT,0.0,0.010048,0.070207,0.007957,proton,pi+,solid
88,11.0,0.130235,0.485231,0.522731,1.296551,0.127512,AUT,0.0,0.007943,0.070207,0.007967,proton,pi+,solid
89,11.0,0.196786,0.416597,0.523761,1.669938,0.128585,AUT,0.0,0.009544,0.070207,0.007583,proton,pi+,solid
90,11.0,0.286173,0.320940,0.523610,1.895074,0.128670,AUT,0.0,0.050639,0.070207,0.007200,proton,pi+,solid
91,11.0,0.119044,0.508175,0.522109,1.243021,0.295682,AUT,0.0,0.011311,0.070207,0.008040,proton,pi+,solid
92,11.0,0.160657,0.467703,0.523420,1.548373,0.293295,AUT,0.0,0.008331,0.070207,0.007776,proton,pi+,solid
93,11.0,0.217164,0.384831,0.524360,1.704817,0.291388,AUT,0.0,0.007322,0.070207,0.007483,proton,pi+,solid
94,11.0,0.131898,0.502442,0.522249,1.358653,0.487401,AUT,0.0,0.011188,0.070207,0.007956,proton,pi+,solid
95,11.0,0.202363,0.411648,0.524259,1.695564,0.482058,AUT,0.0,0.009371,0.070207,0.007554,proton,pi+,solid
96,11.0,0.147241,0.484095,0.522764,1.447797,0.752015,AUT,0.0,0.006295,0.070207,0.007862,proton,pi+,solid
97,11.0,0.153733,0.445755,0.572758,1.403711,0.128147,AUT,0.0,0.008280,0.070207,0.007801,proton,pi+,solid
98,11.0,0.231900,0.369894,0.573888,1.758397,0.130080,AUT,0.0,0.018227,0.070207,0.007389,proton,pi+,solid
99,11.0,0.139135,0.460092,0.572297,1.314010,0.293238,AUT,0.0,0.010135,0.070207,0.007891,proton,pi+,solid
100,11.0,0.209323,0.394078,0.573737,1.682142,0.292318,AUT,0.0,0.007636,0.070207,0.007496,proton,pi+,solid
101,11.0,0.148126,0.457724,0.572432,1.390507,0.548785,AUT,0.0,0.010654,0.070207,0.007835,proton,pi+,solid
102,11.0,0.217917,0.395060,0.573555,1.768041,0.514321,AUT,0.0,0.013367,0.070207,0.007450,proton,pi+,solid
103,11.0,0.147117,0.428219,0.622233,1.294765,0.223949,AUT,0.0,0.008520,0.070207,0.007818,proton,pi+,solid
104,11.0,0.211750,0.390262,0.622816,1.695241,0.227055,AUT,0.0,0.008525,0.070207,0.007454,proton,pi+,solid
105,11.0,0.165218,0.429032,0.621190,1.451869,0.547275,AUT,0.0,0.012138,0.070207,0.007711,proton,pi+,solid
106,11.0,0.169489,0.405178,0.671209,1.413929,0.269972,AUT,0.0,0.008486,0.070207,0.007656,proton,pi+,solid
107,11.0,0.234241,0.384092,0.669722,1.854805,0.229916,AUT,0.0,0.022120,0.070207,0.007314,proton,pi+,solid
108,11.0,0.176246,0.608517,0.323743,2.205704,0.132231,AUT,0.0,0.011029,0.070207,0.007766,proton,pi+,solid
109,11.0,0.208771,0.550599,0.324076,2.370713,0.127979,AUT,0.0,0.010094,0.070207,0.007600,proton,pi+,solid
110,11.0,0.235593,0.498062,0.324169,2.419577,0.127087,AUT,0.0,0.009231,0.070207,0.007482,proton,pi+,solid
111,11.0,0.267106,0.448578,0.324368,2.470367,0.126356,AUT,0.0,0.008371,0.070207,0.007359,proton,pi+,solid
112,11.0,0.316007,0.399210,0.325963,2.597120,0.125208,AUT,0.0,0.007310,0.070207,0.007193,proton,pi+,solid
113,11.0,0.380218,0.364576,0.326647,2.860951,0.124147,AUT,0.0,0.027029,0.070207,0.006999,proton,pi+,solid
114,11.0,0.153185,0.687359,0.323339,2.163280,0.310516,AUT,0.0,0.007234,0.070207,0.007894,proton,pi+,solid
115,11.0,0.178712,0.617755,0.323930,2.277503,0.299927,AUT,0.0,0.007023,0.070207,0.007751,proton,pi+,solid
116,11.0,0.197039,0.583057,0.324069,2.370500,0.295965,AUT,0.0,0.006799,0.070207,0.007656,proton,pi+,solid
117,11.0,0.214434,0.551613,0.324219,2.440572,0.292468,AUT,0.0,0.006744,0.070207,0.007573,proton,pi+,solid
118,11.0,0.233692,0.510632,0.324317,2.461644,0.288940,AUT,0.0,0.006369,0.070207,0.007489,proton,pi+,solid
119,11.0,0.257941,0.466344,0.324403,2.480864,0.285874,AUT,0.0,0.006234,0.070207,0.007393,proton,pi+,solid
120,11.0,0.292029,0.420713,0.325331,2.532724,0.284612,AUT,0.0,0.006246,0.070207,0.007271,proton,pi+,solid
121,11.0,0.342789,0.381988,0.326598,2.698832,0.286985,AUT,0.0,0.008641,0.070207,0.007109,proton,pi+,solid
122,11.0,0.145673,0.735925,0.323488,2.199586,0.493086,AUT,0.0,0.007484,0.070207,0.007937,proton,pi+,solid
123,11.0,0.178611,0.638659,0.324331,2.351402,0.486138,AUT,0.0,0.006123,0.070207,0.007750,proton,pi+,solid
124,11.0,0.210534,0.569295,0.324368,2.468786,0.485344,AUT,0.0,0.006106,0.070207,0.007591,proton,pi+,solid
125,11.0,0.260829,0.463550,0.324508,2.481949,0.486950,AUT,0.0,0.007590,0.070207,0.007383,proton,pi+,solid
126,11.0,0.332014,0.388011,0.326543,2.653259,0.486700,AUT,0.0,0.018132,0.070207,0.007142,proton,pi+,solid
127,11.0,0.181530,0.643342,0.325514,2.348611,0.671536,AUT,0.0,0.008565,0.070207,0.007740,proton,pi+,solid
128,11.0,0.280614,0.441632,0.325949,2.540655,0.666779,AUT,0.0,0.018563,0.070207,0.007312,proton,pi+,solid
129,11.0,0.182911,0.593953,0.373666,2.233301,0.131015,AUT,0.0,0.010119,0.070207,0.007703,proton,pi+,solid
130,11.0,0.220561,0.526209,0.373927,2.392032,0.127585,AUT,0.0,0.009725,0.070207,0.007518,proton,pi+,solid
131,11.0,0.256332,0.462700,0.374009,2.444069,0.126957,AUT,0.0,0.009023,0.070207,0.007370,proton,pi+,solid
132,11.0,0.306563,0.398483,0.373950,2.514574,0.126031,AUT,0.0,0.008008,0.070207,0.007195,proton,pi+,solid
133,11.0,0.365409,0.366718,0.373865,2.765232,0.125188,AUT,0.0,0.018519,0.070207,0.007013,proton,pi+,solid
134,11.0,0.161889,0.654649,0.373370,2.179053,0.307386,AUT,0.0,0.007732,0.070207,0.007817,proton,pi+,solid
135,11.0,0.190105,0.591666,0.373953,2.320209,0.298786,AUT,0.0,0.007499,0.070207,0.007663,proton,pi+,solid
136,11.0,0.212125,0.553110,0.374102,2.420384,0.294438,AUT,0.0,0.007339,0.070207,0.007555,proton,pi+,solid
137,11.0,0.235600,0.504780,0.374200,2.452621,0.290735,AUT,0.0,0.006982,0.070207,0.007452,proton,pi+,solid
138,11.0,0.265834,0.452542,0.374329,2.479884,0.287656,AUT,0.0,0.006909,0.070207,0.007334,proton,pi+,solid
139,11.0,0.310973,0.395146,0.374397,2.531082,0.287875,AUT,0.0,0.006997,0.070207,0.007180,proton,pi+,solid
140,11.0,0.365061,0.366930,0.374326,2.764177,0.290744,AUT,0.0,0.016123,0.070207,0.007014,proton,pi+,solid
141,11.0,0.158431,0.681427,0.373033,2.217276,0.492269,AUT,0.0,0.006183,0.070207,0.007836,proton,pi+,solid
142,11.0,0.197031,0.596392,0.374273,2.421117,0.486344,AUT,0.0,0.006530,0.070207,0.007627,proton,pi+,solid
143,11.0,0.247200,0.490439,0.374341,2.484902,0.486047,AUT,0.0,0.006445,0.070207,0.007407,proton,pi+,solid
144,11.0,0.323386,0.386597,0.374348,2.573448,0.485957,AUT,0.0,0.010979,0.070207,0.007141,proton,pi+,solid
145,11.0,0.188158,0.618416,0.374260,2.351512,0.678459,AUT,0.0,0.007198,0.070207,0.007679,proton,pi+,solid
146,11.0,0.285098,0.432591,0.374724,2.531879,0.673296,AUT,0.0,0.017346,0.070207,0.007267,proton,pi+,solid
147,11.0,0.200419,0.596083,0.376716,2.402139,0.867133,AUT,0.0,0.023131,0.070207,0.007620,proton,pi+,solid
148,11.0,0.191773,0.576150,0.423543,2.269569,0.130316,AUT,0.0,0.009351,0.070207,0.007633,proton,pi+,solid
149,11.0,0.239547,0.489495,0.423877,2.413779,0.127738,AUT,0.0,0.009208,0.070207,0.007412,proton,pi+,solid
150,11.0,0.297807,0.408573,0.423813,2.500726,0.127188,AUT,0.0,0.008403,0.070207,0.007199,proton,pi+,solid
151,11.0,0.364740,0.367074,0.423634,2.762805,0.126954,AUT,0.0,0.021577,0.070207,0.006989,proton,pi+,solid
152,11.0,0.171462,0.622168,0.422609,2.195196,0.303537,AUT,0.0,0.008441,0.070207,0.007741,proton,pi+,solid
153,11.0,0.203382,0.565066,0.423872,2.370230,0.297165,AUT,0.0,0.007988,0.070207,0.007572,proton,pi+,solid
154,11.0,0.231500,0.511356,0.424116,2.440388,0.293045,AUT,0.0,0.007538,0.070207,0.007445,proton,pi+,solid
155,11.0,0.267840,0.448417,0.424200,2.474226,0.289748,AUT,0.0,0.007417,0.070207,0.007302,proton,pi+,solid
156,11.0,0.324194,0.385670,0.424221,2.574059,0.291038,AUT,0.0,0.008210,0.070207,0.007113,proton,pi+,solid
157,11.0,0.174920,0.625151,0.422638,2.247886,0.488904,AUT,0.0,0.007003,0.070207,0.007721,proton,pi+,solid
158,11.0,0.225225,0.534940,0.424330,2.474348,0.484889,AUT,0.0,0.008719,0.070207,0.007472,proton,pi+,solid
159,11.0,0.302180,0.410728,0.424493,2.543099,0.482905,AUT,0.0,0.007958,0.070207,0.007185,proton,pi+,solid
160,11.0,0.215827,0.551748,0.423570,2.385986,0.682309,AUT,0.0,0.006337,0.070207,0.007527,proton,pi+,solid
161,11.0,0.340075,0.396686,0.422804,2.783223,0.653520,AUT,0.0,0.052814,0.070207,0.007062,proton,pi+,solid
162,11.0,0.207926,0.570155,0.425249,2.403835,0.884165,AUT,0.0,0.018679,0.070207,0.007559,proton,pi+,solid
163,11.0,0.208796,0.533156,0.472753,2.283790,0.129550,AUT,0.0,0.009455,0.070207,0.007529,proton,pi+,solid
164,11.0,0.277168,0.432953,0.473814,2.462290,0.128085,AUT,0.0,0.008772,0.070207,0.007247,proton,pi+,solid
165,11.0,0.347622,0.372540,0.473579,2.671332,0.128057,AUT,0.0,0.016584,0.070207,0.007016,proton,pi+,solid
166,11.0,0.191419,0.564881,0.471913,2.224034,0.299167,AUT,0.0,0.008800,0.070207,0.007613,proton,pi+,solid
167,11.0,0.233664,0.502037,0.473698,2.417204,0.293971,AUT,0.0,0.007984,0.070207,0.007413,proton,pi+,solid
168,11.0,0.281226,0.428357,0.474147,2.478015,0.291680,AUT,0.0,0.007929,0.070207,0.007231,proton,pi+,solid
169,11.0,0.340444,0.374687,0.474136,2.630472,0.294403,AUT,0.0,0.012721,0.070207,0.007038,proton,pi+,solid
170,11.0,0.201228,0.558015,0.472334,2.304477,0.486420,AUT,0.0,0.008861,0.070207,0.007565,proton,pi+,solid
171,11.0,0.285447,0.433998,0.474451,2.526877,0.481724,AUT,0.0,0.008641,0.070207,0.007219,proton,pi+,solid
172,11.0,0.225996,0.522370,0.473064,2.391419,0.734829,AUT,0.0,0.006575,0.070207,0.007456,proton,pi+,solid
173,11.0,0.235810,0.482333,0.522849,2.327377,0.128886,AUT,0.0,0.009150,0.070207,0.007386,proton,pi+,solid
174,11.0,0.317206,0.391383,0.523637,2.554569,0.128981,AUT,0.0,0.011972,0.070207,0.007086,proton,pi+,solid
175,11.0,0.216269,0.508562,0.522213,2.260424,0.296146,AUT,0.0,0.008661,0.070207,0.007470,proton,pi+,solid
176,11.0,0.280145,0.429559,0.524020,2.471455,0.293847,AUT,0.0,0.008115,0.070207,0.007210,proton,pi+,solid
177,11.0,0.346523,0.372560,0.523945,2.662920,0.297032,AUT,0.0,0.016332,0.070207,0.006993,proton,pi+,solid
178,11.0,0.239044,0.483810,0.522946,2.356424,0.485365,AUT,0.0,0.010304,0.070207,0.007374,proton,pi+,solid
179,11.0,0.330624,0.388096,0.523088,2.645460,0.471693,AUT,0.0,0.016948,0.070207,0.007042,proton,pi+,solid
180,11.0,0.234834,0.495923,0.522526,2.378862,0.732941,AUT,0.0,0.008652,0.070207,0.007392,proton,pi+,solid
181,11.0,0.230822,0.471437,0.571903,2.238624,0.231743,AUT,0.0,0.008616,0.070207,0.007379,proton,pi+,solid
182,11.0,0.289885,0.414909,0.573506,2.475026,0.232133,AUT,0.0,0.008054,0.070207,0.007148,proton,pi+,solid
183,11.0,0.349234,0.375028,0.572459,2.701927,0.230089,AUT,0.0,0.016450,0.070207,0.006955,proton,pi+,solid
184,11.0,0.255325,0.456247,0.572050,2.382276,0.543845,AUT,0.0,0.009597,0.070207,0.007281,proton,pi+,solid
185,11.0,0.264189,0.427672,0.621882,2.321167,0.231787,AUT,0.0,0.008177,0.070207,0.007215,proton,pi+,solid
186,11.0,0.334042,0.394979,0.620614,2.721676,0.218495,AUT,0.0,0.019267,0.070207,0.006970,proton,pi+,solid
187,11.0,0.260369,0.441655,0.620219,2.366365,0.514179,AUT,0.0,0.016834,0.070207,0.007230,proton,pi+,solid
188,11.0,0.268849,0.419296,0.667889,2.323912,0.257241,AUT,0.0,0.011813,0.070207,0.007166,proton,pi+,solid
189,11.0,0.253825,0.628833,0.323968,3.288550,0.127682,AUT,0.0,0.013178,0.070207,0.007400,proton,pi+,solid
190,11.0,0.297424,0.565478,0.324038,3.466032,0.127012,AUT,0.0,0.012371,0.070207,0.007245,proton,pi+,solid
191,11.0,0.345059,0.482717,0.324073,3.430429,0.126644,AUT,0.0,0.010445,0.070207,0.007098,proton,pi+,solid
192,11.0,0.406160,0.421257,0.324013,3.527627,0.124408,AUT,0.0,0.011771,0.070207,0.006920,proton,pi+,solid
193,11.0,0.239924,0.647879,0.323922,3.202020,0.300451,AUT,0.0,0.010006,0.070207,0.007455,proton,pi+,solid
194,11.0,0.273638,0.604330,0.324113,3.412009,0.293603,AUT,0.0,0.009676,0.070207,0.007326,proton,pi+,solid
195,11.0,0.302837,0.557115,0.324234,3.479298,0.290057,AUT,0.0,0.009494,0.070207,0.007227,proton,pi+,solid
196,11.0,0.340669,0.493180,0.324251,3.462886,0.287322,AUT,0.0,0.009315,0.070207,0.007110,proton,pi+,solid
197,11.0,0.398889,0.427031,0.324367,3.508732,0.286792,AUT,0.0,0.010328,0.070207,0.006941,proton,pi+,solid
198,11.0,0.243751,0.652196,0.324250,3.264801,0.486602,AUT,0.0,0.008731,0.070207,0.007441,proton,pi+,solid
199,11.0,0.310471,0.548748,0.324371,3.496264,0.484838,AUT,0.0,0.008649,0.070207,0.007203,proton,pi+,solid
200,11.0,0.394396,0.431424,0.324360,3.502960,0.485652,AUT,0.0,0.016364,0.070207,0.006954,proton,pi+,solid
201,11.0,0.290543,0.581873,0.325669,3.407973,0.691049,AUT,0.0,0.013151,0.070207,0.007275,proton,pi+,solid
202,11.0,0.260414,0.621092,0.373905,3.330357,0.128007,AUT,0.0,0.011894,0.070207,0.007346,proton,pi+,solid
203,11.0,0.316709,0.529542,0.373905,3.450659,0.127339,AUT,0.0,0.011560,0.070207,0.007153,proton,pi+,solid
204,11.0,0.388846,0.435879,0.373723,3.487328,0.126412,AUT,0.0,0.011180,0.070207,0.006938,proton,pi+,solid
205,11.0,0.246476,0.638031,0.373883,3.239518,0.298710,AUT,0.0,0.010879,0.070207,0.007399,proton,pi+,solid
206,11.0,0.285510,0.587542,0.374078,3.459368,0.293714,AUT,0.0,0.010509,0.070207,0.007254,proton,pi+,solid
207,11.0,0.326311,0.515163,0.374162,3.463260,0.290005,AUT,0.0,0.009993,0.070207,0.007123,proton,pi+,solid
208,11.0,0.390980,0.434103,0.374227,3.492299,0.289104,AUT,0.0,0.011351,0.070207,0.006932,proton,pi+,solid
209,11.0,0.253096,0.636721,0.374089,3.310203,0.487232,AUT,0.0,0.010331,0.070207,0.007374,proton,pi+,solid
210,11.0,0.345024,0.497917,0.374496,3.498335,0.483020,AUT,0.0,0.009540,0.070207,0.007067,proton,pi+,solid
211,11.0,0.288020,0.585033,0.374844,3.402297,0.710190,AUT,0.0,0.010595,0.070207,0.007253,proton,pi+,solid
212,11.0,0.270382,0.605513,0.423589,3.365345,0.128415,AUT,0.0,0.010989,0.070207,0.007283,proton,pi+,solid
213,11.0,0.351315,0.478016,0.423707,3.442639,0.127501,AUT,0.0,0.010784,0.070207,0.007021,proton,pi+,solid
214,11.0,0.430536,0.411522,0.423481,3.656761,0.126723,AUT,0.0,0.027632,0.070207,0.006789,proton,pi+,solid
215,11.0,0.254189,0.627021,0.423440,3.282827,0.297639,AUT,0.0,0.011441,0.070207,0.007343,proton,pi+,solid
216,11.0,0.302385,0.557365,0.423993,3.471130,0.293318,AUT,0.0,0.010682,0.070207,0.007171,proton,pi+,solid
217,11.0,0.366554,0.457943,0.424103,3.449529,0.291341,AUT,0.0,0.011286,0.070207,0.006976,proton,pi+,solid
218,11.0,0.434016,0.409076,0.424140,3.664679,0.292687,AUT,0.0,0.033332,0.070207,0.006778,proton,pi+,solid
219,11.0,0.265691,0.614581,0.423633,3.354187,0.486796,AUT,0.0,0.013049,0.070207,0.007301,proton,pi+,solid
220,11.0,0.360105,0.474001,0.424488,3.490035,0.482291,AUT,0.0,0.013860,0.070207,0.006994,proton,pi+,solid
221,11.0,0.289670,0.580276,0.424211,3.409415,0.725494,AUT,0.0,0.009561,0.070207,0.007220,proton,pi+,solid
222,11.0,0.305978,0.539833,0.472176,3.376246,0.128339,AUT,0.0,0.010694,0.070207,0.007139,proton,pi+,solid
223,11.0,0.399334,0.426837,0.473503,3.512334,0.128261,AUT,0.0,0.017260,0.070207,0.006853,proton,pi+,solid
224,11.0,0.283937,0.571624,0.471308,3.336887,0.295997,AUT,0.0,0.010781,0.070207,0.007211,proton,pi+,solid
225,11.0,0.366578,0.460585,0.474031,3.461708,0.293741,AUT,0.0,0.011391,0.070207,0.006949,proton,pi+,solid
226,11.0,0.451391,0.408040,0.473986,3.801900,0.296805,AUT,0.0,0.070483,0.070207,0.006699,proton,pi+,solid
227,11.0,0.314580,0.530832,0.472645,3.389598,0.485558,AUT,0.0,0.013647,0.070207,0.007112,proton,pi+,solid
228,11.0,0.429383,0.412127,0.473551,3.652372,0.468876,AUT,0.0,0.043205,0.070207,0.006765,proton,pi+,solid
229,11.0,0.302679,0.552219,0.472348,3.411430,0.730363,AUT,0.0,0.012154,0.070207,0.007150,proton,pi+,solid
230,11.0,0.310697,0.517215,0.521546,3.305952,0.231486,AUT,0.0,0.010711,0.070207,0.007095,proton,pi+,solid
231,11.0,0.386505,0.438104,0.523727,3.482948,0.233723,AUT,0.0,0.011480,0.070207,0.006862,proton,pi+,solid
232,11.0,0.333472,0.497792,0.522077,3.391591,0.546374,AUT,0.0,0.014237,0.070207,0.007023,proton,pi+,solid
233,11.0,0.340079,0.471724,0.571856,3.299657,0.297747,AUT,0.0,0.011850,0.070207,0.006973,proton,pi+,solid
234,11.0,0.407747,0.424312,0.572126,3.568997,0.261630,AUT,0.0,0.019165,0.070207,0.006768,proton,pi+,solid
235,11.0,0.359575,0.448532,0.619303,3.321559,0.277354,AUT,0.0,0.016219,0.070207,0.006882,proton,pi+,solid
236,11.0,0.324294,0.639621,0.324049,4.277041,0.126058,AUT,0.0,0.020881,0.070207,0.007154,proton,pi+,solid
237,11.0,0.368299,0.593638,0.324083,4.508431,0.126449,AUT,0.0,0.019243,0.070207,0.007023,proton,pi+,solid
238,11.0,0.435927,0.504324,0.323898,4.516629,0.127201,AUT,0.0,0.014638,0.070207,0.006828,proton,pi+,solid
239,11.0,0.521145,0.455418,0.323584,4.899151,0.131301,AUT,0.0,0.148789,0.070207,0.006576,proton,pi+,solid
240,11.0,0.318458,0.646172,0.324237,4.244240,0.290893,AUT,0.0,0.017842,0.070207,0.007172,proton,pi+,solid
241,11.0,0.354465,0.611824,0.324240,4.474494,0.289612,AUT,0.0,0.015319,0.070207,0.007063,proton,pi+,solid
242,11.0,0.393396,0.554714,0.324300,4.498607,0.288074,AUT,0.0,0.013738,0.070207,0.006951,proton,pi+,solid
243,11.0,0.456445,0.482264,0.324173,4.533783,0.290271,AUT,0.0,0.014327,0.070207,0.006768,proton,pi+,solid
244,11.0,0.344728,0.617078,0.324487,4.374288,0.483223,AUT,0.0,0.015996,0.070207,0.007092,proton,pi+,solid
245,11.0,0.438614,0.500166,0.324430,4.508789,0.483278,AUT,0.0,0.016142,0.070207,0.006819,proton,pi+,solid
246,11.0,0.366650,0.590889,0.324884,4.423079,0.702601,AUT,0.0,0.018262,0.070207,0.007027,proton,pi+,solid
247,11.0,0.331050,0.633317,0.373849,4.321426,0.126920,AUT,0.0,0.018871,0.070207,0.007102,proton,pi+,solid
248,11.0,0.392533,0.559993,0.373866,4.522715,0.127635,AUT,0.0,0.017166,0.070207,0.006920,proton,pi+,solid
249,11.0,0.467664,0.468290,0.373600,4.515746,0.127545,AUT,0.0,0.023729,0.070207,0.006703,proton,pi+,solid
250,11.0,0.322737,0.642221,0.374184,4.274104,0.292517,AUT,0.0,0.018888,0.070207,0.007128,proton,pi+,solid
251,11.0,0.365783,0.596323,0.374153,4.497880,0.290746,AUT,0.0,0.015708,0.070207,0.006998,proton,pi+,solid
252,11.0,0.426761,0.512931,0.374183,4.502514,0.290836,AUT,0.0,0.013818,0.070207,0.006821,proton,pi+,solid
253,11.0,0.495815,0.456802,0.373998,4.674981,0.295466,AUT,0.0,0.039063,0.070207,0.006618,proton,pi+,solid
254,11.0,0.349011,0.612238,0.374565,4.388910,0.482366,AUT,0.0,0.020729,0.070207,0.007048,proton,pi+,solid
255,11.0,0.447186,0.490902,0.374525,4.516729,0.482435,AUT,0.0,0.019130,0.070207,0.006761,proton,pi+,solid
256,11.0,0.366131,0.590847,0.374730,4.418439,0.717773,AUT,0.0,0.015698,0.070207,0.006997,proton,pi+,solid
257,11.0,0.340889,0.621989,0.423520,4.366205,0.127688,AUT,0.0,0.017584,0.070207,0.007045,proton,pi+,solid
258,11.0,0.423883,0.520549,0.423741,4.526856,0.128783,AUT,0.0,0.017413,0.070207,0.006799,proton,pi+,solid
259,11.0,0.329072,0.635389,0.423642,4.310237,0.293806,AUT,0.0,0.019169,0.070207,0.007081,proton,pi+,solid
260,11.0,0.383640,0.570406,0.424049,4.507154,0.291986,AUT,0.0,0.015300,0.070207,0.006917,proton,pi+,solid
261,11.0,0.455750,0.483600,0.424002,4.539082,0.294723,AUT,0.0,0.019002,0.070207,0.006707,proton,pi+,solid
262,11.0,0.358789,0.599307,0.424256,4.404214,0.483900,AUT,0.0,0.020379,0.070207,0.006991,proton,pi+,solid
263,11.0,0.465496,0.473517,0.424330,4.544022,0.481470,AUT,0.0,0.027718,0.070207,0.006678,proton,pi+,solid
264,11.0,0.363775,0.593223,0.424433,4.411256,0.726361,AUT,0.0,0.016494,0.070207,0.006975,proton,pi+,solid
265,11.0,0.348391,0.599202,0.469437,4.302651,0.227026,AUT,0.0,0.017191,0.070207,0.006997,proton,pi+,solid
266,11.0,0.405716,0.539640,0.473554,4.510047,0.230081,AUT,0.0,0.014600,0.070207,0.006825,proton,pi+,solid
267,11.0,0.470629,0.468375,0.473726,4.545989,0.238272,AUT,0.0,0.020910,0.070207,0.006634,proton,pi+,solid
268,11.0,0.383286,0.560789,0.472000,4.400375,0.554273,AUT,0.0,0.016279,0.070207,0.006891,proton,pi+,solid
269,11.0,0.488455,0.462322,0.473067,4.660626,0.474038,AUT,0.0,0.053585,0.070207,0.006580,proton,pi+,solid
270,11.0,0.412078,0.519343,0.521172,4.393466,0.235464,AUT,0.0,0.013703,0.070207,0.006777,proton,pi+,solid
271,11.0,0.499249,0.456727,0.523264,4.706720,0.248033,AUT,0.0,0.050229,0.070207,0.006515,proton,pi+,solid
272,11.0,0.409387,0.522910,0.521082,4.397559,0.533054,AUT,0.0,0.021516,0.070207,0.006785,proton,pi+,solid
273,11.0,0.433660,0.489948,0.569325,4.374764,0.307582,AUT,0.0,0.016825,0.070207,0.006682,proton,pi+,solid
274,11.0,0.413858,0.625828,0.323848,5.335603,0.126821,AUT,0.0,0.021998,0.070207,0.006887,proton,pi+,solid
275,11.0,0.492692,0.545986,0.323856,5.537117,0.126673,AUT,0.0,0.025309,0.070207,0.006657,proton,pi+,solid
276,11.0,0.402443,0.639239,0.324104,5.304018,0.290591,AUT,0.0,0.016985,0.070207,0.006920,proton,pi+,solid
277,11.0,0.469531,0.570138,0.324372,5.511143,0.287228,AUT,0.0,0.016419,0.070207,0.006725,proton,pi+,solid
278,11.0,0.538694,0.504600,0.324447,5.610519,0.289096,AUT,0.0,0.041434,0.070207,0.006520,proton,pi+,solid
279,11.0,0.436576,0.604676,0.324528,5.410693,0.530117,AUT,0.0,0.013975,0.070207,0.006819,proton,pi+,solid
280,11.0,0.545290,0.502813,0.324657,5.659644,0.489598,AUT,0.0,0.074051,0.070207,0.006500,proton,pi+,solid
281,11.0,0.426752,0.612301,0.373752,5.374252,0.127575,AUT,0.0,0.021216,0.070207,0.006816,proton,pi+,solid
282,11.0,0.513025,0.526300,0.373638,5.566388,0.128144,AUT,0.0,0.038376,0.070207,0.006562,proton,pi+,solid
283,11.0,0.410540,0.631087,0.374136,5.338490,0.292225,AUT,0.0,0.017818,0.070207,0.006863,proton,pi+,solid
284,11.0,0.490441,0.548091,0.374235,5.530720,0.289960,AUT,0.0,0.019459,0.070207,0.006628,proton,pi+,solid
285,11.0,0.439314,0.602604,0.374579,5.420199,0.541918,AUT,0.0,0.016082,0.070207,0.006777,proton,pi+,solid
286,11.0,0.571887,0.503914,0.374392,5.948639,0.468966,AUT,0.0,0.520674,0.070207,0.006382,proton,pi+,solid
287,11.0,0.402830,0.636236,0.423515,5.284274,0.229050,AUT,0.0,0.019439,0.070207,0.006857,proton,pi+,solid
288,11.0,0.461011,0.578157,0.423927,5.493513,0.225023,AUT,0.0,0.018453,0.070207,0.006686,proton,pi+,solid
289,11.0,0.523816,0.515804,0.423849,5.573358,0.231477,AUT,0.0,0.029800,0.070207,0.006497,proton,pi+,solid
290,11.0,0.439978,0.601625,0.424289,5.420115,0.543204,AUT,0.0,0.019614,0.070207,0.006744,proton,pi+,solid
291,11.0,0.443254,0.588982,0.470627,5.374184,0.228066,AUT,0.0,0.018246,0.070207,0.006710,proton,pi+,solid
292,11.0,0.520308,0.518937,0.473741,5.568702,0.236556,AUT,0.0,0.031051,0.070207,0.006477,proton,pi+,solid
293,11.0,0.457875,0.576714,0.471406,5.420226,0.534555,AUT,0.0,0.026048,0.070207,0.006664,proton,pi+,solid
294,11.0,0.488121,0.537684,0.519922,5.403472,0.306394,AUT,0.0,0.021487,0.070207,0.006544,proton,pi+,solid
295,11.0,0.492597,0.625116,0.323853,6.345228,0.224219,AUT,0.0,0.017292,0.070207,0.006654,proton,pi+,solid
296,11.0,0.568469,0.578669,0.323961,6.788540,0.217718,AUT,0.0,0.019280,0.070207,0.006426,proton,pi+,solid
297,11.0,0.520890,0.613385,0.324772,6.570711,0.523922,AUT,0.0,0.020842,0.070207,0.006566,proton,pi+,solid
298,11.0,0.504556,0.615468,0.373835,6.394191,0.227577,AUT,0.0,0.018019,0.070207,0.006583,proton,pi+,solid
299,11.0,0.582046,0.572711,0.373817,6.882290,0.223325,AUT,0.0,0.027958,0.070207,0.006348,proton,pi+,solid
300,11.0,0.520025,0.613526,0.374482,6.561231,0.527531,AUT,0.0,0.029615,0.070207,0.006533,proton,pi+,solid
301,11.0,0.523719,0.602652,0.423617,6.491231,0.230091,AUT,0.0,0.018023,0.070207,0.006491,proton,pi+,solid
302,11.0,0.616141,0.584666,0.423686,7.436981,0.224191,AUT,0.0,0.085033,0.070207,0.006210,proton,pi+,solid
303,11.0,0.519480,0.612486,0.423948,6.543122,0.527948,AUT,0.0,0.038229,0.070207,0.006503,proton,pi+,solid
304,11.0,0.536868,0.587764,0.471042,6.498820,0.304824,AUT,0.0,0.021258,0.070207,0.006421,proton,pi+,solid
305,8.8,0.121620,0.590375,0.324101,1.174282,0.133590,AUT,0.0,0.010034,0.070207,0.011445,proton,pi+,solid
306,8.8,0.168530,0.519616,0.325647,1.444036,0.130026,AUT,0.0,0.007758,0.070207,0.011057,proton,pi+,solid
307,8.8,0.223275,0.477752,0.327584,1.754331,0.128149,AUT,0.0,0.008894,0.070207,0.010667,proton,pi+,solid
308,8.8,0.098921,0.705221,0.323740,1.144317,0.307646,AUT,0.0,0.006694,0.070207,0.011643,proton,pi+,solid
309,8.8,0.125567,0.616534,0.324081,1.276453,0.300152,AUT,0.0,0.005633,0.070207,0.011413,proton,pi+,solid
310,8.8,0.150879,0.569523,0.324725,1.417598,0.296778,AUT,0.0,0.005059,0.070207,0.011198,proton,pi+,solid
311,8.8,0.184566,0.528525,0.325446,1.607726,0.291713,AUT,0.0,0.004606,0.070207,0.010933,proton,pi+,solid
312,8.8,0.232318,0.468819,0.328044,1.793043,0.285412,AUT,0.0,0.007079,0.070207,0.010609,proton,pi+,solid
313,8.8,0.100056,0.725748,0.324563,1.189743,0.486027,AUT,0.0,0.006294,0.070207,0.011633,proton,pi+,solid
314,8.8,0.137302,0.613992,0.324910,1.386996,0.484611,AUT,0.0,0.005994,0.070207,0.011311,proton,pi+,solid
315,8.8,0.192076,0.521121,0.326619,1.637685,0.484378,AUT,0.0,0.008642,0.070207,0.010882,proton,pi+,solid
316,8.8,0.139778,0.619735,0.327932,1.365727,0.659133,AUT,0.0,0.010985,0.070207,0.011292,proton,pi+,solid
317,8.8,0.130930,0.559074,0.373928,1.195064,0.131113,AUT,0.0,0.010098,0.070207,0.011331,proton,pi+,solid
318,8.8,0.184452,0.481772,0.374856,1.464548,0.127421,AUT,0.0,0.007862,0.070207,0.010898,proton,pi+,solid
319,8.8,0.243530,0.431343,0.375622,1.728800,0.126068,AUT,0.0,0.009056,0.070207,0.010508,proton,pi+,solid
320,8.8,0.105652,0.669370,0.373739,1.158308,0.306117,AUT,0.0,0.006518,0.070207,0.011554,proton,pi+,solid
321,8.8,0.138656,0.577159,0.374092,1.318800,0.297134,AUT,0.0,0.005714,0.070207,0.011266,proton,pi+,solid
322,8.8,0.171736,0.521489,0.374603,1.476583,0.292229,AUT,0.0,0.005126,0.070207,0.010993,proton,pi+,solid
323,8.8,0.224840,0.455853,0.375231,1.680258,0.286311,AUT,0.0,0.005026,0.070207,0.010623,proton,pi+,solid
324,8.8,0.103865,0.708867,0.374203,1.204707,0.492171,AUT,0.0,0.005674,0.070207,0.011570,proton,pi+,solid
325,8.8,0.148618,0.582087,0.374343,1.419866,0.489575,AUT,0.0,0.005372,0.070207,0.011180,proton,pi+,solid
326,8.8,0.212311,0.470100,0.375356,1.632353,0.489393,AUT,0.0,0.008885,0.070207,0.010706,proton,pi+,solid
327,8.8,0.143139,0.609292,0.376199,1.371916,0.676163,AUT,0.0,0.008722,0.070207,0.011232,proton,pi+,solid
328,8.8,0.137762,0.539168,0.423864,1.211382,0.129790,AUT,0.0,0.010171,0.070207,0.011247,proton,pi+,solid
329,8.8,0.202423,0.454209,0.424202,1.511896,0.126224,AUT,0.0,0.007660,0.070207,0.010740,proton,pi+,solid
330,8.8,0.269187,0.407460,0.423960,1.809604,0.126336,AUT,0.0,0.016970,0.070207,0.010332,proton,pi+,solid
331,8.8,0.112867,0.636101,0.423801,1.174340,0.304917,AUT,0.0,0.006872,0.070207,0.011466,proton,pi+,solid
332,8.8,0.153310,0.541281,0.424174,1.366671,0.294753,AUT,0.0,0.005923,0.070207,0.011114,proton,pi+,solid
333,8.8,0.198787,0.473811,0.424344,1.549545,0.288992,AUT,0.0,0.005445,0.070207,0.010763,proton,pi+,solid
334,8.8,0.256428,0.415569,0.424269,1.756725,0.287700,AUT,0.0,0.010121,0.070207,0.010402,proton,pi+,solid
335,8.8,0.109283,0.682670,0.423750,1.219159,0.494332,AUT,0.0,0.005268,0.070207,0.011498,proton,pi+,solid
336,8.8,0.166499,0.540636,0.424216,1.470660,0.491122,AUT,0.0,0.005183,0.070207,0.011007,proton,pi+,solid
337,8.8,0.238962,0.429763,0.424121,1.689859,0.489647,AUT,0.0,0.012746,0.070207,0.010504,proton,pi+,solid
338,8.8,0.139023,0.613805,0.425166,1.353647,0.694443,AUT,0.0,0.007323,0.070207,0.011238,proton,pi+,solid
339,8.8,0.246647,0.444476,0.424057,1.808182,0.658121,AUT,0.0,0.052255,0.070207,0.010454,proton,pi+,solid
340,8.8,0.148039,0.517588,0.473961,1.246721,0.128794,AUT,0.0,0.009658,0.070207,0.011136,proton,pi+,solid
341,8.8,0.221572,0.438731,0.473999,1.597030,0.126924,AUT,0.0,0.009067,0.070207,0.010586,proton,pi+,solid
342,8.8,0.120015,0.606681,0.473789,1.190822,0.303364,AUT,0.0,0.007491,0.070207,0.011381,proton,pi+,solid
343,8.8,0.168790,0.509682,0.474221,1.415412,0.293553,AUT,0.0,0.006094,0.070207,0.010962,proton,pi+,solid
344,8.8,0.227921,0.440934,0.474315,1.650309,0.289514,AUT,0.0,0.007064,0.070207,0.010544,proton,pi+,solid
345,8.8,0.121688,0.633865,0.473529,1.258264,0.493155,AUT,0.0,0.005215,0.070207,0.011365,proton,pi+,solid
346,8.8,0.196239,0.491089,0.474203,1.568971,0.488286,AUT,0.0,0.006360,0.070207,0.010759,proton,pi+,solid
347,8.8,0.143750,0.594546,0.474224,1.366963,0.710836,AUT,0.0,0.006719,0.070207,0.011175,proton,pi+,solid
348,8.8,0.159596,0.499531,0.523922,1.294917,0.128616,AUT,0.0,0.009023,0.070207,0.011016,proton,pi+,solid
349,8.8,0.238196,0.425800,0.523875,1.670059,0.128002,AUT,0.0,0.012868,0.070207,0.010449,proton,pi+,solid
350,8.8,0.131437,0.569654,0.523667,1.222946,0.300764,AUT,0.0,0.007599,0.070207,0.011255,proton,pi+,solid
351,8.8,0.198329,0.468264,0.524214,1.523102,0.292377,AUT,0.0,0.006223,0.070207,0.010712,proton,pi+,solid
352,8.8,0.271516,0.406117,0.524398,1.819480,0.292253,AUT,0.0,0.020759,0.070207,0.010257,proton,pi+,solid
353,8.8,0.140408,0.578531,0.523524,1.319537,0.489990,AUT,0.0,0.006114,0.070207,0.011176,proton,pi+,solid
354,8.8,0.222412,0.458851,0.523864,1.675270,0.480062,AUT,0.0,0.013069,0.070207,0.010546,proton,pi+,solid
355,8.8,0.145322,0.578705,0.523471,1.362093,0.726357,AUT,0.0,0.006783,0.070207,0.011136,proton,pi+,solid
356,8.8,0.132784,0.544794,0.573334,1.185504,0.240411,AUT,0.0,0.008633,0.070207,0.011217,proton,pi+,solid
357,8.8,0.180540,0.474866,0.573920,1.413103,0.226730,AUT,0.0,0.007355,0.070207,0.010809,proton,pi+,solid
358,8.8,0.234661,0.431480,0.573571,1.666595,0.221010,AUT,0.0,0.008729,0.070207,0.010435,proton,pi+,solid
359,8.8,0.145025,0.554527,0.573036,1.314685,0.549903,AUT,0.0,0.006443,0.070207,0.011107,proton,pi+,solid
360,8.8,0.218126,0.480598,0.573088,1.723981,0.512103,AUT,0.0,0.016477,0.070207,0.010534,proton,pi+,solid
361,8.8,0.147803,0.505927,0.623051,1.225098,0.233173,AUT,0.0,0.008390,0.070207,0.011050,proton,pi+,solid
362,8.8,0.211486,0.458127,0.622542,1.594255,0.219573,AUT,0.0,0.008169,0.070207,0.010546,proton,pi+,solid
363,8.8,0.157825,0.530345,0.622043,1.371013,0.544889,AUT,0.0,0.009378,0.070207,0.010965,proton,pi+,solid
364,8.8,0.161853,0.492843,0.671357,1.312153,0.279731,AUT,0.0,0.008088,0.070207,0.010891,proton,pi+,solid
365,8.8,0.230721,0.474924,0.668871,1.807411,0.227131,AUT,0.0,0.021700,0.070207,0.010366,proton,pi+,solid
366,8.8,0.225995,0.594014,0.323967,2.196596,0.250975,AUT,0.0,0.005789,0.070207,0.010645,proton,pi+,solid
367,8.8,0.284091,0.517005,0.325230,2.422750,0.218307,AUT,0.0,0.006103,0.070207,0.010320,proton,pi+,solid
368,8.8,0.339331,0.478726,0.326701,2.678441,0.215638,AUT,0.0,0.008375,0.070207,0.010067,proton,pi+,solid
369,8.8,0.253585,0.579706,0.325432,2.358904,0.512184,AUT,0.0,0.008389,0.070207,0.010497,proton,pi+,solid
370,8.8,0.386954,0.454455,0.327280,2.903744,0.487380,AUT,0.0,0.146701,0.070207,0.009867,proton,pi+,solid
371,8.8,0.237459,0.571660,0.373931,2.223054,0.241803,AUT,0.0,0.006079,0.070207,0.010535,proton,pi+,solid
372,8.8,0.304533,0.490715,0.374222,2.462289,0.215480,AUT,0.0,0.006702,0.070207,0.010183,proton,pi+,solid
373,8.8,0.364176,0.458775,0.374142,2.758224,0.219981,AUT,0.0,0.016005,0.070207,0.009921,proton,pi+,solid
374,8.8,0.255568,0.574730,0.374894,2.353797,0.532415,AUT,0.0,0.007294,0.070207,0.010446,proton,pi+,solid
375,8.8,0.247950,0.554710,0.423895,2.253156,0.236238,AUT,0.0,0.006654,0.070207,0.010441,proton,pi+,solid
376,8.8,0.320797,0.478857,0.424048,2.531222,0.218870,AUT,0.0,0.008346,0.070207,0.010073,proton,pi+,solid
377,8.8,0.254897,0.574330,0.424415,2.351521,0.547764,AUT,0.0,0.006899,0.070207,0.010414,proton,pi+,solid
378,8.8,0.261659,0.536933,0.473903,2.298926,0.232616,AUT,0.0,0.006947,0.070207,0.010334,proton,pi+,solid
379,8.8,0.336795,0.467857,0.474012,2.599856,0.224282,AUT,0.0,0.012514,0.070207,0.009967,proton,pi+,solid
380,8.8,0.256413,0.568170,0.474088,2.352637,0.556657,AUT,0.0,0.007311,0.070207,0.010370,proton,pi+,solid
381,8.8,0.278058,0.520380,0.523961,2.361504,0.232494,AUT,0.0,0.007125,0.070207,0.010215,proton,pi+,solid
382,8.8,0.378689,0.455000,0.523704,2.845003,0.237876,AUT,0.0,0.041600,0.070207,0.009748,proton,pi+,solid
383,8.8,0.257087,0.562729,0.523670,2.352329,0.557865,AUT,0.0,0.008848,0.070207,0.010328,proton,pi+,solid
384,8.8,0.273781,0.527159,0.573469,2.360159,0.296430,AUT,0.0,0.007402,0.070207,0.010197,proton,pi+,solid
385,8.8,0.370324,0.461605,0.571247,2.822212,0.230983,AUT,0.0,0.039731,0.070207,0.009743,proton,pi+,solid
386,8.8,0.271639,0.530608,0.621880,2.366364,0.305607,AUT,0.0,0.009302,0.070207,0.010163,proton,pi+,solid
387,8.8,0.367192,0.550934,0.324393,3.331351,0.210812,AUT,0.0,0.010349,0.070207,0.009945,proton,pi+,solid
388,8.8,0.432711,0.517061,0.324355,3.693945,0.209200,AUT,0.0,0.021837,0.070207,0.009675,proton,pi+,solid
389,8.8,0.374727,0.546744,0.324543,3.369233,0.527056,AUT,0.0,0.018902,0.070207,0.009913,proton,pi+,solid
390,8.8,0.366000,0.551210,0.374220,3.322025,0.265739,AUT,0.0,0.010425,0.070207,0.009906,proton,pi+,solid
391,8.8,0.431127,0.517323,0.374173,3.682271,0.263045,AUT,0.0,0.020644,0.070207,0.009636,proton,pi+,solid
392,8.8,0.377445,0.545238,0.424123,3.385603,0.271389,AUT,0.0,0.010869,0.070207,0.009818,proton,pi+,solid
393,8.8,0.462058,0.510767,0.424194,3.897219,0.261413,AUT,0.0,0.087586,0.070207,0.009465,proton,pi+,solid
394,8.8,0.376777,0.546583,0.474062,3.387655,0.299315,AUT,0.0,0.011690,0.070207,0.009784,proton,pi+,solid
395,8.8,0.375690,0.548095,0.523842,3.387912,0.299055,AUT,0.0,0.013642,0.070207,0.009748,proton,pi+,solid
396,8.8,0.372282,0.551912,0.573213,3.382328,0.288511,AUT,0.0,0.016446,0.070207,0.009719,proton,pi+,solid
397,8.8,0.365004,0.558472,0.620523,3.360760,0.265195,AUT,0.0,0.022779,0.070207,0.009705,proton,pi+,solid
398,8.8,0.461978,0.566879,0.324221,4.320867,0.263362,AUT,0.0,0.015871,0.070207,0.009548,proton,pi+,solid
399,8.8,0.461947,0.566467,0.374172,4.317346,0.270894,AUT,0.0,0.019347,0.070207,0.009501,proton,pi+,solid
400,8.8,0.461689,0.566482,0.424053,4.315057,0.275746,AUT,0.0,0.023326,0.070207,0.009460,proton,pi+,solid
401,8.8,0.460951,0.566786,0.473956,4.310397,0.279298,AUT,0.0,0.028252,0.070207,0.009422,proton,pi+,solid
402,8.8,0.459410,0.567849,0.523510,4.304080,0.270053,AUT,0.0,0.032609,0.070207,0.009385,proton,pi+,solid
