i,Ebeam,x,y,z,Q2,pT,obs,value,stat,systrel,systabs,target,hadron,Experiment
0,11.0,0.085730,0.650076,0.323369,1.143975,0.136724,AUT,0.0,0.008858,0.070207,0.008317,proton,pi+,solid
1,11.0,0.106408,0.583491,0.324248,1.280724,0.130217,AUT,0.0,0.009878,0.070207,0.008189,proton,pi+,solid
2,11.0,0.124648,0.563797,0.324998,1.450169,0.128564,AUT,0.0,0.010230,0.070207,0.008077,proton,pi+,solid
3,11.0,0.145235,0.544704,0.325486,1.631846,0.127481,AUT,0.0,0.009865,0.070207,0.007951,proton,pi+,solid
4,11.0,0.175607,0.499112,0.327899,1.803037,0.126273,AUT,0.0,0.009479,0.070207,0.007775,proton,pi+,solid
5,11.0,0.071333,0.749338,0.323209,1.099516,0.312127,AUT,0.0,0.009191,0.070207,0.008409,proton,pi+,solid
6,11.0,0.083910,0.687587,0.323806,1.190291,0.304873,AUT,0.0,0.009111,0.070207,0.008329,proton,pi+,solid
7,11.0,0.093825,0.656452,0.323941,1.270905,0.302028,AUT,0.0,0.009182,0.070207,0.008267,proton,pi+,solid
8,11.0,0.103636,0.632254,0.324090,1.352202,0.300401,AUT,0.0,0.008712,0.070207,0.008206,proton,pi+,solid
9,11.0,0.113765,0.616961,0.324529,1.448574,0.299308,AUT,0.0,0.008527,0.070207,0.008143,proton,pi+,solid
10,11.0,0.124519,0.601963,0.324729,1.546904,0.297316,AUT,0.0,0.008092,0.070207,0.008077,proton,pi+,solid
11,11.0,0.136588,0.582003,0.324997,1.640402,0.295122,AUT,0.0,0.007592,0.070207,0.008002,proton,pi+,solid
12,11.0,0.151905,0.550008,0.325469,1.723383,0.291883,AUT,0.0,0.006862,0.070207,0.007910,proton,pi+,solid
13,11.0,0.178551,0.499347,0.327913,1.834609,0.287310,AUT,0.0,0.006353,0.070207,0.007759,proton,pi+,solid
14,11.0,0.069270,0.782326,0.323885,1.114558,0.494558,AUT,0.0,0.006596,0.070207,0.008423,proton,pi+,solid
15,11.0,0.083314,0.718491,0.324159,1.234838,0.491397,AUT,0.0,0.006254,0.070207,0.008332,proton,pi+,solid
16,11.0,0.095082,0.686434,0.324154,1.346678,0.491191,AUT,0.0,0.005913,0.070207,0.008259,proton,pi+,solid
17,11.0,0.106711,0.660467,0.324353,1.454354,0.490568,AUT,0.0,0.005740,0.070207,0.008186,proton,pi+,solid
18,11.0,0.120109,0.632043,0.324745,1.566089,0.489500,AUT,0.0,0.005465,0.070207,0.008103,proton,pi+,solid
19,11.0,0.139222,0.585597,0.325080,1.680333,0.487820,AUT,0.0,0.005355,0.070207,0.007985,proton,pi+,solid
20,11.0,0.170671,0.514495,0.327088,1.804929,0.488213,AUT,0.0,0.007166,0.070207,0.007803,proton,pi+,solid
21,11.0,0.079787,0.747587,0.325496,1.221304,0.672987,AUT,0.0,0.006375,0.070207,0.008355,proton,pi+,solid
22,11.0,0.117328,0.634749,0.326095,1.526953,0.672148,AUT,0.0,0.006515,0.070207,0.008119,proton,pi+,solid
23,11.0,0.165377,0.521184,0.328020,1.769787,0.672530,AUT,0.0,0.015016,0.070207,0.007832,proton,pi+,solid
24,11.0,0.103877,0.681805,0.329333,1.408404,0.850533,AUT,0.0,0.016776,0.070207,0.008200,proton,pi+,solid
25,11.0,0.092463,0.617560,0.373390,1.170088,0.134508,AUT,0.0,0.007899,0.070207,0.008256,proton,pi+,solid
26,11.0,0.118008,0.549074,0.373964,1.336221,0.128515,AUT,0.0,0.009189,0.070207,0.008095,proton,pi+,solid
27,11.0,0.139068,0.524733,0.374454,1.505539,0.126914,AUT,0.0,0.009845,0.070207,0.007964,proton,pi+,solid
28,11.0,0.162755,0.492180,0.374805,1.651363,0.125498,AUT,0.0,0.010009,0.070207,0.007823,proton,pi+,solid
29,11.0,0.199363,0.439347,0.376793,1.801426,0.125042,AUT,0.0,0.010487,0.070207,0.007627,proton,pi+,solid
30,11.0,0.076754,0.710798,0.373191,1.121230,0.311912,AUT,0.0,0.008725,0.070207,0.008357,proton,pi+,solid
31,11.0,0.092912,0.646123,0.373829,1.238267,0.303529,AUT,0.0,0.009418,0.070207,0.008253,proton,pi+,solid
32,11.0,0.105305,0.615252,0.373912,1.336912,0.300840,AUT,0.0,0.010025,0.070207,0.008175,proton,pi+,solid
33,11.0,0.117187,0.592244,0.374049,1.432108,0.298846,AUT,0.0,0.009616,0.070207,0.008099,proton,pi+,solid
34,11.0,0.129786,0.571154,0.374365,1.529640,0.296444,AUT,0.0,0.008872,0.070207,0.008020,proton,pi+,solid
35,11.0,0.144606,0.543971,0.374614,1.622696,0.293503,AUT,0.0,0.008090,0.070207,0.007929,proton,pi+,solid
36,11.0,0.164712,0.502573,0.375019,1.706566,0.289664,AUT,0.0,0.007340,0.070207,0.007811,proton,pi+,solid
37,11.0,0.199125,0.443994,0.376729,1.817660,0.283858,AUT,0.0,0.007302,0.070207,0.007628,proton,pi+,solid
38,11.0,0.072068,0.760183,0.373753,1.126006,0.496913,AUT,0.0,0.006673,0.070207,0.008388,proton,pi+,solid
39,11.0,0.088606,0.694330,0.374053,1.268884,0.493243,AUT,0.0,0.006486,0.070207,0.008280,proton,pi+,solid
40,11.0,0.103154,0.657786,0.374068,1.399801,0.492540,AUT,0.0,0.006185,0.070207,0.008187,proton,pi+,solid
41,11.0,0.118836,0.620099,0.374237,1.519796,0.491036,AUT,0.0,0.005894,0.070207,0.008087,proton,pi+,solid
42,11.0,0.139545,0.568111,0.374612,1.633521,0.488620,AUT,0.0,0.005849,0.070207,0.007959,proton,pi+,solid
43,11.0,0.178022,0.481432,0.375479,1.754754,0.489659,AUT,0.0,0.006947,0.070207,0.007739,proton,pi+,solid
44,11.0,0.079740,0.746054,0.374928,1.218498,0.679949,AUT,0.0,0.005973,0.070207,0.008338,proton,pi+,solid
45,11.0,0.113794,0.637398,0.375026,1.489405,0.679319,AUT,0.0,0.005799,0.070207,0.008119,proton,pi+,solid
46,11.0,0.163634,0.504100,0.376020,1.681175,0.680444,AUT,0.0,0.008440,0.070207,0.007820,proton,pi+,solid
47,11.0,0.109325,0.661571,0.377569,1.423330,0.868384,AUT,0.0,0.010597,0.070207,0.008146,proton,pi+,solid
48,11.0,0.098496,0.591423,0.423466,1.192500,0.132747,AUT,0.0,0.007702,0.070207,0.008202,proton,pi+,solid
49,11.0,0.128857,0.524330,0.423860,1.393173,0.127509,AUT,0.0,0.008799,0.070207,0.008008,proton,pi+,solid
50,11.0,0.156518,0.488041,0.424116,1.574336,0.126344,AUT,0.0,0.009288,0.070207,0.007839,proton,pi+,solid
51,11.0,0.201016,0.421796,0.424872,1.738687,0.125696,AUT,0.0,0.009775,0.070207,0.007600,proton,pi+,solid
52,11.0,0.267238,0.350042,0.433345,1.929994,0.125620,AUT,0.0,0.050169,0.070207,0.007308,proton,pi+,solid
53,11.0,0.080300,0.686196,0.423364,1.131931,0.312220,AUT,0.0,0.008932,0.070207,0.008320,proton,pi+,solid
54,11.0,0.098873,0.619311,0.423896,1.262857,0.303921,AUT,0.0,0.009726,0.070207,0.008199,proton,pi+,solid
55,11.0,0.114321,0.587230,0.423993,1.384976,0.300428,AUT,0.0,0.009946,0.070207,0.008100,proton,pi+,solid
56,11.0,0.130118,0.559134,0.424105,1.500891,0.297677,AUT,0.0,0.009194,0.070207,0.007999,proton,pi+,solid
57,11.0,0.147585,0.523962,0.424344,1.594864,0.294013,AUT,0.0,0.008476,0.070207,0.007891,proton,pi+,solid
58,11.0,0.171844,0.473711,0.424631,1.676962,0.289811,AUT,0.0,0.007512,0.070207,0.007750,proton,pi+,solid
59,11.0,0.215126,0.405635,0.425999,1.791172,0.285048,AUT,0.0,0.007819,0.070207,0.007531,proton,pi+,solid
60,11.0,0.075217,0.737043,0.423759,1.138613,0.497703,AUT,0.0,0.007342,0.070207,0.008355,proton,pi+,solid
61,11.0,0.094943,0.666496,0.424070,1.304717,0.493455,AUT,0.0,0.007195,0.070207,0.008224,proton,pi+,solid
62,11.0,0.113691,0.624422,0.424132,1.463958,0.492022,AUT,0.0,0.006885,0.070207,0.008102,proton,pi+,solid
63,11.0,0.135788,0.569834,0.424417,1.594147,0.489177,AUT,0.0,0.006783,0.070207,0.007962,proton,pi+,solid
64,11.0,0.180085,0.467112,0.425077,1.711468,0.488135,AUT,0.0,0.007227,0.070207,0.007708,proton,pi+,solid
65,11.0,0.081226,0.736854,0.424500,1.225589,0.685503,AUT,0.0,0.005809,0.070207,0.008314,proton,pi+,solid
66,11.0,0.118490,0.621199,0.424626,1.508923,0.683861,AUT,0.0,0.005470,0.070207,0.008071,proton,pi+,solid
67,11.0,0.175571,0.468060,0.425008,1.670544,0.685918,AUT,0.0,0.007832,0.070207,0.007734,proton,pi+,solid
68,11.0,0.111110,0.651222,0.426344,1.419585,0.885265,AUT,0.0,0.007529,0.070207,0.008118,proton,pi+,solid
69,11.0,0.106645,0.564460,0.473586,1.230405,0.131406,AUT,0.0,0.007411,0.070207,0.008135,proton,pi+,solid
70,11.0,0.144989,0.496741,0.473911,1.483905,0.127626,AUT,0.0,0.008482,0.070207,0.007890,proton,pi+,solid
71,11.0,0.190944,0.428106,0.474112,1.676356,0.126899,AUT,0.0,0.009809,0.070207,0.007630,proton,pi+,solid
72,11.0,0.255614,0.348741,0.475273,1.834699,0.127007,AUT,0.0,0.023445,0.070207,0.007337,proton,pi+,solid
73,11.0,0.085948,0.656179,0.473469,1.157080,0.310918,AUT,0.0,0.008636,0.070207,0.008271,proton,pi+,solid
74,11.0,0.109106,0.587449,0.473915,1.321696,0.302755,AUT,0.0,0.009776,0.070207,0.008118,proton,pi+,solid
75,11.0,0.128910,0.553186,0.474034,1.470863,0.299014,AUT,0.0,0.009512,0.070207,0.007990,proton,pi+,solid
76,11.0,0.150129,0.511515,0.474203,1.583082,0.295096,AUT,0.0,0.008581,0.070207,0.007857,proton,pi+,solid
77,11.0,0.181285,0.446395,0.474531,1.664667,0.290322,AUT,0.0,0.007382,0.070207,0.007679,proton,pi+,solid
78,11.0,0.235266,0.368779,0.475503,1.779733,0.289008,AUT,0.0,0.009658,0.070207,0.007422,proton,pi+,solid
79,11.0,0.079458,0.710805,0.473839,1.159082,0.498722,AUT,0.0,0.007874,0.070207,0.008315,proton,pi+,solid
80,11.0,0.103208,0.637297,0.474179,1.355926,0.493581,AUT,0.0,0.007959,0.070207,0.008156,proton,pi+,solid
81,11.0,0.128386,0.583847,0.474295,1.543932,0.490829,AUT,0.0,0.007395,0.070207,0.007991,proton,pi+,solid
82,11.0,0.173882,0.472468,0.474705,1.670292,0.486833,AUT,0.0,0.007477,0.070207,0.007722,proton,pi+,solid
83,11.0,0.260972,0.342343,0.476151,1.840691,0.478854,AUT,0.0,0.028183,0.070207,0.007315,proton,pi+,solid
84,11.0,0.083614,0.721382,0.474188,1.234731,0.689147,AUT,0.0,0.006056,0.070207,0.008286,proton,pi+,solid
85,11.0,0.126859,0.593543,0.474466,1.537434,0.686766,AUT,0.0,0.005647,0.070207,0.008000,proton,pi+,solid
86,11.0,0.190661,0.433180,0.473953,1.688321,0.685549,AUT,0.0,0.009611,0.070207,0.007633,proton,pi+,solid
87,11.0,0.110546,0.650867,0.475354,1.416583,0.903494,AUT,0.0,0.006383,0.070207,0.008107,proton,pi+,solid
88,11.0,0.114794,0.542744,0.523557,1.271853,0.130948,AUT,0.0,0.007261,0.070207,0.008066,proton,pi+,solid
89,11.0,0.165528,0.463022,0.523936,1.573813,0.128351,AUT,0.0,0.008548,0.070207,0.007748,proton,pi+,solid
90,11.0,0.229435,0.373478,0.523836,1.754864,0.129279,AUT,0.0,0.015460,0.070207,0.007426,proton,pi+,solid
91,11.0,0.091124,0.631552,0.523515,1.179233,0.310550,AUT,0.0,0.008686,0.070207,0.008224,proton,pi+,solid
92,11.0,0.119574,0.560831,0.523918,1.382395,0.301863,AUT,0.0,0.009413,0.070207,0.008033,proton,pi+,solid
93,11.0,0.146134,0.514725,0.524113,1.549868,0.297062,AUT,0.0,0.008637,0.070207,0.007862,proton,pi+,solid
94,11.0,0.182489,0.438982,0.524288,1.645864,0.292017,AUT,0.0,0.007452,0.070207,0.007652,proton,pi+,solid
95,11.0,0.240698,0.354629,0.524539,1.752353,0.291811,AUT,0.0,0.010781,0.070207,0.007377,proton,pi+,solid
96,11.0,0.084236,0.682354,0.523680,1.179148,0.498545,AUT,0.0,0.008266,0.070207,0.008270,proton,pi+,solid
97,11.0,0.112821,0.609304,0.524241,1.416539,0.493569,AUT,0.0,0.008345,0.070207,0.008076,proton,pi+,solid
98,11.0,0.147155,0.533441,0.524389,1.611109,0.489513,AUT,0.0,0.008052,0.070207,0.007854,proton,pi+,solid
99,11.0,0.208092,0.402731,0.524424,1.708838,0.481723,AUT,0.0,0.010257,0.070207,0.007525,proton,pi+,solid
100,11.0,0.090028,0.685487,0.523797,1.262607,0.689491,AUT,0.0,0.006986,0.070207,0.008229,proton,pi+,solid
101,11.0,0.147587,0.539149,0.524291,1.602641,0.686518,AUT,0.0,0.006663,0.070207,0.007855,proton,pi+,solid
102,11.0,0.111182,0.639524,0.524644,1.416197,0.919690,AUT,0.0,0.006111,0.070207,0.008086,proton,pi+,solid
103,11.0,0.124777,0.520854,0.573691,1.325075,0.131030,AUT,0.0,0.007207,0.070207,0.007981,proton,pi+,solid
104,11.0,0.196924,0.416959,0.573896,1.667626,0.129315,AUT,0.0,0.009922,0.070207,0.007558,proton,pi+,solid
105,11.0,0.098103,0.603914,0.573492,1.212756,0.309250,AUT,0.0,0.008405,0.070207,0.008160,proton,pi+,solid
106,11.0,0.132865,0.532145,0.574034,1.456692,0.300601,AUT,0.0,0.008981,0.070207,0.007925,proton,pi+,solid
107,11.0,0.170793,0.459936,0.574180,1.613246,0.294827,AUT,0.0,0.007778,0.070207,0.007693,proton,pi+,solid
108,11.0,0.229877,0.367871,0.573719,1.733703,0.291561,AUT,0.0,0.010287,0.070207,0.007399,proton,pi+,solid
109,11.0,0.091595,0.644735,0.573264,1.211029,0.497574,AUT,0.0,0.008475,0.070207,0.008204,proton,pi+,solid
110,11.0,0.128141,0.571037,0.574168,1.505783,0.492997,AUT,0.0,0.008681,0.070207,0.007953,proton,pi+,solid
111,11.0,0.182123,0.455609,0.574092,1.684123,0.484593,AUT,0.0,0.009120,0.070207,0.007633,proton,pi+,solid
112,11.0,0.100625,0.639536,0.573509,1.314544,0.688827,AUT,0.0,0.008282,0.070207,0.008140,proton,pi+,solid
113,11.0,0.159438,0.511750,0.574410,1.661067,0.683926,AUT,0.0,0.011886,0.070207,0.007758,proton,pi+,solid
114,11.0,0.112524,0.623289,0.573950,1.414403,0.931167,AUT,0.0,0.006894,0.070207,0.008058,proton,pi+,solid
115,11.0,0.137506,0.497473,0.623644,1.390143,0.130861,AUT,0.0,0.007256,0.070207,0.007874,proton,pi+,solid
116,11.0,0.214215,0.392858,0.623385,1.723015,0.129556,AUT,0.0,0.015775,0.070207,0.007441,proton,pi+,solid
117,11.0,0.107570,0.570103,0.623275,1.255433,0.306724,AUT,0.0,0.008285,0.070207,0.008074,proton,pi+,solid
118,11.0,0.152253,0.492393,0.624007,1.540666,0.298248,AUT,0.0,0.008227,0.070207,0.007776,proton,pi+,solid
119,11.0,0.208413,0.400969,0.623279,1.711537,0.292198,AUT,0.0,0.009624,0.070207,0.007469,proton,pi+,solid
120,11.0,0.103084,0.599115,0.623066,1.266130,0.495917,AUT,0.0,0.009017,0.070207,0.008104,proton,pi+,solid
121,11.0,0.160619,0.501027,0.623989,1.633758,0.488685,AUT,0.0,0.008862,0.070207,0.007726,proton,pi+,solid
122,11.0,0.253148,0.367949,0.616552,1.921980,0.448100,AUT,0.0,0.074859,0.070207,0.007268,proton,pi+,solid
123,11.0,0.118514,0.585789,0.623432,1.410208,0.687392,AUT,0.0,0.009475,0.070207,0.007995,proton,pi+,solid
124,11.0,0.193219,0.456132,0.622826,1.814542,0.673564,AUT,0.0,0.048524,0.070207,0.007537,proton,pi+,solid
125,11.0,0.114942,0.604295,0.622760,1.415557,0.928712,AUT,0.0,0.009702,0.070207,0.008019,proton,pi+,solid
126,11.0,0.112686,0.536391,0.673035,1.239233,0.253813,AUT,0.0,0.007635,0.070207,0.008015,proton,pi+,solid
127,11.0,0.152699,0.481858,0.673677,1.515672,0.239572,AUT,0.0,0.007816,0.070207,0.007744,proton,pi+,solid
128,11.0,0.199845,0.419445,0.672781,1.721069,0.226503,AUT,0.0,0.009524,0.070207,0.007478,proton,pi+,solid
129,11.0,0.119607,0.553125,0.673000,1.355176,0.494145,AUT,0.0,0.009941,0.070207,0.007964,proton,pi+,solid
130,11.0,0.177928,0.474862,0.673050,1.732866,0.484253,AUT,0.0,0.015992,0.070207,0.007591,proton,pi+,solid
131,11.0,0.123455,0.568105,0.672237,1.433104,0.748296,AUT,0.0,0.011275,0.070207,0.007937,proton,pi+,solid
132,11.0,0.176285,0.608502,0.323705,2.206076,0.132086,AUT,0.0,0.011032,0.070207,0.007766,proton,pi+,solid
133,11.0,0.209035,0.553110,0.324673,2.384890,0.128010,AUT,0.0,0.010087,0.070207,0.007599,proton,pi+,solid
134,11.0,0.241663,0.513292,0.326714,2.557655,0.127289,AUT,0.0,0.009554,0.070207,0.007454,proton,pi+,solid
135,11.0,0.285671,0.475144,0.330339,2.797684,0.126286,AUT,0.0,0.015364,0.070207,0.007286,proton,pi+,solid
136,11.0,0.153218,0.687527,0.323129,2.164083,0.311034,AUT,0.0,0.007203,0.070207,0.007894,proton,pi+,solid
137,11.0,0.178700,0.617929,0.323938,2.277981,0.300141,AUT,0.0,0.007018,0.070207,0.007751,proton,pi+,solid
138,11.0,0.197018,0.583188,0.324089,2.370781,0.296083,AUT,0.0,0.006800,0.070207,0.007656,proton,pi+,solid
139,11.0,0.214833,0.555566,0.325019,2.462759,0.292719,AUT,0.0,0.006724,0.070207,0.007570,proton,pi+,solid
140,11.0,0.237843,0.523159,0.326418,2.566717,0.289729,AUT,0.0,0.006404,0.070207,0.007469,proton,pi+,solid
141,11.0,0.275820,0.484345,0.329332,2.752032,0.286462,AUT,0.0,0.008312,0.070207,0.007322,proton,pi+,solid
142,11.0,0.145069,0.739193,0.323735,2.199452,0.493668,AUT,0.0,0.007570,0.070207,0.007940,proton,pi+,solid
143,11.0,0.178188,0.639492,0.324316,2.348862,0.486194,AUT,0.0,0.006137,0.070207,0.007752,proton,pi+,solid
144,11.0,0.210348,0.573421,0.324951,2.485116,0.485092,AUT,0.0,0.006098,0.070207,0.007591,proton,pi+,solid
145,11.0,0.257202,0.503844,0.327894,2.665593,0.486487,AUT,0.0,0.008697,0.070207,0.007393,proton,pi+,solid
146,11.0,0.180216,0.650584,0.325959,2.358535,0.671786,AUT,0.0,0.008513,0.070207,0.007747,proton,pi+,solid
147,11.0,0.268487,0.490823,0.329625,2.713208,0.673890,AUT,0.0,0.031131,0.070207,0.007349,proton,pi+,solid
148,11.0,0.182859,0.594042,0.373709,2.232968,0.130960,AUT,0.0,0.010189,0.070207,0.007703,proton,pi+,solid
149,11.0,0.220544,0.526319,0.373939,2.392338,0.127742,AUT,0.0,0.009654,0.070207,0.007518,proton,pi+,solid
150,11.0,0.257898,0.469256,0.375119,2.494621,0.127099,AUT,0.0,0.009067,0.070207,0.007363,proton,pi+,solid
151,11.0,0.309682,0.427827,0.377584,2.728617,0.126981,AUT,0.0,0.012323,0.070207,0.007181,proton,pi+,solid
152,11.0,0.161458,0.656511,0.373494,2.178593,0.308210,AUT,0.0,0.007665,0.070207,0.007819,proton,pi+,solid
153,11.0,0.189927,0.591978,0.373998,2.319241,0.298882,AUT,0.0,0.007562,0.070207,0.007664,proton,pi+,solid
154,11.0,0.211932,0.553558,0.374112,2.420111,0.294438,AUT,0.0,0.007348,0.070207,0.007556,proton,pi+,solid
155,11.0,0.235408,0.505693,0.374361,2.455196,0.290912,AUT,0.0,0.007004,0.070207,0.007453,proton,pi+,solid
156,11.0,0.268408,0.461914,0.375719,2.556073,0.288046,AUT,0.0,0.007001,0.070207,0.007323,proton,pi+,solid
157,11.0,0.317773,0.421851,0.378461,2.761830,0.288270,AUT,0.0,0.011411,0.070207,0.007154,proton,pi+,solid
158,11.0,0.153541,0.704426,0.373725,2.215858,0.495130,AUT,0.0,0.006275,0.070207,0.007864,proton,pi+,solid
159,11.0,0.192934,0.604469,0.374290,2.402918,0.486665,AUT,0.0,0.006449,0.070207,0.007648,proton,pi+,solid
160,11.0,0.240432,0.508193,0.374876,2.507610,0.485466,AUT,0.0,0.006662,0.070207,0.007433,proton,pi+,solid
161,11.0,0.309815,0.427943,0.377969,2.730317,0.485537,AUT,0.0,0.013263,0.070207,0.007180,proton,pi+,solid
162,11.0,0.176906,0.654975,0.374905,2.337285,0.678834,AUT,0.0,0.007194,0.070207,0.007736,proton,pi+,solid
163,11.0,0.267418,0.465708,0.376268,2.554964,0.679789,AUT,0.0,0.015588,0.070207,0.007329,proton,pi+,solid
164,11.0,0.193628,0.622628,0.377098,2.396077,0.867305,AUT,0.0,0.021787,0.070207,0.007655,proton,pi+,solid
165,11.0,0.191351,0.577528,0.423671,2.269866,0.130300,AUT,0.0,0.009346,0.070207,0.007635,proton,pi+,solid
166,11.0,0.239129,0.490039,0.423880,2.412161,0.127784,AUT,0.0,0.009209,0.070207,0.007414,proton,pi+,solid
167,11.0,0.301961,0.413677,0.424923,2.564825,0.127299,AUT,0.0,0.008378,0.070207,0.007185,proton,pi+,solid
168,11.0,0.167990,0.636081,0.423581,2.196250,0.306791,AUT,0.0,0.008139,0.070207,0.007759,proton,pi+,solid
169,11.0,0.200570,0.571003,0.423980,2.361939,0.297913,AUT,0.0,0.007914,0.070207,0.007586,proton,pi+,solid
170,11.0,0.228461,0.517347,0.424124,2.436565,0.293377,AUT,0.0,0.007576,0.070207,0.007458,proton,pi+,solid
171,11.0,0.263544,0.455617,0.424322,2.474107,0.289912,AUT,0.0,0.007399,0.070207,0.007318,proton,pi+,solid
172,11.0,0.319680,0.399311,0.425801,2.625870,0.290681,AUT,0.0,0.008525,0.070207,0.007126,proton,pi+,solid
173,11.0,0.161907,0.673471,0.423842,2.233331,0.495063,AUT,0.0,0.006321,0.070207,0.007793,proton,pi+,solid
174,11.0,0.208158,0.570918,0.424360,2.445712,0.486086,AUT,0.0,0.008065,0.070207,0.007549,proton,pi+,solid
175,11.0,0.280074,0.444965,0.425204,2.541938,0.483847,AUT,0.0,0.007341,0.070207,0.007261,proton,pi+,solid
176,11.0,0.181125,0.642803,0.424480,2.344482,0.683864,AUT,0.0,0.006295,0.070207,0.007691,proton,pi+,solid
177,11.0,0.278087,0.443187,0.424301,2.529683,0.680459,AUT,0.0,0.013826,0.070207,0.007267,proton,pi+,solid
178,11.0,0.192111,0.624836,0.426063,2.388350,0.885050,AUT,0.0,0.015853,0.070207,0.007639,proton,pi+,solid
179,11.0,0.200616,0.559276,0.473675,2.300045,0.130519,AUT,0.0,0.008927,0.070207,0.007567,proton,pi+,solid
180,11.0,0.264649,0.449931,0.473824,2.445254,0.128195,AUT,0.0,0.008970,0.070207,0.007292,proton,pi+,solid
181,11.0,0.332627,0.379476,0.473760,2.601686,0.128215,AUT,0.0,0.012888,0.070207,0.007062,proton,pi+,solid
182,11.0,0.176602,0.614636,0.473707,2.229602,0.305235,AUT,0.0,0.008017,0.070207,0.007690,proton,pi+,solid
183,11.0,0.215899,0.540557,0.474027,2.405026,0.296571,AUT,0.0,0.008096,0.070207,0.007490,proton,pi+,solid
184,11.0,0.255280,0.467315,0.474125,2.456571,0.292403,AUT,0.0,0.007864,0.070207,0.007326,proton,pi+,solid
185,11.0,0.316315,0.392487,0.474214,2.552853,0.292886,AUT,0.0,0.008499,0.070207,0.007114,proton,pi+,solid
186,11.0,0.170946,0.645735,0.474014,2.260225,0.494479,AUT,0.0,0.006755,0.070207,0.007720,proton,pi+,solid
187,11.0,0.230216,0.523932,0.474454,2.471768,0.485762,AUT,0.0,0.009988,0.070207,0.007428,proton,pi+,solid
188,11.0,0.310364,0.401205,0.474473,2.558097,0.479820,AUT,0.0,0.010100,0.070207,0.007133,proton,pi+,solid
189,11.0,0.192123,0.614676,0.474333,2.361322,0.686536,AUT,0.0,0.006058,0.070207,0.007615,proton,pi+,solid
190,11.0,0.298933,0.425541,0.473463,2.621545,0.672437,AUT,0.0,0.018590,0.070207,0.007169,proton,pi+,solid
191,11.0,0.189986,0.627636,0.475282,2.382313,0.901356,AUT,0.0,0.012360,0.070207,0.007626,proton,pi+,solid
192,11.0,0.213140,0.534951,0.523723,2.328348,0.130147,AUT,0.0,0.008625,0.070207,0.007484,proton,pi+,solid
193,11.0,0.297139,0.412657,0.523747,2.513341,0.128743,AUT,0.0,0.009647,0.070207,0.007153,proton,pi+,solid
194,11.0,0.183882,0.598902,0.523713,2.260346,0.304525,AUT,0.0,0.008107,0.070207,0.007627,proton,pi+,solid
195,11.0,0.232489,0.506782,0.524000,2.424252,0.295772,AUT,0.0,0.008123,0.070207,0.007393,proton,pi+,solid
196,11.0,0.297004,0.411345,0.524077,2.506724,0.294370,AUT,0.0,0.008145,0.070207,0.007152,proton,pi+,solid
197,11.0,0.373973,0.364563,0.523913,2.813826,0.298690,AUT,0.0,0.034716,0.070207,0.006909,proton,pi+,solid
198,11.0,0.179215,0.624108,0.524060,2.288871,0.494374,AUT,0.0,0.007247,0.070207,0.007651,proton,pi+,solid
199,11.0,0.260687,0.471892,0.524244,2.499117,0.484279,AUT,0.0,0.009246,0.070207,0.007284,proton,pi+,solid
200,11.0,0.364439,0.374542,0.520903,2.816730,0.455831,AUT,0.0,0.041043,0.070207,0.006939,proton,pi+,solid
201,11.0,0.183038,0.630627,0.524359,2.341391,0.742230,AUT,0.0,0.006364,0.070207,0.007633,proton,pi+,solid
202,11.0,0.266332,0.469182,0.523777,2.568060,0.707571,AUT,0.0,0.012678,0.070207,0.007258,proton,pi+,solid
203,11.0,0.228076,0.509527,0.573713,2.358626,0.130072,AUT,0.0,0.008485,0.070207,0.007392,proton,pi+,solid
204,11.0,0.320157,0.388926,0.573553,2.563709,0.129530,AUT,0.0,0.014417,0.070207,0.007047,proton,pi+,solid
205,11.0,0.192571,0.580916,0.573800,2.292996,0.303703,AUT,0.0,0.008084,0.070207,0.007555,proton,pi+,solid
206,11.0,0.256963,0.464057,0.573992,2.446477,0.295943,AUT,0.0,0.008198,0.070207,0.007267,proton,pi+,solid
207,11.0,0.326328,0.385839,0.572758,2.595157,0.293678,AUT,0.0,0.013893,0.070207,0.007027,proton,pi+,solid
208,11.0,0.189708,0.598822,0.573921,2.322123,0.493722,AUT,0.0,0.007955,0.070207,0.007569,proton,pi+,solid
209,11.0,0.270913,0.454946,0.573734,2.522035,0.482765,AUT,0.0,0.012282,0.070207,0.007216,proton,pi+,solid
210,11.0,0.199418,0.592235,0.573901,2.383842,0.735669,AUT,0.0,0.007557,0.070207,0.007525,proton,pi+,solid
211,11.0,0.317246,0.436951,0.569176,2.860706,0.641677,AUT,0.0,0.125133,0.070207,0.007052,proton,pi+,solid
212,11.0,0.193165,0.574594,0.623623,2.278189,0.252083,AUT,0.0,0.008059,0.070207,0.007521,proton,pi+,solid
213,11.0,0.246110,0.478786,0.623866,2.423882,0.236749,AUT,0.0,0.008303,0.070207,0.007278,proton,pi+,solid
214,11.0,0.303913,0.411658,0.622417,2.576688,0.227678,AUT,0.0,0.010332,0.070207,0.007068,proton,pi+,solid
215,11.0,0.206132,0.561741,0.623743,2.355885,0.492226,AUT,0.0,0.008898,0.070207,0.007459,proton,pi+,solid
216,11.0,0.288460,0.442044,0.622068,2.628173,0.475974,AUT,0.0,0.022524,0.070207,0.007118,proton,pi+,solid
217,11.0,0.199348,0.587819,0.623167,2.385558,0.748839,AUT,0.0,0.010719,0.070207,0.007493,proton,pi+,solid
218,11.0,0.208916,0.536781,0.673161,2.298294,0.247598,AUT,0.0,0.008328,0.070207,0.007411,proton,pi+,solid
219,11.0,0.273624,0.451028,0.672241,2.540520,0.229131,AUT,0.0,0.010088,0.070207,0.007139,proton,pi+,solid
220,11.0,0.209154,0.552363,0.672648,2.362639,0.551408,AUT,0.0,0.009985,0.070207,0.007411,proton,pi+,solid
221,11.0,0.286366,0.468792,0.668883,2.769075,0.480381,AUT,0.0,0.046454,0.070207,0.007089,proton,pi+,solid
222,11.0,0.253941,0.628603,0.324025,3.288831,0.127717,AUT,0.0,0.013104,0.070207,0.007400,proton,pi+,solid
223,11.0,0.297476,0.565804,0.324222,3.468751,0.126944,AUT,0.0,0.012347,0.070207,0.007244,proton,pi+,solid
224,11.0,0.351023,0.495048,0.328313,3.576360,0.126928,AUT,0.0,0.011124,0.070207,0.007076,proton,pi+,solid
225,11.0,0.239951,0.647946,0.323758,3.202671,0.300354,AUT,0.0,0.009981,0.070207,0.007455,proton,pi+,solid
226,11.0,0.273650,0.604478,0.324161,3.413006,0.293811,AUT,0.0,0.009701,0.070207,0.007326,proton,pi+,solid
227,11.0,0.302948,0.557746,0.324488,3.484592,0.289958,AUT,0.0,0.009462,0.070207,0.007226,proton,pi+,solid
228,11.0,0.349717,0.499973,0.327870,3.599908,0.287714,AUT,0.0,0.009572,0.070207,0.007080,proton,pi+,solid
229,11.0,0.434293,0.436176,0.342352,3.909472,0.285889,AUT,0.0,0.180795,0.070207,0.006825,proton,pi+,solid
230,11.0,0.243794,0.652179,0.324249,3.265285,0.486411,AUT,0.0,0.008761,0.070207,0.007441,proton,pi+,solid
231,11.0,0.312663,0.551423,0.325431,3.537562,0.484687,AUT,0.0,0.008625,0.070207,0.007196,proton,pi+,solid
232,11.0,0.401086,0.460921,0.333676,3.812850,0.484647,AUT,0.0,0.039532,0.070207,0.006927,proton,pi+,solid
233,11.0,0.281695,0.597744,0.326260,3.414980,0.694809,AUT,0.0,0.013307,0.070207,0.007303,proton,pi+,solid
234,11.0,0.260444,0.621044,0.373923,3.330499,0.127931,AUT,0.0,0.011892,0.070207,0.007346,proton,pi+,solid
235,11.0,0.316751,0.529311,0.373899,3.449591,0.127223,AUT,0.0,0.011515,0.070207,0.007153,proton,pi+,solid
236,11.0,0.386028,0.443935,0.375510,3.527666,0.126528,AUT,0.0,0.012105,0.070207,0.006945,proton,pi+,solid
237,11.0,0.246482,0.637907,0.373972,3.238935,0.298841,AUT,0.0,0.010836,0.070207,0.007399,proton,pi+,solid
238,11.0,0.285508,0.587431,0.374079,3.458715,0.293613,AUT,0.0,0.010520,0.070207,0.007254,proton,pi+,solid
239,11.0,0.326373,0.515168,0.374153,3.463934,0.290149,AUT,0.0,0.009995,0.070207,0.007123,proton,pi+,solid
240,11.0,0.388154,0.442688,0.376165,3.536994,0.289352,AUT,0.0,0.012660,0.070207,0.006939,proton,pi+,solid
241,11.0,0.252416,0.638250,0.374183,3.308212,0.487565,AUT,0.0,0.010338,0.070207,0.007377,proton,pi+,solid
242,11.0,0.340567,0.505843,0.375145,3.513937,0.483433,AUT,0.0,0.010293,0.070207,0.007080,proton,pi+,solid
243,11.0,0.286763,0.588007,0.375028,3.402954,0.711132,AUT,0.0,0.010546,0.070207,0.007258,proton,pi+,solid
244,11.0,0.269953,0.606499,0.423744,3.365575,0.128552,AUT,0.0,0.010967,0.070207,0.007285,proton,pi+,solid
245,11.0,0.350482,0.478984,0.423748,3.441747,0.127728,AUT,0.0,0.010799,0.070207,0.007024,proton,pi+,solid
246,11.0,0.429398,0.411865,0.423551,3.650069,0.126906,AUT,0.0,0.026767,0.070207,0.006792,proton,pi+,solid
247,11.0,0.253033,0.629407,0.423953,3.279815,0.298041,AUT,0.0,0.011145,0.070207,0.007347,proton,pi+,solid
248,11.0,0.301145,0.559939,0.424013,3.472874,0.293349,AUT,0.0,0.010670,0.070207,0.007175,proton,pi+,solid
249,11.0,0.364239,0.460544,0.424101,3.447601,0.291317,AUT,0.0,0.011253,0.070207,0.006983,proton,pi+,solid
250,11.0,0.431115,0.409351,0.424159,3.642538,0.292473,AUT,0.0,0.030462,0.070207,0.006787,proton,pi+,solid
251,11.0,0.260633,0.624555,0.424183,3.341008,0.488069,AUT,0.0,0.012315,0.070207,0.007320,proton,pi+,solid
252,11.0,0.355514,0.480970,0.424509,3.491985,0.482794,AUT,0.0,0.013663,0.070207,0.007008,proton,pi+,solid
253,11.0,0.284138,0.591639,0.424592,3.397461,0.726522,AUT,0.0,0.009306,0.070207,0.007240,proton,pi+,solid
254,11.0,0.282381,0.585375,0.473686,3.385769,0.128569,AUT,0.0,0.010581,0.070207,0.007216,proton,pi+,solid
255,11.0,0.376699,0.449340,0.473650,3.476391,0.128353,AUT,0.0,0.013313,0.070207,0.006919,proton,pi+,solid
256,11.0,0.260410,0.620639,0.473987,3.326217,0.298190,AUT,0.0,0.011182,0.070207,0.007294,proton,pi+,solid
257,11.0,0.324076,0.519521,0.474027,3.459607,0.293631,AUT,0.0,0.010946,0.070207,0.007077,proton,pi+,solid
258,11.0,0.399518,0.424905,0.473999,3.497329,0.294609,AUT,0.0,0.017185,0.070207,0.006853,proton,pi+,solid
259,11.0,0.273291,0.603466,0.474253,3.373693,0.488632,AUT,0.0,0.013265,0.070207,0.007249,proton,pi+,solid
260,11.0,0.375110,0.452731,0.474275,3.486529,0.481089,AUT,0.0,0.018067,0.070207,0.006924,proton,pi+,solid
261,11.0,0.281256,0.596445,0.474597,3.397623,0.739180,AUT,0.0,0.010169,0.070207,0.007224,proton,pi+,solid
262,11.0,0.302171,0.554024,0.523671,3.400819,0.128916,AUT,0.0,0.010083,0.070207,0.007124,proton,pi+,solid
263,11.0,0.410380,0.419225,0.523498,3.548563,0.128996,AUT,0.0,0.024267,0.070207,0.006792,proton,pi+,solid
264,11.0,0.268746,0.608468,0.523881,3.360379,0.298888,AUT,0.0,0.010879,0.070207,0.007236,proton,pi+,solid
265,11.0,0.360047,0.471369,0.523938,3.469850,0.295737,AUT,0.0,0.011440,0.070207,0.006940,proton,pi+,solid
266,11.0,0.284980,0.583912,0.524256,3.387232,0.489311,AUT,0.0,0.013578,0.070207,0.007181,proton,pi+,solid
267,11.0,0.391256,0.435745,0.523183,3.514222,0.475126,AUT,0.0,0.027273,0.070207,0.006848,proton,pi+,solid
268,11.0,0.278120,0.601486,0.524352,3.397679,0.745307,AUT,0.0,0.013354,0.070207,0.007206,proton,pi+,solid
269,11.0,0.264526,0.614188,0.573776,3.342800,0.242667,AUT,0.0,0.010040,0.070207,0.007221,proton,pi+,solid
270,11.0,0.332317,0.505889,0.573887,3.452740,0.234555,AUT,0.0,0.010557,0.070207,0.006993,proton,pi+,solid
271,11.0,0.404415,0.423622,0.572663,3.533407,0.230055,AUT,0.0,0.018531,0.070207,0.006778,proton,pi+,solid
272,11.0,0.270319,0.608281,0.574201,3.370144,0.556211,AUT,0.0,0.014309,0.070207,0.007201,proton,pi+,solid
273,11.0,0.354149,0.482563,0.573172,3.515674,0.517430,AUT,0.0,0.024138,0.070207,0.006926,proton,pi+,solid
274,11.0,0.275566,0.596425,0.623669,3.373594,0.243148,AUT,0.0,0.009987,0.070207,0.007148,proton,pi+,solid
275,11.0,0.356113,0.476236,0.622912,3.485177,0.231476,AUT,0.0,0.012808,0.070207,0.006887,proton,pi+,solid
276,11.0,0.285069,0.585854,0.623574,3.406891,0.549519,AUT,0.0,0.014800,0.070207,0.007117,proton,pi+,solid
277,11.0,0.391306,0.468658,0.616919,3.784707,0.456373,AUT,0.0,0.105598,0.070207,0.006783,proton,pi+,solid
278,11.0,0.283929,0.576612,0.672247,3.363142,0.325912,AUT,0.0,0.010591,0.070207,0.007085,proton,pi+,solid
279,11.0,0.349423,0.493729,0.671096,3.555751,0.267815,AUT,0.0,0.017205,0.070207,0.006872,proton,pi+,solid
280,11.0,0.324260,0.639743,0.324007,4.277432,0.126131,AUT,0.0,0.020867,0.070207,0.007155,proton,pi+,solid
281,11.0,0.368300,0.593892,0.324053,4.510373,0.126319,AUT,0.0,0.019317,0.070207,0.007023,proton,pi+,solid
282,11.0,0.429828,0.516905,0.325956,4.570320,0.127921,AUT,0.0,0.016981,0.070207,0.006843,proton,pi+,solid
283,11.0,0.318397,0.646315,0.324174,4.244335,0.291109,AUT,0.0,0.017821,0.070207,0.007173,proton,pi+,solid
284,11.0,0.354457,0.611802,0.324272,4.474219,0.289506,AUT,0.0,0.015321,0.070207,0.007063,proton,pi+,solid
285,11.0,0.393455,0.554978,0.324420,4.501448,0.287994,AUT,0.0,0.013772,0.070207,0.006950,proton,pi+,solid
286,11.0,0.452263,0.493558,0.327517,4.599646,0.290635,AUT,0.0,0.016711,0.070207,0.006778,proton,pi+,solid
287,11.0,0.344749,0.617126,0.324530,4.374884,0.483233,AUT,0.0,0.016010,0.070207,0.007092,proton,pi+,solid
288,11.0,0.432587,0.510310,0.326441,4.541591,0.483636,AUT,0.0,0.017503,0.070207,0.006835,proton,pi+,solid
289,11.0,0.365050,0.593322,0.325226,4.425976,0.703250,AUT,0.0,0.018303,0.070207,0.007031,proton,pi+,solid
290,11.0,0.331017,0.633269,0.373850,4.320648,0.126855,AUT,0.0,0.018950,0.070207,0.007103,proton,pi+,solid
291,11.0,0.392459,0.560049,0.373892,4.522370,0.127704,AUT,0.0,0.017160,0.070207,0.006921,proton,pi+,solid
292,11.0,0.467700,0.468474,0.373645,4.517845,0.127751,AUT,0.0,0.023863,0.070207,0.006703,proton,pi+,solid
293,11.0,0.322721,0.642201,0.374162,4.273750,0.292620,AUT,0.0,0.018908,0.070207,0.007128,proton,pi+,solid
294,11.0,0.365743,0.596407,0.374199,4.498036,0.290752,AUT,0.0,0.015758,0.070207,0.006998,proton,pi+,solid
295,11.0,0.426716,0.513075,0.374138,4.503298,0.290688,AUT,0.0,0.013827,0.070207,0.006822,proton,pi+,solid
296,11.0,0.495868,0.456809,0.374029,4.675539,0.295443,AUT,0.0,0.038509,0.070207,0.006618,proton,pi+,solid
297,11.0,0.348949,0.612328,0.374543,4.388917,0.482789,AUT,0.0,0.020501,0.070207,0.007048,proton,pi+,solid
298,11.0,0.447051,0.491064,0.374508,4.516783,0.482637,AUT,0.0,0.019036,0.070207,0.006762,proton,pi+,solid
299,11.0,0.365685,0.591347,0.374508,4.416839,0.717528,AUT,0.0,0.015679,0.070207,0.006998,proton,pi+,solid
300,11.0,0.340232,0.623010,0.423714,4.365016,0.127766,AUT,0.0,0.017539,0.070207,0.007046,proton,pi+,solid
301,11.0,0.423113,0.521393,0.423685,4.525580,0.128674,AUT,0.0,0.017323,0.070207,0.006802,proton,pi+,solid
302,11.0,0.328362,0.636605,0.423978,4.309209,0.293873,AUT,0.0,0.019058,0.070207,0.007083,proton,pi+,solid
303,11.0,0.382477,0.572140,0.424085,4.507349,0.291997,AUT,0.0,0.015413,0.070207,0.006921,proton,pi+,solid
304,11.0,0.454466,0.484852,0.424042,4.537428,0.294522,AUT,0.0,0.018707,0.070207,0.006711,proton,pi+,solid
305,11.0,0.357377,0.601316,0.424433,4.402476,0.483712,AUT,0.0,0.020285,0.070207,0.006995,proton,pi+,solid
306,11.0,0.463419,0.475183,0.424351,4.538982,0.481453,AUT,0.0,0.026832,0.070207,0.006684,proton,pi+,solid
307,11.0,0.363274,0.594405,0.424608,4.413672,0.726966,AUT,0.0,0.016539,0.070207,0.006977,proton,pi+,solid
308,11.0,0.355165,0.604695,0.473718,4.410133,0.128227,AUT,0.0,0.016043,0.070207,0.006974,proton,pi+,solid
309,11.0,0.450849,0.487357,0.473568,4.523604,0.129706,AUT,0.0,0.025697,0.070207,0.006693,proton,pi+,solid
310,11.0,0.335168,0.629552,0.474048,4.347272,0.295268,AUT,0.0,0.018443,0.070207,0.007034,proton,pi+,solid
311,11.0,0.417330,0.528613,0.473970,4.521432,0.295115,AUT,0.0,0.014234,0.070207,0.006789,proton,pi+,solid
312,11.0,0.524987,0.455462,0.473459,4.935742,0.304836,AUT,0.0,0.331428,0.070207,0.006467,proton,pi+,solid
313,11.0,0.367307,0.589290,0.474423,4.416509,0.485100,AUT,0.0,0.018842,0.070207,0.006937,proton,pi+,solid
314,11.0,0.485522,0.462451,0.473484,4.633891,0.470944,AUT,0.0,0.049719,0.070207,0.006589,proton,pi+,solid
315,11.0,0.359808,0.599277,0.474472,4.412502,0.729369,AUT,0.0,0.023190,0.070207,0.006959,proton,pi+,solid
316,11.0,0.328809,0.635009,0.523836,4.304209,0.234993,AUT,0.0,0.016704,0.070207,0.007025,proton,pi+,solid
317,11.0,0.383134,0.571794,0.523891,4.512275,0.232916,AUT,0.0,0.015178,0.070207,0.006861,proton,pi+,solid
318,11.0,0.454272,0.484907,0.523696,4.536694,0.239868,AUT,0.0,0.018458,0.070207,0.006651,proton,pi+,solid
319,11.0,0.351705,0.609326,0.524445,4.398861,0.542312,AUT,0.0,0.021861,0.070207,0.006954,proton,pi+,solid
320,11.0,0.443793,0.498312,0.523218,4.557224,0.503929,AUT,0.0,0.029093,0.070207,0.006683,proton,pi+,solid
321,11.0,0.337367,0.626050,0.573851,4.350774,0.238121,AUT,0.0,0.016158,0.070207,0.006966,proton,pi+,solid
322,11.0,0.415191,0.531760,0.573555,4.530921,0.237019,AUT,0.0,0.014705,0.070207,0.006732,proton,pi+,solid
323,11.0,0.356816,0.603843,0.574153,4.414369,0.563560,AUT,0.0,0.020365,0.070207,0.006906,proton,pi+,solid
324,11.0,0.458590,0.495746,0.570204,4.691588,0.466915,AUT,0.0,0.067121,0.070207,0.006606,proton,pi+,solid
325,11.0,0.349249,0.611518,0.623603,4.391752,0.240303,AUT,0.0,0.015453,0.070207,0.006895,proton,pi+,solid
326,11.0,0.427322,0.518048,0.622682,4.560772,0.236064,AUT,0.0,0.022366,0.070207,0.006662,proton,pi+,solid
327,11.0,0.354044,0.608994,0.623477,4.422036,0.559086,AUT,0.0,0.023534,0.070207,0.006880,proton,pi+,solid
328,11.0,0.360348,0.593327,0.671183,4.397971,0.339711,AUT,0.0,0.016388,0.070207,0.006826,proton,pi+,solid
329,11.0,0.431806,0.527470,0.668204,4.699904,0.231654,AUT,0.0,0.050298,0.070207,0.006613,proton,pi+,solid
330,11.0,0.413687,0.626073,0.323826,5.335572,0.126937,AUT,0.0,0.022191,0.070207,0.006888,proton,pi+,solid
331,11.0,0.492335,0.546745,0.323949,5.541092,0.126648,AUT,0.0,0.025185,0.070207,0.006658,proton,pi+,solid
332,11.0,0.402545,0.639215,0.324182,5.305291,0.290691,AUT,0.0,0.016965,0.070207,0.006920,proton,pi+,solid
333,11.0,0.469500,0.570261,0.324423,5.512083,0.287001,AUT,0.0,0.016375,0.070207,0.006725,proton,pi+,solid
334,11.0,0.539047,0.505964,0.325186,5.629200,0.288958,AUT,0.0,0.042195,0.070207,0.006518,proton,pi+,solid
335,11.0,0.436485,0.604864,0.324661,5.411439,0.530530,AUT,0.0,0.014098,0.070207,0.006819,proton,pi+,solid
336,11.0,0.546282,0.503612,0.325259,5.678853,0.489193,AUT,0.0,0.077381,0.070207,0.006496,proton,pi+,solid
337,11.0,0.426809,0.612145,0.373854,5.373665,0.127713,AUT,0.0,0.021207,0.070207,0.006816,proton,pi+,solid
338,11.0,0.513036,0.526315,0.373672,5.566665,0.128140,AUT,0.0,0.038224,0.070207,0.006562,proton,pi+,solid
339,11.0,0.410468,0.631204,0.374105,5.338534,0.292485,AUT,0.0,0.017842,0.070207,0.006864,proton,pi+,solid
340,11.0,0.490462,0.548058,0.374196,5.530652,0.289702,AUT,0.0,0.019425,0.070207,0.006628,proton,pi+,solid
341,11.0,0.439682,0.601961,0.374687,5.418757,0.543113,AUT,0.0,0.016257,0.070207,0.006775,proton,pi+,solid
342,11.0,0.571771,0.503608,0.374302,5.943825,0.468079,AUT,0.0,0.532176,0.070207,0.006383,proton,pi+,solid
343,11.0,0.402237,0.637050,0.423809,5.283213,0.229251,AUT,0.0,0.019544,0.070207,0.006858,proton,pi+,solid
344,11.0,0.460155,0.579208,0.423889,5.493382,0.224444,AUT,0.0,0.018429,0.070207,0.006688,proton,pi+,solid
345,11.0,0.522905,0.516561,0.423843,5.571564,0.231046,AUT,0.0,0.029316,0.070207,0.006500,proton,pi+,solid
346,11.0,0.439258,0.602186,0.424607,5.416065,0.543572,AUT,0.0,0.019323,0.070207,0.006746,proton,pi+,solid
347,11.0,0.411315,0.628367,0.473874,5.325395,0.231849,AUT,0.0,0.019066,0.070207,0.006802,proton,pi+,solid
348,11.0,0.489300,0.549168,0.473790,5.529575,0.231862,AUT,0.0,0.019823,0.070207,0.006570,proton,pi+,solid
349,11.0,0.437851,0.603902,0.474287,5.415908,0.544635,AUT,0.0,0.022187,0.070207,0.006721,proton,pi+,solid
350,11.0,0.423066,0.616211,0.523856,5.364628,0.234943,AUT,0.0,0.018547,0.070207,0.006736,proton,pi+,solid
351,11.0,0.506683,0.531548,0.523636,5.550324,0.238481,AUT,0.0,0.028103,0.070207,0.006485,proton,pi+,solid
352,11.0,0.433877,0.608011,0.524160,5.409748,0.547252,AUT,0.0,0.025826,0.070207,0.006701,proton,pi+,solid
353,11.0,0.441886,0.597056,0.573639,5.408908,0.237774,AUT,0.0,0.017859,0.070207,0.006643,proton,pi+,solid
354,11.0,0.553257,0.508047,0.567477,5.801824,0.192680,AUT,0.0,0.170509,0.070207,0.006309,proton,pi+,solid
355,11.0,0.427501,0.615240,0.573793,5.401988,0.546022,AUT,0.0,0.030334,0.070207,0.006687,proton,pi+,solid
356,11.0,0.427614,0.612941,0.623422,5.388172,0.341780,AUT,0.0,0.018849,0.070207,0.006651,proton,pi+,solid
357,11.0,0.512150,0.538097,0.618428,5.687499,0.218433,AUT,0.0,0.073801,0.070207,0.006398,proton,pi+,solid
358,11.0,0.431006,0.606593,0.669556,5.384496,0.305216,AUT,0.0,0.026418,0.070207,0.006606,proton,pi+,solid
359,11.0,0.492446,0.625174,0.323864,6.343873,0.224647,AUT,0.0,0.017419,0.070207,0.006655,proton,pi+,solid
360,11.0,0.568508,0.578536,0.323966,6.787427,0.217849,AUT,0.0,0.019221,0.070207,0.006426,proton,pi+,solid
361,11.0,0.520819,0.613481,0.324559,6.570586,0.523967,AUT,0.0,0.020903,0.070207,0.006567,proton,pi+,solid
362,11.0,0.504502,0.615649,0.373833,6.395516,0.227358,AUT,0.0,0.017885,0.070207,0.006583,proton,pi+,solid
363,11.0,0.582035,0.572766,0.373814,6.882808,0.222871,AUT,0.0,0.028099,0.070207,0.006348,proton,pi+,solid
364,11.0,0.520137,0.613479,0.374500,6.561849,0.526877,AUT,0.0,0.028774,0.070207,0.006533,proton,pi+,solid
365,11.0,0.523038,0.602945,0.423668,6.485872,0.230584,AUT,0.0,0.018035,0.070207,0.006493,proton,pi+,solid
366,11.0,0.615092,0.584114,0.423720,7.417360,0.224409,AUT,0.0,0.081207,0.070207,0.006213,proton,pi+,solid
367,11.0,0.519207,0.613130,0.424269,6.546393,0.527808,AUT,0.0,0.038664,0.070207,0.006504,proton,pi+,solid
368,11.0,0.522653,0.604391,0.473843,6.496271,0.297495,AUT,0.0,0.018396,0.070207,0.006462,proton,pi+,solid
369,11.0,0.617254,0.586042,0.473305,7.467830,0.263728,AUT,0.0,0.098980,0.070207,0.006173,proton,pi+,solid
370,11.0,0.521056,0.607523,0.523558,6.510957,0.326271,AUT,0.0,0.020424,0.070207,0.006433,proton,pi+,solid
371,11.0,0.514531,0.612585,0.573069,6.486206,0.318964,AUT,0.0,0.024398,0.070207,0.006417,proton,pi+,solid
372,11.0,0.502038,0.622001,0.622207,6.432266,0.310057,AUT,0.0,0.031639,0.070207,0.006418,proton,pi+,solid
373,8.8,0.096746,0.706339,0.323905,1.122022,0.272421,AUT,0.0,0.006958,0.070207,0.011661,proton,pi+,solid
374,8.8,0.120492,0.645987,0.326485,1.284720,0.255254,AUT,0.0,0.006094,0.070207,0.011456,proton,pi+,solid
375,8.8,0.150998,0.625534,0.327706,1.558183,0.254837,AUT,0.0,0.005577,0.070207,0.011195,proton,pi+,solid
376,8.8,0.189034,0.588594,0.331370,1.834684,0.241391,AUT,0.0,0.008838,0.070207,0.010889,proton,pi+,solid
377,8.8,0.100331,0.730486,0.325064,1.201692,0.485825,AUT,0.0,0.006328,0.070207,0.011630,proton,pi+,solid
378,8.8,0.147324,0.654850,0.327544,1.582660,0.482532,AUT,0.0,0.006518,0.070207,0.011225,proton,pi+,solid
379,8.8,0.120145,0.694221,0.329066,1.348713,0.658636,AUT,0.0,0.014815,0.070207,0.011454,proton,pi+,solid
380,8.8,0.134657,0.576615,0.375346,1.271102,0.132116,AUT,0.0,0.009894,0.070207,0.011300,proton,pi+,solid
381,8.8,0.199951,0.531274,0.378248,1.749920,0.128324,AUT,0.0,0.013398,0.070207,0.010780,proton,pi+,solid
382,8.8,0.105611,0.669694,0.373890,1.158492,0.306248,AUT,0.0,0.006521,0.070207,0.011554,proton,pi+,solid
383,8.8,0.141017,0.594775,0.375216,1.383277,0.299100,AUT,0.0,0.005453,0.070207,0.011246,proton,pi+,solid
384,8.8,0.187285,0.552163,0.376945,1.701333,0.293708,AUT,0.0,0.005764,0.070207,0.010873,proton,pi+,solid
385,8.8,0.103886,0.709318,0.374187,1.205829,0.492147,AUT,0.0,0.005666,0.070207,0.011569,proton,pi+,solid
386,8.8,0.156424,0.603092,0.375688,1.545134,0.488235,AUT,0.0,0.005141,0.070207,0.011117,proton,pi+,solid
387,8.8,0.232170,0.498548,0.383449,1.909984,0.488342,AUT,0.0,0.043178,0.070207,0.010562,proton,pi+,solid
388,8.8,0.130724,0.654119,0.377336,1.369379,0.679027,AUT,0.0,0.009633,0.070207,0.011333,proton,pi+,solid
389,8.8,0.138848,0.547142,0.424544,1.241501,0.129947,AUT,0.0,0.009951,0.070207,0.011237,proton,pi+,solid
390,8.8,0.206509,0.492866,0.426267,1.673323,0.127590,AUT,0.0,0.010085,0.070207,0.010710,proton,pi+,solid
391,8.8,0.112745,0.636709,0.423794,1.174154,0.305064,AUT,0.0,0.006841,0.070207,0.011467,proton,pi+,solid
392,8.8,0.154448,0.552559,0.424734,1.406753,0.295613,AUT,0.0,0.005786,0.070207,0.011104,proton,pi+,solid
393,8.8,0.206702,0.501209,0.426150,1.701691,0.290131,AUT,0.0,0.006498,0.070207,0.010707,proton,pi+,solid
394,8.8,0.108396,0.688585,0.424015,1.219389,0.495172,AUT,0.0,0.005304,0.070207,0.011506,proton,pi+,solid
395,8.8,0.170603,0.558056,0.425031,1.551556,0.490171,AUT,0.0,0.005042,0.070207,0.010977,proton,pi+,solid
396,8.8,0.135413,0.633608,0.425799,1.364894,0.697160,AUT,0.0,0.007423,0.070207,0.011268,proton,pi+,solid
397,8.8,0.248765,0.458467,0.428196,1.881832,0.666369,AUT,0.0,0.081150,0.070207,0.010437,proton,pi+,solid
398,8.8,0.148850,0.522085,0.474272,1.266628,0.129035,AUT,0.0,0.009323,0.070207,0.011129,proton,pi+,solid
399,8.8,0.223997,0.455102,0.475473,1.674153,0.127387,AUT,0.0,0.010490,0.070207,0.010567,proton,pi+,solid
400,8.8,0.119337,0.610087,0.473852,1.189804,0.304127,AUT,0.0,0.007469,0.070207,0.011387,proton,pi+,solid
401,8.8,0.169354,0.517942,0.474566,1.444481,0.293991,AUT,0.0,0.006038,0.070207,0.010957,proton,pi+,solid
402,8.8,0.229970,0.454023,0.475688,1.714610,0.290057,AUT,0.0,0.008319,0.070207,0.010528,proton,pi+,solid
403,8.8,0.116499,0.658856,0.473993,1.249786,0.495197,AUT,0.0,0.005132,0.070207,0.011411,proton,pi+,solid
404,8.8,0.188634,0.515225,0.474926,1.581745,0.489168,AUT,0.0,0.006281,0.070207,0.010814,proton,pi+,solid
405,8.8,0.130256,0.638800,0.475020,1.331043,0.715052,AUT,0.0,0.006490,0.070207,0.011288,proton,pi+,solid
406,8.8,0.218140,0.483504,0.473809,1.736247,0.685411,AUT,0.0,0.024095,0.070207,0.010600,proton,pi+,solid
407,8.8,0.159667,0.501748,0.524055,1.301834,0.128715,AUT,0.0,0.009015,0.070207,0.011015,proton,pi+,solid
408,8.8,0.240022,0.426303,0.524184,1.684569,0.127801,AUT,0.0,0.013163,0.070207,0.010437,proton,pi+,solid
409,8.8,0.128419,0.581943,0.523947,1.218330,0.303073,AUT,0.0,0.007486,0.070207,0.011282,proton,pi+,solid
410,8.8,0.194385,0.475740,0.524555,1.516951,0.292644,AUT,0.0,0.006220,0.070207,0.010740,proton,pi+,solid
411,8.8,0.266426,0.408665,0.524336,1.796156,0.291623,AUT,0.0,0.017946,0.070207,0.010284,proton,pi+,solid
412,8.8,0.125953,0.627806,0.524141,1.281509,0.494210,AUT,0.0,0.005471,0.070207,0.011303,proton,pi+,solid
413,8.8,0.204131,0.484377,0.524216,1.616733,0.483880,AUT,0.0,0.009797,0.070207,0.010671,proton,pi+,solid
414,8.8,0.131826,0.639717,0.524544,1.348721,0.728182,AUT,0.0,0.005792,0.070207,0.011251,proton,pi+,solid
415,8.8,0.230087,0.479531,0.521966,1.819602,0.670264,AUT,0.0,0.034692,0.070207,0.010490,proton,pi+,solid
416,8.8,0.176991,0.480505,0.573882,1.372912,0.129050,AUT,0.0,0.008376,0.070207,0.010852,proton,pi+,solid
417,8.8,0.290688,0.396543,0.573695,1.903190,0.128274,AUT,0.0,0.056879,0.070207,0.010121,proton,pi+,solid
418,8.8,0.136645,0.559553,0.573950,1.243731,0.302164,AUT,0.0,0.007716,0.070207,0.011181,proton,pi+,solid
419,8.8,0.210680,0.455632,0.573672,1.574019,0.291350,AUT,0.0,0.007656,0.070207,0.010594,proton,pi+,solid
420,8.8,0.136151,0.601473,0.574183,1.320770,0.492925,AUT,0.0,0.006120,0.070207,0.011184,proton,pi+,solid
421,8.8,0.219778,0.471952,0.573207,1.706277,0.477936,AUT,0.0,0.020909,0.070207,0.010525,proton,pi+,solid
422,8.8,0.129479,0.652617,0.574263,1.355763,0.747554,AUT,0.0,0.005548,0.070207,0.011243,proton,pi+,solid
423,8.8,0.134327,0.550153,0.623854,1.205415,0.249005,AUT,0.0,0.008306,0.070207,0.011169,proton,pi+,solid
424,8.8,0.199721,0.467154,0.623030,1.533427,0.223230,AUT,0.0,0.007015,0.070207,0.010631,proton,pi+,solid
425,8.8,0.284072,0.410347,0.614276,1.924411,0.165120,AUT,0.0,0.068702,0.070207,0.010118,proton,pi+,solid
426,8.8,0.122170,0.634445,0.623974,1.260871,0.572615,AUT,0.0,0.005663,0.070207,0.011278,proton,pi+,solid
427,8.8,0.187315,0.532190,0.622998,1.638065,0.526996,AUT,0.0,0.013277,0.070207,0.010712,proton,pi+,solid
428,8.8,0.115640,0.704882,0.623689,1.328977,0.907779,AUT,0.0,0.012689,0.070207,0.011336,proton,pi+,solid
429,8.8,0.144843,0.535510,0.673367,1.264572,0.244570,AUT,0.0,0.007909,0.070207,0.011036,proton,pi+,solid
430,8.8,0.209937,0.487199,0.671123,1.685698,0.218004,AUT,0.0,0.012619,0.070207,0.010506,proton,pi+,solid
431,8.8,0.127231,0.631320,0.673282,1.307432,0.598908,AUT,0.0,0.005819,0.070207,0.011193,proton,pi+,solid
432,8.8,0.199235,0.543392,0.670603,1.784699,0.501350,AUT,0.0,0.033441,0.070207,0.010572,proton,pi+,solid
433,8.8,0.214435,0.638787,0.327514,2.237083,0.340203,AUT,0.0,0.006358,0.070207,0.010715,proton,pi+,solid
434,8.8,0.285290,0.576815,0.333426,2.715064,0.285992,AUT,0.0,0.011878,0.070207,0.010303,proton,pi+,solid
435,8.8,0.238466,0.577058,0.374908,2.255573,0.243430,AUT,0.0,0.006095,0.070207,0.010529,proton,pi+,solid
436,8.8,0.308264,0.532126,0.377774,2.703662,0.222338,AUT,0.0,0.010466,0.070207,0.010159,proton,pi+,solid
437,8.8,0.241872,0.603449,0.375711,2.357425,0.536767,AUT,0.0,0.007989,0.070207,0.010519,proton,pi+,solid
438,8.8,0.248076,0.555229,0.424154,2.256894,0.235584,AUT,0.0,0.006645,0.070207,0.010440,proton,pi+,solid
439,8.8,0.321175,0.494664,0.425980,2.616553,0.221581,AUT,0.0,0.009321,0.070207,0.010069,proton,pi+,solid
440,8.8,0.251563,0.582784,0.424703,2.357353,0.550966,AUT,0.0,0.006978,0.070207,0.010432,proton,pi+,solid
441,8.8,0.261540,0.537378,0.474043,2.299842,0.232709,AUT,0.0,0.006903,0.070207,0.010334,proton,pi+,solid
442,8.8,0.337025,0.468498,0.474139,2.605024,0.224472,AUT,0.0,0.012698,0.070207,0.009966,proton,pi+,solid
443,8.8,0.253578,0.575976,0.474277,2.348677,0.560030,AUT,0.0,0.007208,0.070207,0.010388,proton,pi+,solid
444,8.8,0.277635,0.520928,0.524017,2.359862,0.232308,AUT,0.0,0.007123,0.070207,0.010217,proton,pi+,solid
445,8.8,0.377034,0.455601,0.523830,2.836277,0.237584,AUT,0.0,0.038960,0.070207,0.009755,proton,pi+,solid
446,8.8,0.250844,0.579138,0.524055,2.341571,0.564835,AUT,0.0,0.008234,0.070207,0.010366,proton,pi+,solid
447,8.8,0.267065,0.537056,0.573738,2.339237,0.305075,AUT,0.0,0.007183,0.070207,0.010233,proton,pi+,solid
448,8.8,0.356255,0.467383,0.571906,2.748393,0.246320,AUT,0.0,0.025509,0.070207,0.009803,proton,pi+,solid
449,8.8,0.259809,0.556704,0.623067,2.352643,0.351070,AUT,0.0,0.007640,0.070207,0.010229,proton,pi+,solid
450,8.8,0.250049,0.573151,0.672121,2.341804,0.338916,AUT,0.0,0.009919,0.070207,0.010234,proton,pi+,solid
451,8.8,0.359355,0.577895,0.333012,3.424780,0.288463,AUT,0.0,0.013251,0.070207,0.009968,proton,pi+,solid
452,8.8,0.368441,0.555529,0.375304,3.371795,0.264686,AUT,0.0,0.010542,0.070207,0.009894,proton,pi+,solid
453,8.8,0.442663,0.519738,0.377504,3.798383,0.258482,AUT,0.0,0.033212,0.070207,0.009585,proton,pi+,solid
454,8.8,0.377396,0.545274,0.424119,3.385456,0.271134,AUT,0.0,0.010901,0.070207,0.009819,proton,pi+,solid
455,8.8,0.462037,0.510678,0.424094,3.896376,0.260469,AUT,0.0,0.087350,0.070207,0.009466,proton,pi+,solid
456,8.8,0.377061,0.546655,0.474000,3.390620,0.299234,AUT,0.0,0.011609,0.070207,0.009782,proton,pi+,solid
457,8.8,0.375970,0.547925,0.523842,3.389276,0.298865,AUT,0.0,0.013503,0.070207,0.009747,proton,pi+,solid
458,8.8,0.371636,0.552468,0.573230,3.379682,0.288494,AUT,0.0,0.016352,0.070207,0.009722,proton,pi+,solid
459,8.8,0.362921,0.562110,0.622176,3.362478,0.268871,AUT,0.0,0.021793,0.070207,0.009712,proton,pi+,solid
460,8.8,0.457088,0.577216,0.333006,4.353882,0.265293,AUT,0.0,0.022508,0.070207,0.009559,proton,pi+,solid
461,8.8,0.461857,0.566852,0.374198,4.319456,0.269756,AUT,0.0,0.019546,0.070207,0.009502,proton,pi+,solid
462,8.8,0.461706,0.566476,0.423940,4.315263,0.276930,AUT,0.0,0.022991,0.070207,0.009460,proton,pi+,solid
463,8.8,0.460769,0.566697,0.473842,4.308082,0.280554,AUT,0.0,0.027484,0.070207,0.009423,proton,pi+,solid
464,8.8,0.459627,0.567854,0.523519,4.306127,0.271552,AUT,0.0,0.033419,0.070207,0.009385,proton,pi+,solid
