i,Ebeam,x,y,z,Q2,pT,obs,value,stat,systrel,systabs,target,hadron,Experiment
0,11.0,0.065521,0.795721,0.322593,1.074466,0.338705,AUT,0.0,0.002157,0.070207,0.001085,neutron,pi+,solid
1,11.0,0.074191,0.759768,0.326741,1.163431,0.325988,AUT,0.0,0.002166,0.070207,0.001098,neutron,pi+,solid
2,11.0,0.082020,0.753744,0.327388,1.276052,0.321068,AUT,0.0,0.002140,0.070207,0.001109,neutron,pi+,solid
3,11.0,0.090787,0.748245,0.327903,1.402114,0.316210,AUT,0.0,0.002186,0.070207,0.001122,neutron,pi+,solid
4,11.0,0.101081,0.740629,0.328773,1.545168,0.310328,AUT,0.0,0.002147,0.070207,0.001139,neutron,pi+,solid
5,11.0,0.114507,0.730880,0.330196,1.727242,0.302962,AUT,0.0,0.002174,0.070207,0.001162,neutron,pi+,solid
6,11.0,0.129675,0.710152,0.334855,1.899448,0.294464,AUT,0.0,0.003060,0.070207,0.001189,neutron,pi+,solid
7,11.0,0.061084,0.832631,0.323091,1.048995,0.501208,AUT,0.0,0.002068,0.070207,0.001078,neutron,pi+,solid
8,11.0,0.066648,0.795116,0.324063,1.093709,0.497897,AUT,0.0,0.002178,0.070207,0.001086,neutron,pi+,solid
9,11.0,0.070994,0.777801,0.325903,1.139741,0.495677,AUT,0.0,0.002160,0.070207,0.001093,neutron,pi+,solid
10,11.0,0.075549,0.770263,0.326744,1.201176,0.494320,AUT,0.0,0.002179,0.070207,0.001100,neutron,pi+,solid
11,11.0,0.080723,0.765672,0.327015,1.275772,0.493326,AUT,0.0,0.002197,0.070207,0.001107,neutron,pi+,solid
12,11.0,0.086891,0.760587,0.327348,1.364129,0.492125,AUT,0.0,0.002214,0.070207,0.001116,neutron,pi+,solid
13,11.0,0.094510,0.753928,0.327893,1.470702,0.490170,AUT,0.0,0.002275,0.070207,0.001128,neutron,pi+,solid
14,11.0,0.104113,0.745562,0.328739,1.602113,0.487727,AUT,0.0,0.002464,0.070207,0.001144,neutron,pi+,solid
15,11.0,0.118431,0.732699,0.330521,1.790535,0.484664,AUT,0.0,0.002669,0.070207,0.001169,neutron,pi+,solid
16,11.0,0.134251,0.698503,0.338046,1.934788,0.482868,AUT,0.0,0.009183,0.070207,0.001198,neutron,pi+,solid
17,11.0,0.065070,0.813946,0.326532,1.091116,0.668663,AUT,0.0,0.002079,0.070207,0.001084,neutron,pi+,solid
18,11.0,0.080203,0.771777,0.328721,1.277073,0.669116,AUT,0.0,0.002111,0.070207,0.001107,neutron,pi+,solid
19,11.0,0.106685,0.742552,0.330688,1.631603,0.671116,AUT,0.0,0.002238,0.070207,0.001149,neutron,pi+,solid
20,11.0,0.069491,0.757414,0.371757,1.083832,0.338606,AUT,0.0,0.002539,0.070207,0.001094,neutron,pi+,solid
21,11.0,0.078535,0.703830,0.373622,1.140696,0.318841,AUT,0.0,0.002224,0.070207,0.001108,neutron,pi+,solid
22,11.0,0.084643,0.689753,0.375438,1.205090,0.312448,AUT,0.0,0.002297,0.070207,0.001117,neutron,pi+,solid
23,11.0,0.090684,0.686540,0.375641,1.285083,0.308728,AUT,0.0,0.002193,0.070207,0.001127,neutron,pi+,solid
24,11.0,0.097315,0.683152,0.375784,1.372262,0.305051,AUT,0.0,0.002160,0.070207,0.001137,neutron,pi+,solid
25,11.0,0.104158,0.680609,0.375992,1.463299,0.301119,AUT,0.0,0.002263,0.070207,0.001149,neutron,pi+,solid
26,11.0,0.111440,0.677382,0.376096,1.558160,0.297157,AUT,0.0,0.002229,0.070207,0.001161,neutron,pi+,solid
27,11.0,0.119430,0.673783,0.376272,1.661008,0.292994,AUT,0.0,0.002299,0.070207,0.001175,neutron,pi+,solid
28,11.0,0.128472,0.665964,0.376670,1.765817,0.287297,AUT,0.0,0.002258,0.070207,0.001192,neutron,pi+,solid
29,11.0,0.141202,0.639973,0.379170,1.864142,0.275596,AUT,0.0,0.002348,0.070207,0.001216,neutron,pi+,solid
30,11.0,0.156599,0.601702,0.389045,1.944413,0.256992,AUT,0.0,0.006877,0.070207,0.001247,neutron,pi+,solid
31,11.0,0.063238,0.815526,0.372877,1.063091,0.503320,AUT,0.0,0.002048,0.070207,0.001084,neutron,pi+,solid
32,11.0,0.070524,0.764784,0.373255,1.113016,0.499181,AUT,0.0,0.002144,0.070207,0.001096,neutron,pi+,solid
33,11.0,0.075535,0.738166,0.373615,1.150776,0.496224,AUT,0.0,0.002221,0.070207,0.001103,neutron,pi+,solid
34,11.0,0.080186,0.722215,0.374545,1.195302,0.493973,AUT,0.0,0.002202,0.070207,0.001111,neutron,pi+,solid
35,11.0,0.085152,0.714357,0.375254,1.255599,0.492534,AUT,0.0,0.002247,0.070207,0.001118,neutron,pi+,solid
36,11.0,0.090647,0.710139,0.375363,1.328724,0.491531,AUT,0.0,0.002289,0.070207,0.001127,neutron,pi+,solid
37,11.0,0.096627,0.705442,0.375561,1.407012,0.490221,AUT,0.0,0.002409,0.070207,0.001136,neutron,pi+,solid
38,11.0,0.103437,0.701494,0.375665,1.497740,0.489115,AUT,0.0,0.002450,0.070207,0.001148,neutron,pi+,solid
39,11.0,0.111627,0.695880,0.375852,1.603349,0.487600,AUT,0.0,0.002588,0.070207,0.001162,neutron,pi+,solid
40,11.0,0.121789,0.688787,0.376139,1.731393,0.486074,AUT,0.0,0.002809,0.070207,0.001180,neutron,pi+,solid
41,11.0,0.137445,0.655744,0.378687,1.857147,0.483270,AUT,0.0,0.004123,0.070207,0.001209,neutron,pi+,solid
42,11.0,0.064733,0.810926,0.374656,1.081497,0.679244,AUT,0.0,0.002070,0.070207,0.001087,neutron,pi+,solid
43,11.0,0.076131,0.751986,0.375291,1.180984,0.675996,AUT,0.0,0.002114,0.070207,0.001104,neutron,pi+,solid
44,11.0,0.087298,0.724758,0.376337,1.305685,0.676150,AUT,0.0,0.002202,0.070207,0.001122,neutron,pi+,solid
45,11.0,0.102115,0.707505,0.376567,1.490733,0.677552,AUT,0.0,0.002254,0.070207,0.001146,neutron,pi+,solid
46,11.0,0.126612,0.675501,0.377679,1.760467,0.680419,AUT,0.0,0.002509,0.070207,0.001189,neutron,pi+,solid
47,11.0,0.091000,0.742307,0.378793,1.371580,0.861732,AUT,0.0,0.002842,0.070207,0.001128,neutron,pi+,solid
48,11.0,0.111749,0.595501,0.425302,1.372723,0.157040,AUT,0.0,0.002718,0.070207,0.001166,neutron,pi+,solid
49,11.0,0.151606,0.575643,0.428061,1.797492,0.139117,AUT,0.0,0.002985,0.070207,0.001241,neutron,pi+,solid
50,11.0,0.075196,0.712919,0.422146,1.103386,0.335543,AUT,0.0,0.002480,0.070207,0.001106,neutron,pi+,solid
51,11.0,0.086122,0.661067,0.422936,1.174925,0.320689,AUT,0.0,0.002219,0.070207,0.001123,neutron,pi+,solid
52,11.0,0.093841,0.647280,0.423524,1.253697,0.317281,AUT,0.0,0.002189,0.070207,0.001135,neutron,pi+,solid
53,11.0,0.101187,0.638598,0.424268,1.333743,0.314731,AUT,0.0,0.002167,0.070207,0.001148,neutron,pi+,solid
54,11.0,0.108702,0.633850,0.424912,1.422201,0.312768,AUT,0.0,0.002202,0.070207,0.001161,neutron,pi+,solid
55,11.0,0.116584,0.631175,0.425085,1.518909,0.310856,AUT,0.0,0.002265,0.070207,0.001175,neutron,pi+,solid
56,11.0,0.125153,0.627743,0.425120,1.621623,0.309094,AUT,0.0,0.002289,0.070207,0.001190,neutron,pi+,solid
57,11.0,0.135334,0.613363,0.425460,1.713057,0.306552,AUT,0.0,0.002319,0.070207,0.001210,neutron,pi+,solid
58,11.0,0.150066,0.586491,0.426531,1.815552,0.302049,AUT,0.0,0.002474,0.070207,0.001238,neutron,pi+,solid
59,11.0,0.168568,0.551330,0.431852,1.917155,0.293319,AUT,0.0,0.005695,0.070207,0.001275,neutron,pi+,solid
60,11.0,0.065546,0.797202,0.423028,1.076447,0.506059,AUT,0.0,0.002089,0.070207,0.001091,neutron,pi+,solid
61,11.0,0.074554,0.738436,0.423431,1.135959,0.500688,AUT,0.0,0.002124,0.070207,0.001105,neutron,pi+,solid
62,11.0,0.081007,0.706319,0.423641,1.180779,0.496818,AUT,0.0,0.002157,0.070207,0.001115,neutron,pi+,solid
63,11.0,0.086838,0.687688,0.423846,1.232578,0.494121,AUT,0.0,0.002264,0.070207,0.001124,neutron,pi+,solid
64,11.0,0.092579,0.677767,0.424081,1.295139,0.492854,AUT,0.0,0.002367,0.070207,0.001134,neutron,pi+,solid
65,11.0,0.098602,0.669830,0.424408,1.363260,0.491658,AUT,0.0,0.002442,0.070207,0.001143,neutron,pi+,solid
66,11.0,0.105275,0.663638,0.424850,1.442081,0.490840,AUT,0.0,0.002533,0.070207,0.001155,neutron,pi+,solid
67,11.0,0.112977,0.658163,0.425073,1.534805,0.489876,AUT,0.0,0.002625,0.070207,0.001169,neutron,pi+,solid
68,11.0,0.122119,0.652815,0.425143,1.645485,0.488935,AUT,0.0,0.002801,0.070207,0.001185,neutron,pi+,solid
69,11.0,0.133747,0.632745,0.425592,1.745995,0.486224,AUT,0.0,0.003371,0.070207,0.001207,neutron,pi+,solid
70,11.0,0.153164,0.584810,0.427825,1.845117,0.485222,AUT,0.0,0.008812,0.070207,0.001245,neutron,pi+,solid
71,11.0,0.065615,0.802266,0.424018,1.084220,0.689687,AUT,0.0,0.002174,0.070207,0.001091,neutron,pi+,solid
72,11.0,0.077326,0.740434,0.424494,1.180983,0.684679,AUT,0.0,0.002251,0.070207,0.001109,neutron,pi+,solid
73,11.0,0.088100,0.703614,0.424618,1.279072,0.683602,AUT,0.0,0.002366,0.070207,0.001126,neutron,pi+,solid
74,11.0,0.100499,0.679941,0.425138,1.410024,0.683432,AUT,0.0,0.002451,0.070207,0.001147,neutron,pi+,solid
75,11.0,0.117498,0.658869,0.425665,1.597198,0.684048,AUT,0.0,0.002678,0.070207,0.001177,neutron,pi+,solid
76,11.0,0.143659,0.604756,0.426887,1.786931,0.686688,AUT,0.0,0.003529,0.070207,0.001226,neutron,pi+,solid
77,11.0,0.082302,0.741019,0.426500,1.244322,0.868800,AUT,0.0,0.002146,0.070207,0.001117,neutron,pi+,solid
78,11.0,0.129210,0.638004,0.427659,1.690915,0.869173,AUT,0.0,0.004603,0.070207,0.001199,neutron,pi+,solid
79,11.0,0.117361,0.562026,0.473921,1.357599,0.149611,AUT,0.0,0.002423,0.070207,0.001180,neutron,pi+,solid
80,11.0,0.158954,0.530526,0.476560,1.735847,0.132398,AUT,0.0,0.002419,0.070207,0.001261,neutron,pi+,solid
81,11.0,0.197784,0.478173,0.487885,1.951740,0.127021,AUT,0.0,0.015222,0.070207,0.001342,neutron,pi+,solid
82,11.0,0.080219,0.677848,0.472543,1.119024,0.331987,AUT,0.0,0.002600,0.070207,0.001116,neutron,pi+,solid
83,11.0,0.093940,0.637761,0.473128,1.236296,0.319460,AUT,0.0,0.002265,0.070207,0.001139,neutron,pi+,solid
84,11.0,0.104522,0.619313,0.473282,1.335894,0.315259,AUT,0.0,0.002209,0.070207,0.001157,neutron,pi+,solid
85,11.0,0.114218,0.603816,0.473524,1.423404,0.311487,AUT,0.0,0.002243,0.070207,0.001174,neutron,pi+,solid
86,11.0,0.123655,0.592941,0.474164,1.513318,0.308257,AUT,0.0,0.002273,0.070207,0.001192,neutron,pi+,solid
87,11.0,0.133762,0.579993,0.474766,1.601130,0.305019,AUT,0.0,0.002339,0.070207,0.001211,neutron,pi+,solid
88,11.0,0.146052,0.561884,0.475150,1.693444,0.301997,AUT,0.0,0.002496,0.070207,0.001236,neutron,pi+,solid
89,11.0,0.165333,0.531159,0.476199,1.810538,0.295420,AUT,0.0,0.002919,0.070207,0.001274,neutron,pi+,solid
90,11.0,0.190418,0.490980,0.482124,1.928889,0.288882,AUT,0.0,0.015840,0.070207,0.001326,neutron,pi+,solid
91,11.0,0.068806,0.772113,0.472996,1.093460,0.509368,AUT,0.0,0.002115,0.070207,0.001098,neutron,pi+,solid
92,11.0,0.079935,0.705825,0.473556,1.163984,0.501387,AUT,0.0,0.002103,0.070207,0.001116,neutron,pi+,solid
93,11.0,0.087891,0.678278,0.473792,1.230364,0.497424,AUT,0.0,0.002196,0.070207,0.001129,neutron,pi+,solid
94,11.0,0.095627,0.663485,0.473893,1.309485,0.495376,AUT,0.0,0.002258,0.070207,0.001142,neutron,pi+,solid
95,11.0,0.103736,0.650690,0.473963,1.393155,0.493518,AUT,0.0,0.002371,0.070207,0.001156,neutron,pi+,solid
96,11.0,0.112615,0.637195,0.474105,1.481005,0.492105,AUT,0.0,0.002512,0.070207,0.001172,neutron,pi+,solid
97,11.0,0.122463,0.625376,0.474419,1.580658,0.490943,AUT,0.0,0.002741,0.070207,0.001190,neutron,pi+,solid
98,11.0,0.134055,0.603243,0.474954,1.668529,0.488833,AUT,0.0,0.003231,0.070207,0.001213,neutron,pi+,solid
99,11.0,0.153810,0.557681,0.475843,1.766944,0.486676,AUT,0.0,0.006241,0.070207,0.001251,neutron,pi+,solid
100,11.0,0.183653,0.501338,0.479723,1.898910,0.488790,AUT,0.0,0.033598,0.070207,0.001312,neutron,pi+,solid
101,11.0,0.067767,0.786279,0.473854,1.096572,0.693366,AUT,0.0,0.002196,0.070207,0.001096,neutron,pi+,solid
102,11.0,0.081100,0.719560,0.474288,1.203679,0.688041,AUT,0.0,0.002416,0.070207,0.001118,neutron,pi+,solid
103,11.0,0.093589,0.687945,0.474409,1.328383,0.686533,AUT,0.0,0.002656,0.070207,0.001139,neutron,pi+,solid
104,11.0,0.108815,0.657551,0.474481,1.475934,0.685725,AUT,0.0,0.002891,0.070207,0.001165,neutron,pi+,solid
105,11.0,0.130346,0.611059,0.475191,1.640393,0.685964,AUT,0.0,0.003436,0.070207,0.001205,neutron,pi+,solid
106,11.0,0.163064,0.535714,0.476809,1.797735,0.688132,AUT,0.0,0.006220,0.070207,0.001270,neutron,pi+,solid
107,11.0,0.077433,0.752447,0.475568,1.192444,0.875433,AUT,0.0,0.002135,0.070207,0.001112,neutron,pi+,solid
108,11.0,0.124769,0.622083,0.476112,1.580122,0.875556,AUT,0.0,0.002494,0.070207,0.001195,neutron,pi+,solid
109,11.0,0.097269,0.713385,0.478137,1.391676,1.068275,AUT,0.0,0.004950,0.070207,0.001146,neutron,pi+,solid
110,11.0,0.126947,0.540475,0.523422,1.409911,0.143512,AUT,0.0,0.002341,0.070207,0.001203,neutron,pi+,solid
111,11.0,0.170563,0.489624,0.525657,1.719258,0.128589,AUT,0.0,0.002498,0.070207,0.001291,neutron,pi+,solid
112,11.0,0.209611,0.445492,0.531216,1.926591,0.125068,AUT,0.0,0.009390,0.070207,0.001373,neutron,pi+,solid
113,11.0,0.086411,0.649800,0.522871,1.155551,0.328454,AUT,0.0,0.002502,0.070207,0.001130,neutron,pi+,solid
114,11.0,0.104680,0.613028,0.523295,1.323961,0.317042,AUT,0.0,0.002244,0.070207,0.001162,neutron,pi+,solid
115,11.0,0.118942,0.590392,0.523502,1.449054,0.312057,AUT,0.0,0.002243,0.070207,0.001188,neutron,pi+,solid
116,11.0,0.131899,0.567987,0.523625,1.545844,0.306737,AUT,0.0,0.002372,0.070207,0.001213,neutron,pi+,solid
117,11.0,0.145666,0.539975,0.524131,1.622870,0.301921,AUT,0.0,0.002499,0.070207,0.001241,neutron,pi+,solid
118,11.0,0.164132,0.509450,0.525085,1.724650,0.296361,AUT,0.0,0.002991,0.070207,0.001278,neutron,pi+,solid
119,11.0,0.191039,0.470736,0.527052,1.853131,0.291227,AUT,0.0,0.007665,0.070207,0.001334,neutron,pi+,solid
120,11.0,0.072413,0.745998,0.523141,1.111012,0.511454,AUT,0.0,0.002208,0.070207,0.001106,neutron,pi+,solid
121,11.0,0.085715,0.678831,0.523637,1.200507,0.501955,AUT,0.0,0.002139,0.070207,0.001129,neutron,pi+,solid
122,11.0,0.096280,0.656082,0.523788,1.303541,0.498328,AUT,0.0,0.002180,0.070207,0.001147,neutron,pi+,solid
123,11.0,0.106922,0.638301,0.523961,1.408462,0.495512,AUT,0.0,0.002337,0.070207,0.001166,neutron,pi+,solid
124,11.0,0.118417,0.621750,0.524048,1.519436,0.493536,AUT,0.0,0.002498,0.070207,0.001188,neutron,pi+,solid
125,11.0,0.131503,0.596722,0.524159,1.618856,0.491491,AUT,0.0,0.002902,0.070207,0.001213,neutron,pi+,solid
126,11.0,0.149547,0.547954,0.524782,1.688955,0.488319,AUT,0.0,0.004447,0.070207,0.001249,neutron,pi+,solid
127,11.0,0.180448,0.485841,0.526461,1.804184,0.489380,AUT,0.0,0.016748,0.070207,0.001312,neutron,pi+,solid
128,11.0,0.070291,0.769221,0.523912,1.111678,0.694547,AUT,0.0,0.002170,0.070207,0.001103,neutron,pi+,solid
129,11.0,0.086188,0.699277,0.524323,1.243180,0.688815,AUT,0.0,0.002427,0.070207,0.001130,neutron,pi+,solid
130,11.0,0.102077,0.668711,0.524448,1.408132,0.687373,AUT,0.0,0.002822,0.070207,0.001158,neutron,pi+,solid
131,11.0,0.122668,0.628252,0.524519,1.588201,0.685800,AUT,0.0,0.003464,0.070207,0.001196,neutron,pi+,solid
132,11.0,0.158849,0.526719,0.525558,1.713278,0.686779,AUT,0.0,0.005464,0.070207,0.001267,neutron,pi+,solid
133,11.0,0.076858,0.750675,0.524899,1.181903,0.883004,AUT,0.0,0.002224,0.070207,0.001114,neutron,pi+,solid
134,11.0,0.119219,0.625670,0.525036,1.522577,0.882013,AUT,0.0,0.002333,0.070207,0.001189,neutron,pi+,solid
135,11.0,0.175549,0.492583,0.525980,1.779700,0.878531,AUT,0.0,0.010735,0.070207,0.001302,neutron,pi+,solid
136,11.0,0.098375,0.700701,0.526747,1.380061,1.086166,AUT,0.0,0.003241,0.070207,0.001151,neutron,pi+,solid
137,11.0,0.137098,0.522221,0.573508,1.468678,0.138595,AUT,0.0,0.002371,0.070207,0.001229,neutron,pi+,solid
138,11.0,0.188296,0.450609,0.575295,1.744314,0.126757,AUT,0.0,0.002733,0.070207,0.001336,neutron,pi+,solid
139,11.0,0.092495,0.629382,0.573106,1.197873,0.326178,AUT,0.0,0.002511,0.070207,0.001144,neutron,pi+,solid
140,11.0,0.115709,0.590403,0.573496,1.409191,0.314808,AUT,0.0,0.002285,0.070207,0.001187,neutron,pi+,solid
141,11.0,0.134030,0.559271,0.573690,1.546163,0.308054,AUT,0.0,0.002357,0.070207,0.001224,neutron,pi+,solid
142,11.0,0.153343,0.518561,0.573886,1.639713,0.301065,AUT,0.0,0.002651,0.070207,0.001264,neutron,pi+,solid
143,11.0,0.182372,0.465822,0.574994,1.748753,0.293822,AUT,0.0,0.004089,0.070207,0.001324,neutron,pi+,solid
144,11.0,0.222272,0.414859,0.578910,1.901894,0.291511,AUT,0.0,0.013589,0.070207,0.001409,neutron,pi+,solid
145,11.0,0.076689,0.716267,0.573218,1.128881,0.511782,AUT,0.0,0.002247,0.070207,0.001117,neutron,pi+,solid
146,11.0,0.092770,0.657578,0.573714,1.258602,0.502548,AUT,0.0,0.002194,0.070207,0.001145,neutron,pi+,solid
147,11.0,0.106519,0.632902,0.573848,1.391063,0.498149,AUT,0.0,0.002274,0.070207,0.001170,neutron,pi+,solid
148,11.0,0.121117,0.611156,0.574062,1.527352,0.495278,AUT,0.0,0.002477,0.070207,0.001199,neutron,pi+,solid
149,11.0,0.138502,0.573584,0.574222,1.637971,0.492061,AUT,0.0,0.002994,0.070207,0.001234,neutron,pi+,solid
150,11.0,0.168722,0.495010,0.574687,1.715443,0.489343,AUT,0.0,0.007210,0.070207,0.001296,neutron,pi+,solid
151,11.0,0.213996,0.423592,0.577623,1.868706,0.490951,AUT,0.0,0.024342,0.070207,0.001392,neutron,pi+,solid
152,11.0,0.073221,0.750209,0.573898,1.128128,0.696131,AUT,0.0,0.002128,0.070207,0.001111,neutron,pi+,solid
153,11.0,0.091813,0.680745,0.574340,1.289219,0.690390,AUT,0.0,0.002462,0.070207,0.001144,neutron,pi+,solid
154,11.0,0.111621,0.648097,0.574491,1.491793,0.688302,AUT,0.0,0.002897,0.070207,0.001181,neutron,pi+,solid
155,11.0,0.142277,0.567843,0.574567,1.655705,0.686860,AUT,0.0,0.004847,0.070207,0.001242,neutron,pi+,solid
156,11.0,0.190831,0.452728,0.575474,1.777472,0.685323,AUT,0.0,0.012071,0.070207,0.001342,neutron,pi+,solid
157,11.0,0.078540,0.740803,0.574545,1.191554,0.887604,AUT,0.0,0.002340,0.070207,0.001120,neutron,pi+,solid
158,11.0,0.125473,0.610377,0.574549,1.555306,0.884156,AUT,0.0,0.002698,0.070207,0.001207,neutron,pi+,solid
159,11.0,0.193153,0.466627,0.571436,1.858576,0.857722,AUT,0.0,0.027818,0.070207,0.001348,neutron,pi+,solid
160,11.0,0.095853,0.706124,0.575782,1.360937,1.100364,AUT,0.0,0.002610,0.070207,0.001151,neutron,pi+,solid
161,11.0,0.148728,0.501830,0.623603,1.526253,0.135103,AUT,0.0,0.002407,0.070207,0.001261,neutron,pi+,solid
162,11.0,0.205832,0.418239,0.624827,1.770186,0.126038,AUT,0.0,0.003586,0.070207,0.001385,neutron,pi+,solid
163,11.0,0.099498,0.611014,0.623271,1.250320,0.323679,AUT,0.0,0.002471,0.070207,0.001162,neutron,pi+,solid
164,11.0,0.128916,0.564577,0.623627,1.500494,0.311558,AUT,0.0,0.002332,0.070207,0.001221,neutron,pi+,solid
165,11.0,0.155033,0.512191,0.623865,1.636098,0.302028,AUT,0.0,0.002640,0.070207,0.001277,neutron,pi+,solid
166,11.0,0.197329,0.435351,0.624881,1.760805,0.293129,AUT,0.0,0.003901,0.070207,0.001366,neutron,pi+,solid
167,11.0,0.081551,0.689647,0.623315,1.155541,0.511571,AUT,0.0,0.002271,0.070207,0.001129,neutron,pi+,solid
168,11.0,0.102068,0.635036,0.623728,1.336922,0.502204,AUT,0.0,0.002214,0.070207,0.001168,neutron,pi+,solid
169,11.0,0.120908,0.605187,0.623964,1.509466,0.497288,AUT,0.0,0.002417,0.070207,0.001206,neutron,pi+,solid
170,11.0,0.143662,0.556267,0.624148,1.646190,0.492959,AUT,0.0,0.003058,0.070207,0.001253,neutron,pi+,solid
171,11.0,0.186713,0.456454,0.624338,1.743341,0.489119,AUT,0.0,0.009441,0.070207,0.001343,neutron,pi+,solid
172,11.0,0.075944,0.733208,0.623834,1.142520,0.697782,AUT,0.0,0.002171,0.070207,0.001119,neutron,pi+,solid
173,11.0,0.098079,0.663958,0.624250,1.342846,0.691669,AUT,0.0,0.002434,0.070207,0.001160,neutron,pi+,solid
174,11.0,0.124338,0.618299,0.624429,1.582890,0.689082,AUT,0.0,0.003168,0.070207,0.001213,neutron,pi+,solid
175,11.0,0.166785,0.502191,0.623738,1.713031,0.683558,AUT,0.0,0.009974,0.070207,0.001301,neutron,pi+,solid
176,11.0,0.081057,0.729249,0.624475,1.209749,0.888840,AUT,0.0,0.002435,0.070207,0.001129,neutron,pi+,solid
177,11.0,0.127151,0.613025,0.624205,1.588522,0.882711,AUT,0.0,0.004017,0.070207,0.001219,neutron,pi+,solid
178,11.0,0.092486,0.716958,0.625018,1.341117,1.112261,AUT,0.0,0.002522,0.070207,0.001150,neutron,pi+,solid
179,11.0,0.162413,0.479099,0.673648,1.582386,0.132950,AUT,0.0,0.002490,0.070207,0.001300,neutron,pi+,solid
180,11.0,0.227182,0.388007,0.672535,1.816515,0.123866,AUT,0.0,0.006550,0.070207,0.001445,neutron,pi+,solid
181,11.0,0.107654,0.593043,0.673335,1.311737,0.320885,AUT,0.0,0.002425,0.070207,0.001185,neutron,pi+,solid
182,11.0,0.145726,0.528726,0.673687,1.585998,0.306838,AUT,0.0,0.002469,0.070207,0.001266,neutron,pi+,solid
183,11.0,0.193124,0.440611,0.673205,1.741787,0.292698,AUT,0.0,0.003496,0.070207,0.001370,neutron,pi+,solid
184,11.0,0.087368,0.665991,0.673353,1.195162,0.510978,AUT,0.0,0.002269,0.070207,0.001145,neutron,pi+,solid
185,11.0,0.113982,0.610666,0.673799,1.435156,0.501043,AUT,0.0,0.002295,0.070207,0.001199,neutron,pi+,solid
186,11.0,0.141879,0.557163,0.674019,1.627107,0.494892,AUT,0.0,0.002820,0.070207,0.001259,neutron,pi+,solid
187,11.0,0.183144,0.465230,0.672875,1.748621,0.485670,AUT,0.0,0.010985,0.070207,0.001349,neutron,pi+,solid
188,11.0,0.080158,0.711948,0.673818,1.169845,0.699107,AUT,0.0,0.002167,0.070207,0.001132,neutron,pi+,solid
189,11.0,0.107824,0.642805,0.674193,1.428584,0.692393,AUT,0.0,0.002535,0.070207,0.001187,neutron,pi+,solid
190,11.0,0.146272,0.562167,0.673612,1.680554,0.685068,AUT,0.0,0.004799,0.070207,0.001269,neutron,pi+,solid
191,11.0,0.084386,0.716550,0.674325,1.236223,0.889998,AUT,0.0,0.002436,0.070207,0.001140,neutron,pi+,solid
192,11.0,0.127869,0.624855,0.673648,1.638579,0.880023,AUT,0.0,0.005846,0.070207,0.001230,neutron,pi+,solid
193,11.0,0.088390,0.735011,0.674111,1.322522,1.118172,AUT,0.0,0.002881,0.070207,0.001148,neutron,pi+,solid
194,11.0,0.143782,0.716638,0.333124,2.124415,0.290533,AUT,0.0,0.003004,0.070207,0.001215,neutron,pi+,solid
195,11.0,0.171815,0.686726,0.340560,2.433579,0.274606,AUT,0.0,0.004297,0.070207,0.001270,neutron,pi+,solid
196,11.0,0.144328,0.718607,0.333360,2.137754,0.528537,AUT,0.0,0.003668,0.070207,0.001216,neutron,pi+,solid
197,11.0,0.175314,0.685238,0.341175,2.478087,0.533160,AUT,0.0,0.009919,0.070207,0.001277,neutron,pi+,solid
198,11.0,0.169705,0.652566,0.377138,2.280289,0.148228,AUT,0.0,0.003412,0.070207,0.001271,neutron,pi+,solid
199,11.0,0.213792,0.621258,0.382955,2.739133,0.133164,AUT,0.0,0.005370,0.070207,0.001358,neutron,pi+,solid
200,11.0,0.144228,0.704148,0.373164,2.093730,0.310870,AUT,0.0,0.003082,0.070207,0.001222,neutron,pi+,solid
201,11.0,0.159124,0.664886,0.375360,2.183432,0.306869,AUT,0.0,0.003213,0.070207,0.001251,neutron,pi+,solid
202,11.0,0.172423,0.649708,0.377714,2.312189,0.304042,AUT,0.0,0.003267,0.070207,0.001277,neutron,pi+,solid
203,11.0,0.190659,0.639510,0.378986,2.516342,0.300248,AUT,0.0,0.003453,0.070207,0.001313,neutron,pi+,solid
204,11.0,0.217043,0.621976,0.382883,2.784513,0.294425,AUT,0.0,0.004904,0.070207,0.001365,neutron,pi+,solid
205,11.0,0.144104,0.707379,0.374336,2.101242,0.484846,AUT,0.0,0.003869,0.070207,0.001222,neutron,pi+,solid
206,11.0,0.164356,0.663412,0.376933,2.249733,0.482401,AUT,0.0,0.006546,0.070207,0.001261,neutron,pi+,solid
207,11.0,0.196728,0.637176,0.380247,2.583544,0.484073,AUT,0.0,0.014355,0.070207,0.001324,neutron,pi+,solid
208,11.0,0.165345,0.670383,0.376942,2.276150,0.683445,AUT,0.0,0.003431,0.070207,0.001263,neutron,pi+,solid
209,11.0,0.222542,0.617140,0.384366,2.833180,0.686653,AUT,0.0,0.015640,0.070207,0.001376,neutron,pi+,solid
210,11.0,0.173456,0.619218,0.424240,2.209897,0.142508,AUT,0.0,0.003222,0.070207,0.001286,neutron,pi+,solid
211,11.0,0.209151,0.585729,0.426716,2.527898,0.130373,AUT,0.0,0.003456,0.070207,0.001357,neutron,pi+,solid
212,11.0,0.244047,0.560276,0.429922,2.819477,0.126551,AUT,0.0,0.005504,0.070207,0.001426,neutron,pi+,solid
213,11.0,0.148683,0.689849,0.423214,2.113416,0.311714,AUT,0.0,0.003103,0.070207,0.001238,neutron,pi+,solid
214,11.0,0.166648,0.638959,0.423506,2.197165,0.306104,AUT,0.0,0.003236,0.070207,0.001273,neutron,pi+,solid
215,11.0,0.179612,0.613744,0.424620,2.275104,0.301456,AUT,0.0,0.003400,0.070207,0.001299,neutron,pi+,solid
216,11.0,0.192736,0.601961,0.425852,2.394721,0.298466,AUT,0.0,0.003669,0.070207,0.001325,neutron,pi+,solid
217,11.0,0.208785,0.595130,0.426096,2.564606,0.295673,AUT,0.0,0.003952,0.070207,0.001357,neutron,pi+,solid
218,11.0,0.234848,0.574401,0.428091,2.780701,0.290629,AUT,0.0,0.005047,0.070207,0.001408,neutron,pi+,solid
219,11.0,0.146892,0.698511,0.424111,2.114296,0.489881,AUT,0.0,0.003415,0.070207,0.001235,neutron,pi+,solid
220,11.0,0.168471,0.643834,0.424547,2.237477,0.484136,AUT,0.0,0.005376,0.070207,0.001277,neutron,pi+,solid
221,11.0,0.190229,0.610503,0.425994,2.396345,0.484908,AUT,0.0,0.010293,0.070207,0.001320,neutron,pi+,solid
222,11.0,0.224525,0.583688,0.427621,2.700109,0.486432,AUT,0.0,0.020399,0.070207,0.001387,neutron,pi+,solid
223,11.0,0.163655,0.657183,0.424776,2.206333,0.684942,AUT,0.0,0.004970,0.070207,0.001267,neutron,pi+,solid
224,11.0,0.215794,0.588096,0.427341,2.613909,0.685750,AUT,0.0,0.007484,0.070207,0.001370,neutron,pi+,solid
225,11.0,0.183930,0.630513,0.427348,2.366068,0.888409,AUT,0.0,0.006461,0.070207,0.001305,neutron,pi+,solid
226,11.0,0.180963,0.596107,0.473397,2.217712,0.138047,AUT,0.0,0.003292,0.070207,0.001308,neutron,pi+,solid
227,11.0,0.214370,0.548318,0.475438,2.425619,0.128261,AUT,0.0,0.003501,0.070207,0.001376,neutron,pi+,solid
228,11.0,0.252807,0.521772,0.476990,2.717514,0.126322,AUT,0.0,0.003839,0.070207,0.001452,neutron,pi+,solid
229,11.0,0.154014,0.673701,0.473315,2.136410,0.311885,AUT,0.0,0.003134,0.070207,0.001255,neutron,pi+,solid
230,11.0,0.176088,0.615499,0.473623,2.236091,0.305253,AUT,0.0,0.003307,0.070207,0.001299,neutron,pi+,solid
231,11.0,0.192025,0.584461,0.473884,2.316044,0.299466,AUT,0.0,0.003616,0.070207,0.001331,neutron,pi+,solid
232,11.0,0.207482,0.567169,0.474902,2.428803,0.296194,AUT,0.0,0.004106,0.070207,0.001363,neutron,pi+,solid
233,11.0,0.226624,0.555725,0.475381,2.598873,0.293446,AUT,0.0,0.004792,0.070207,0.001401,neutron,pi+,solid
234,11.0,0.257798,0.521332,0.477286,2.769206,0.290259,AUT,0.0,0.009449,0.070207,0.001462,neutron,pi+,solid
235,11.0,0.150469,0.687637,0.473939,2.131017,0.493329,AUT,0.0,0.003300,0.070207,0.001248,neutron,pi+,solid
236,11.0,0.175604,0.627081,0.474381,2.271086,0.486199,AUT,0.0,0.004856,0.070207,0.001299,neutron,pi+,solid
237,11.0,0.200295,0.582194,0.474873,2.405382,0.486108,AUT,0.0,0.009672,0.070207,0.001348,neutron,pi+,solid
238,11.0,0.239213,0.541727,0.476603,2.666209,0.487687,AUT,0.0,0.016978,0.070207,0.001425,neutron,pi+,solid
239,11.0,0.166113,0.650564,0.474659,2.213747,0.683175,AUT,0.0,0.007389,0.070207,0.001279,neutron,pi+,solid
240,11.0,0.226063,0.551816,0.476173,2.564361,0.685502,AUT,0.0,0.008860,0.070207,0.001398,neutron,pi+,solid
241,11.0,0.191969,0.606722,0.475666,2.364063,0.908700,AUT,0.0,0.004454,0.070207,0.001328,neutron,pi+,solid
242,11.0,0.189480,0.576309,0.523461,2.243251,0.134708,AUT,0.0,0.003355,0.070207,0.001334,neutron,pi+,solid
243,11.0,0.227178,0.516525,0.524527,2.420677,0.127342,AUT,0.0,0.003595,0.070207,0.001412,neutron,pi+,solid
244,11.0,0.269485,0.483752,0.525840,2.684558,0.125587,AUT,0.0,0.004114,0.070207,0.001496,neutron,pi+,solid
245,11.0,0.159846,0.656728,0.523453,2.159644,0.311984,AUT,0.0,0.003189,0.070207,0.001275,neutron,pi+,solid
246,11.0,0.186198,0.592636,0.523757,2.276362,0.304070,AUT,0.0,0.003456,0.070207,0.001329,neutron,pi+,solid
247,11.0,0.205987,0.559292,0.523919,2.377110,0.298134,AUT,0.0,0.003970,0.070207,0.001370,neutron,pi+,solid
248,11.0,0.226577,0.533361,0.524591,2.493580,0.294989,AUT,0.0,0.004900,0.070207,0.001411,neutron,pi+,solid
249,11.0,0.258246,0.497826,0.525615,2.649361,0.291170,AUT,0.0,0.006753,0.070207,0.001474,neutron,pi+,solid
250,11.0,0.304373,0.453635,0.529209,2.847879,0.290792,AUT,0.0,0.011500,0.070207,0.001566,neutron,pi+,solid
251,11.0,0.154614,0.675349,0.523920,2.149166,0.495642,AUT,0.0,0.003281,0.070207,0.001264,neutron,pi+,solid
252,11.0,0.183909,0.609537,0.524302,2.311448,0.488066,AUT,0.0,0.004799,0.070207,0.001325,neutron,pi+,solid
253,11.0,0.213760,0.555831,0.524528,2.449487,0.487643,AUT,0.0,0.010162,0.070207,0.001386,neutron,pi+,solid
254,11.0,0.259325,0.496883,0.526083,2.649208,0.489327,AUT,0.0,0.015323,0.070207,0.001476,neutron,pi+,solid
255,11.0,0.168407,0.646164,0.524721,2.227166,0.683958,AUT,0.0,0.006961,0.070207,0.001292,neutron,pi+,solid
256,11.0,0.236987,0.522335,0.525412,2.538035,0.685787,AUT,0.0,0.010021,0.070207,0.001430,neutron,pi+,solid
257,11.0,0.192696,0.601798,0.524767,2.348699,0.921565,AUT,0.0,0.004225,0.070207,0.001339,neutron,pi+,solid
258,11.0,0.198535,0.557984,0.573519,2.273483,0.132832,AUT,0.0,0.003415,0.070207,0.001364,neutron,pi+,solid
259,11.0,0.245308,0.487040,0.574148,2.462626,0.126903,AUT,0.0,0.003705,0.070207,0.001461,neutron,pi+,solid
260,11.0,0.295026,0.445380,0.575324,2.706290,0.125737,AUT,0.0,0.006009,0.070207,0.001562,neutron,pi+,solid
261,11.0,0.166345,0.639077,0.573586,2.184844,0.311801,AUT,0.0,0.003260,0.070207,0.001297,neutron,pi+,solid
262,11.0,0.197923,0.569556,0.573780,2.325024,0.302277,AUT,0.0,0.003673,0.070207,0.001364,neutron,pi+,solid
263,11.0,0.223771,0.529916,0.573965,2.445788,0.296450,AUT,0.0,0.004524,0.070207,0.001418,neutron,pi+,solid
264,11.0,0.256236,0.480730,0.574893,2.538875,0.291756,AUT,0.0,0.005414,0.070207,0.001484,neutron,pi+,solid
265,11.0,0.306366,0.433805,0.576524,2.737970,0.293591,AUT,0.0,0.006396,0.070207,0.001585,neutron,pi+,solid
266,11.0,0.159298,0.662477,0.573873,2.170190,0.497195,AUT,0.0,0.003324,0.070207,0.001283,neutron,pi+,solid
267,11.0,0.194156,0.589633,0.574251,2.359630,0.489551,AUT,0.0,0.005073,0.070207,0.001357,neutron,pi+,solid
268,11.0,0.233847,0.517514,0.574496,2.490326,0.489540,AUT,0.0,0.011711,0.070207,0.001439,neutron,pi+,solid
269,11.0,0.289942,0.447776,0.575740,2.672571,0.488400,AUT,0.0,0.015079,0.070207,0.001551,neutron,pi+,solid
270,11.0,0.170670,0.641426,0.574574,2.239519,0.685659,AUT,0.0,0.005837,0.070207,0.001306,neutron,pi+,solid
271,11.0,0.241458,0.509508,0.574166,2.522026,0.682879,AUT,0.0,0.012524,0.070207,0.001452,neutron,pi+,solid
272,11.0,0.187466,0.614428,0.574287,2.338352,0.927387,AUT,0.0,0.005464,0.070207,0.001339,neutron,pi+,solid
273,11.0,0.208184,0.540525,0.623642,2.306394,0.131627,AUT,0.0,0.003531,0.070207,0.001397,neutron,pi+,solid
274,11.0,0.273833,0.451544,0.624047,2.539238,0.128087,AUT,0.0,0.004010,0.070207,0.001534,neutron,pi+,solid
275,11.0,0.173942,0.620084,0.623526,2.214004,0.310731,AUT,0.0,0.003312,0.070207,0.001325,neutron,pi+,solid
276,11.0,0.212833,0.543915,0.623871,2.386662,0.299981,AUT,0.0,0.003990,0.070207,0.001409,neutron,pi+,solid
277,11.0,0.249982,0.481530,0.624133,2.478939,0.293498,AUT,0.0,0.004758,0.070207,0.001487,neutron,pi+,solid
278,11.0,0.301604,0.423583,0.623925,2.631465,0.292965,AUT,0.0,0.005277,0.070207,0.001593,neutron,pi+,solid
279,11.0,0.165180,0.647395,0.623902,2.196714,0.497904,AUT,0.0,0.003388,0.070207,0.001306,neutron,pi+,solid
280,11.0,0.208327,0.563838,0.624156,2.418806,0.490531,AUT,0.0,0.005752,0.070207,0.001400,neutron,pi+,solid
281,11.0,0.264073,0.471128,0.623304,2.555078,0.485432,AUT,0.0,0.011768,0.070207,0.001515,neutron,pi+,solid
282,11.0,0.175896,0.630338,0.624456,2.264402,0.687477,AUT,0.0,0.005299,0.070207,0.001329,neutron,pi+,solid
283,11.0,0.243002,0.514083,0.623107,2.570196,0.679396,AUT,0.0,0.021706,0.070207,0.001473,neutron,pi+,solid
284,11.0,0.180611,0.631495,0.623934,2.322306,0.923929,AUT,0.0,0.008491,0.070207,0.001338,neutron,pi+,solid
285,11.0,0.220639,0.520236,0.673601,2.346119,0.130781,AUT,0.0,0.003613,0.070207,0.001438,neutron,pi+,solid
286,11.0,0.287045,0.440083,0.672059,2.603197,0.126667,AUT,0.0,0.006737,0.070207,0.001583,neutron,pi+,solid
287,11.0,0.182371,0.600523,0.673586,2.245066,0.309396,AUT,0.0,0.003418,0.070207,0.001356,neutron,pi+,solid
288,11.0,0.231186,0.512597,0.673835,2.440053,0.297189,AUT,0.0,0.004339,0.070207,0.001464,neutron,pi+,solid
289,11.0,0.280729,0.450704,0.671537,2.606938,0.288916,AUT,0.0,0.005782,0.070207,0.001569,neutron,pi+,solid
290,11.0,0.172418,0.630532,0.673818,2.229923,0.498135,AUT,0.0,0.003494,0.070207,0.001334,neutron,pi+,solid
291,11.0,0.230950,0.528964,0.673360,2.507383,0.488366,AUT,0.0,0.007450,0.070207,0.001463,neutron,pi+,solid
292,11.0,0.300002,0.458099,0.666595,2.835644,0.461317,AUT,0.0,0.048330,0.070207,0.001612,neutron,pi+,solid
293,11.0,0.183127,0.619575,0.673992,2.313009,0.687231,AUT,0.0,0.005180,0.070207,0.001357,neutron,pi+,solid
294,11.0,0.253530,0.525945,0.670234,2.749652,0.668284,AUT,0.0,0.066640,0.070207,0.001515,neutron,pi+,solid
295,11.0,0.172776,0.651009,0.673298,2.298765,0.912151,AUT,0.0,0.011936,0.070207,0.001334,neutron,pi+,solid
296,11.0,0.259256,0.672315,0.344312,3.597253,0.334246,AUT,0.0,0.009825,0.070207,0.001435,neutron,pi+,solid
297,11.0,0.244104,0.642506,0.378993,3.236123,0.241003,AUT,0.0,0.005697,0.070207,0.001416,neutron,pi+,solid
298,11.0,0.272535,0.648377,0.377440,3.647934,0.235243,AUT,0.0,0.006037,0.070207,0.001469,neutron,pi+,solid
299,11.0,0.296555,0.634134,0.379440,3.879610,0.224354,AUT,0.0,0.009773,0.070207,0.001513,neutron,pi+,solid
300,11.0,0.261232,0.646975,0.378358,3.488596,0.564263,AUT,0.0,0.009396,0.070207,0.001447,neutron,pi+,solid
301,11.0,0.304984,0.621724,0.383182,3.912538,0.568135,AUT,0.0,0.037839,0.070207,0.001529,neutron,pi+,solid
302,11.0,0.261376,0.603185,0.424750,3.249927,0.128387,AUT,0.0,0.005508,0.070207,0.001459,neutron,pi+,solid
303,11.0,0.303402,0.569887,0.430193,3.562784,0.125877,AUT,0.0,0.006401,0.070207,0.001539,neutron,pi+,solid
304,11.0,0.249627,0.623224,0.423973,3.208242,0.295491,AUT,0.0,0.006137,0.070207,0.001437,neutron,pi+,solid
305,11.0,0.276880,0.603891,0.426125,3.451168,0.292804,AUT,0.0,0.007711,0.070207,0.001489,neutron,pi+,solid
306,11.0,0.308570,0.572190,0.430348,3.637973,0.290303,AUT,0.0,0.014660,0.070207,0.001549,neutron,pi+,solid
307,11.0,0.262872,0.615539,0.425535,3.334992,0.485539,AUT,0.0,0.026308,0.070207,0.001462,neutron,pi+,solid
308,11.0,0.309172,0.569988,0.430847,3.631140,0.486737,AUT,0.0,0.044732,0.070207,0.001550,neutron,pi+,solid
309,11.0,0.274781,0.601879,0.427071,3.400859,0.744703,AUT,0.0,0.007956,0.070207,0.001484,neutron,pi+,solid
310,11.0,0.267851,0.590258,0.473522,3.256710,0.128495,AUT,0.0,0.005580,0.070207,0.001483,neutron,pi+,solid
311,11.0,0.309122,0.533859,0.475301,3.403100,0.125559,AUT,0.0,0.005922,0.070207,0.001562,neutron,pi+,solid
312,11.0,0.356163,0.503148,0.478621,3.696095,0.122569,AUT,0.0,0.010075,0.070207,0.001656,neutron,pi+,solid
313,11.0,0.254279,0.616051,0.473800,3.229668,0.298132,AUT,0.0,0.006092,0.070207,0.001458,neutron,pi+,solid
314,11.0,0.285068,0.580133,0.474031,3.411651,0.293387,AUT,0.0,0.008351,0.070207,0.001517,neutron,pi+,solid
315,11.0,0.321612,0.525471,0.476674,3.483948,0.289885,AUT,0.0,0.010915,0.070207,0.001587,neutron,pi+,solid
316,11.0,0.372749,0.493679,0.481414,3.796197,0.290240,AUT,0.0,0.016317,0.070207,0.001692,neutron,pi+,solid
317,11.0,0.266225,0.606909,0.474372,3.327028,0.486037,AUT,0.0,0.018463,0.070207,0.001481,neutron,pi+,solid
318,11.0,0.326272,0.524176,0.477220,3.519895,0.488004,AUT,0.0,0.023364,0.070207,0.001596,neutron,pi+,solid
319,11.0,0.290557,0.570816,0.475531,3.393165,0.733200,AUT,0.0,0.009582,0.070207,0.001525,neutron,pi+,solid
320,11.0,0.407975,0.468749,0.492683,3.947270,0.652440,AUT,0.0,0.945110,0.070207,0.001776,neutron,pi+,solid
321,11.0,0.276160,0.577118,0.523567,3.279739,0.128588,AUT,0.0,0.005682,0.070207,0.001513,neutron,pi+,solid
322,11.0,0.332214,0.500656,0.524382,3.427226,0.124784,AUT,0.0,0.006126,0.070207,0.001624,neutron,pi+,solid
323,11.0,0.392006,0.464006,0.526776,3.751227,0.129285,AUT,0.0,0.014847,0.070207,0.001754,neutron,pi+,solid
324,11.0,0.259923,0.608266,0.523828,3.258614,0.299363,AUT,0.0,0.006123,0.070207,0.001482,neutron,pi+,solid
325,11.0,0.298547,0.552039,0.524056,3.396502,0.292449,AUT,0.0,0.008706,0.070207,0.001558,neutron,pi+,solid
326,11.0,0.346734,0.485933,0.525514,3.473935,0.291401,AUT,0.0,0.007228,0.070207,0.001654,neutron,pi+,solid
327,11.0,0.403832,0.454652,0.528878,3.787002,0.296537,AUT,0.0,0.015397,0.070207,0.001783,neutron,pi+,solid
328,11.0,0.270580,0.600004,0.524340,3.339747,0.487409,AUT,0.0,0.014341,0.070207,0.001503,neutron,pi+,solid
329,11.0,0.346068,0.490774,0.525692,3.491855,0.488375,AUT,0.0,0.016753,0.070207,0.001652,neutron,pi+,solid
330,11.0,0.292247,0.565216,0.524485,3.373448,0.738409,AUT,0.0,0.012027,0.070207,0.001544,neutron,pi+,solid
331,11.0,0.389632,0.471473,0.522937,3.790883,0.651496,AUT,0.0,0.131790,0.070207,0.001747,neutron,pi+,solid
332,11.0,0.287272,0.559204,0.573646,3.299022,0.128668,AUT,0.0,0.005812,0.070207,0.001552,neutron,pi+,solid
333,11.0,0.361750,0.470749,0.574009,3.503681,0.129405,AUT,0.0,0.007525,0.070207,0.001707,neutron,pi+,solid
334,11.0,0.266453,0.599091,0.573843,3.288331,0.299901,AUT,0.0,0.006245,0.070207,0.001511,neutron,pi+,solid
335,11.0,0.317407,0.517011,0.573993,3.378356,0.292329,AUT,0.0,0.007711,0.070207,0.001613,neutron,pi+,solid
336,11.0,0.381912,0.450570,0.574556,3.544716,0.296701,AUT,0.0,0.007393,0.070207,0.001753,neutron,pi+,solid
337,11.0,0.276019,0.590238,0.574233,3.345960,0.489026,AUT,0.0,0.012083,0.070207,0.001530,neutron,pi+,solid
338,11.0,0.356401,0.474042,0.573624,3.477185,0.483719,AUT,0.0,0.015771,0.070207,0.001695,neutron,pi+,solid
339,11.0,0.289534,0.571499,0.573875,3.381391,0.732425,AUT,0.0,0.018760,0.070207,0.001556,neutron,pi+,solid
340,11.0,0.301479,0.539410,0.623630,3.328398,0.128566,AUT,0.0,0.005965,0.070207,0.001600,neutron,pi+,solid
341,11.0,0.382256,0.454116,0.622715,3.578810,0.133563,AUT,0.0,0.013683,0.070207,0.001781,neutron,pi+,solid
342,11.0,0.274826,0.585026,0.623885,3.307569,0.299445,AUT,0.0,0.006439,0.070207,0.001546,neutron,pi+,solid
343,11.0,0.345420,0.482215,0.623440,3.425976,0.294625,AUT,0.0,0.006635,0.070207,0.001695,neutron,pi+,solid
344,11.0,0.409580,0.443597,0.618428,3.749581,0.285259,AUT,0.0,0.026277,0.070207,0.001849,neutron,pi+,solid
345,11.0,0.285497,0.573326,0.624097,3.350285,0.489965,AUT,0.0,0.010915,0.070207,0.001568,neutron,pi+,solid
346,11.0,0.362850,0.477351,0.621083,3.573614,0.473392,AUT,0.0,0.024634,0.070207,0.001734,neutron,pi+,solid
347,11.0,0.280775,0.587648,0.623266,3.382183,0.726591,AUT,0.0,0.031030,0.070207,0.001558,neutron,pi+,solid
348,11.0,0.272615,0.585583,0.673681,3.286166,0.243330,AUT,0.0,0.006027,0.070207,0.001562,neutron,pi+,solid
349,11.0,0.327299,0.504309,0.673105,3.400274,0.226990,AUT,0.0,0.006607,0.070207,0.001680,neutron,pi+,solid
350,11.0,0.377785,0.474032,0.668685,3.695467,0.210955,AUT,0.0,0.015177,0.070207,0.001799,neutron,pi+,solid
351,11.0,0.276338,0.591399,0.673524,3.356708,0.547262,AUT,0.0,0.011146,0.070207,0.001570,neutron,pi+,solid
352,11.0,0.341980,0.507320,0.668234,3.579825,0.477326,AUT,0.0,0.040395,0.070207,0.001713,neutron,pi+,solid
353,11.0,0.320552,0.671277,0.344553,4.441228,0.316150,AUT,0.0,0.012326,0.070207,0.001546,neutron,pi+,solid
354,11.0,0.319465,0.649731,0.376228,4.282094,0.127378,AUT,0.0,0.007668,0.070207,0.001555,neutron,pi+,solid
355,11.0,0.363055,0.629036,0.381172,4.709881,0.126190,AUT,0.0,0.009196,0.070207,0.001640,neutron,pi+,solid
356,11.0,0.309301,0.657230,0.375315,4.194539,0.290680,AUT,0.0,0.009281,0.070207,0.001536,neutron,pi+,solid
357,11.0,0.341228,0.644815,0.377883,4.541530,0.288011,AUT,0.0,0.011735,0.070207,0.001596,neutron,pi+,solid
358,11.0,0.373467,0.622876,0.382827,4.798494,0.287913,AUT,0.0,0.030283,0.070207,0.001661,neutron,pi+,solid
359,11.0,0.330054,0.648288,0.377393,4.412330,0.485011,AUT,0.0,0.044334,0.070207,0.001575,neutron,pi+,solid
360,11.0,0.385094,0.609084,0.386805,4.839625,0.486257,AUT,0.0,0.116915,0.070207,0.001686,neutron,pi+,solid
361,11.0,0.334376,0.644797,0.378390,4.443032,0.732734,AUT,0.0,0.012908,0.070207,0.001583,neutron,pi+,solid
362,11.0,0.325252,0.640474,0.423471,4.296097,0.127138,AUT,0.0,0.007785,0.070207,0.001581,neutron,pi+,solid
363,11.0,0.373955,0.602990,0.424197,4.649088,0.126576,AUT,0.0,0.008101,0.070207,0.001678,neutron,pi+,solid
364,11.0,0.423624,0.555426,0.429818,4.854171,0.122489,AUT,0.0,0.023775,0.070207,0.001791,neutron,pi+,solid
365,11.0,0.313390,0.651830,0.423995,4.214330,0.294711,AUT,0.0,0.008691,0.070207,0.001559,neutron,pi+,solid
366,11.0,0.346697,0.631787,0.424031,4.520508,0.290149,AUT,0.0,0.011526,0.070207,0.001623,neutron,pi+,solid
367,11.0,0.388967,0.589898,0.425912,4.727515,0.288886,AUT,0.0,0.019382,0.070207,0.001710,neutron,pi+,solid
368,11.0,0.331211,0.640813,0.424309,4.375197,0.485873,AUT,0.0,0.052340,0.070207,0.001593,neutron,pi+,solid
369,11.0,0.391820,0.586301,0.426208,4.734043,0.486771,AUT,0.0,0.052109,0.070207,0.001717,neutron,pi+,solid
370,11.0,0.347011,0.626475,0.425068,4.468772,0.740870,AUT,0.0,0.013297,0.070207,0.001623,neutron,pi+,solid
371,11.0,0.335551,0.633224,0.473557,4.379715,0.127595,AUT,0.0,0.007882,0.070207,0.001618,neutron,pi+,solid
372,11.0,0.399858,0.564323,0.474652,4.644850,0.126470,AUT,0.0,0.010120,0.070207,0.001755,neutron,pi+,solid
373,11.0,0.318714,0.647652,0.473774,4.257783,0.298011,AUT,0.0,0.008471,0.070207,0.001585,neutron,pi+,solid
374,11.0,0.362112,0.614965,0.474024,4.591598,0.291180,AUT,0.0,0.011736,0.070207,0.001673,neutron,pi+,solid
375,11.0,0.417227,0.540636,0.476386,4.647421,0.290487,AUT,0.0,0.015395,0.070207,0.001797,neutron,pi+,solid
376,11.0,0.337181,0.635095,0.474299,4.410302,0.486446,AUT,0.0,0.042719,0.070207,0.001622,neutron,pi+,solid
377,11.0,0.412522,0.546441,0.476261,4.642768,0.487908,AUT,0.0,0.043483,0.070207,0.001786,neutron,pi+,solid
378,11.0,0.350879,0.619589,0.474677,4.460390,0.741345,AUT,0.0,0.018495,0.070207,0.001649,neutron,pi+,solid
379,11.0,0.349788,0.617937,0.523579,4.445921,0.128340,AUT,0.0,0.008080,0.070207,0.001667,neutron,pi+,solid
380,11.0,0.430188,0.513025,0.524377,4.542600,0.130150,AUT,0.0,0.016082,0.070207,0.001855,neutron,pi+,solid
381,11.0,0.325580,0.643128,0.523824,4.318262,0.299819,AUT,0.0,0.008552,0.070207,0.001617,neutron,pi+,solid
382,11.0,0.389758,0.571166,0.524090,4.571087,0.292365,AUT,0.0,0.010289,0.070207,0.001755,neutron,pi+,solid
383,11.0,0.466124,0.464806,0.527944,4.469188,0.298979,AUT,0.0,0.026733,0.070207,0.001959,neutron,pi+,solid
384,11.0,0.345827,0.624218,0.524315,4.435003,0.487281,AUT,0.0,0.027518,0.070207,0.001659,neutron,pi+,solid
385,11.0,0.438538,0.495816,0.524625,4.480959,0.481043,AUT,0.0,0.038181,0.070207,0.001877,neutron,pi+,solid
386,11.0,0.349697,0.620490,0.524340,4.452331,0.739527,AUT,0.0,0.028222,0.070207,0.001667,neutron,pi+,solid
387,11.0,0.323836,0.642543,0.573678,4.291417,0.244192,AUT,0.0,0.008142,0.070207,0.001634,neutron,pi+,solid
388,11.0,0.372485,0.598834,0.573843,4.596646,0.229702,AUT,0.0,0.009020,0.070207,0.001741,neutron,pi+,solid
389,11.0,0.436196,0.499082,0.573031,4.479248,0.237255,AUT,0.0,0.011805,0.070207,0.001901,neutron,pi+,solid
390,11.0,0.334218,0.638405,0.574323,4.396366,0.549359,AUT,0.0,0.022631,0.070207,0.001656,neutron,pi+,solid
391,11.0,0.407376,0.547897,0.573344,4.592035,0.528200,AUT,0.0,0.031803,0.070207,0.001825,neutron,pi+,solid
392,11.0,0.332148,0.637180,0.623778,4.363347,0.244467,AUT,0.0,0.008384,0.070207,0.001676,neutron,pi+,solid
393,11.0,0.400922,0.555996,0.623279,4.579266,0.230885,AUT,0.0,0.009893,0.070207,0.001840,neutron,pi+,solid
394,11.0,0.342925,0.628995,0.624123,4.436128,0.549800,AUT,0.0,0.019531,0.070207,0.001700,neutron,pi+,solid
395,11.0,0.422729,0.538213,0.620679,4.694162,0.489749,AUT,0.0,0.061334,0.070207,0.001898,neutron,pi+,solid
396,11.0,0.343851,0.625655,0.673700,4.429087,0.244063,AUT,0.0,0.008598,0.070207,0.001729,neutron,pi+,solid
397,11.0,0.411321,0.548573,0.671779,4.653145,0.221666,AUT,0.0,0.018475,0.070207,0.001902,neutron,pi+,solid
398,11.0,0.340294,0.633877,0.673244,4.437889,0.556961,AUT,0.0,0.018148,0.070207,0.001720,neutron,pi+,solid
399,11.0,0.392841,0.671274,0.344527,5.442714,0.299595,AUT,0.0,0.020468,0.070207,0.001686,neutron,pi+,solid
400,11.0,0.397040,0.648933,0.376542,5.315050,0.126438,AUT,0.0,0.010245,0.070207,0.001709,neutron,pi+,solid
401,11.0,0.443267,0.624586,0.382266,5.710943,0.125103,AUT,0.0,0.015564,0.070207,0.001819,neutron,pi+,solid
402,11.0,0.390708,0.654480,0.376015,5.275640,0.287473,AUT,0.0,0.017610,0.070207,0.001695,neutron,pi+,solid
403,11.0,0.436075,0.630891,0.381152,5.674360,0.288173,AUT,0.0,0.035863,0.070207,0.001801,neutron,pi+,solid
404,11.0,0.407443,0.645438,0.378036,5.421320,0.538082,AUT,0.0,0.029715,0.070207,0.001733,neutron,pi+,solid
405,11.0,0.475438,0.597265,0.390538,5.860323,0.539475,AUT,0.0,0.178055,0.070207,0.001911,neutron,pi+,solid
406,11.0,0.403388,0.637766,0.423531,5.304733,0.127059,AUT,0.0,0.010359,0.070207,0.001744,neutron,pi+,solid
407,11.0,0.461345,0.585776,0.426072,5.568742,0.124287,AUT,0.0,0.011386,0.070207,0.001891,neutron,pi+,solid
408,11.0,0.394891,0.647706,0.424032,5.275526,0.289653,AUT,0.0,0.015392,0.070207,0.001725,neutron,pi+,solid
409,11.0,0.443038,0.602885,0.425119,5.508102,0.288721,AUT,0.0,0.020386,0.070207,0.001841,neutron,pi+,solid
410,11.0,0.496052,0.557055,0.430606,5.699601,0.289292,AUT,0.0,0.024673,0.070207,0.001998,neutron,pi+,solid
411,11.0,0.422068,0.621995,0.424920,5.400956,0.486351,AUT,0.0,0.045411,0.070207,0.001789,neutron,pi+,solid
412,11.0,0.503621,0.552075,0.431863,5.735629,0.486151,AUT,0.0,0.099607,0.070207,0.002024,neutron,pi+,solid
413,11.0,0.424884,0.620393,0.425244,5.419004,0.722541,AUT,0.0,0.027885,0.070207,0.001796,neutron,pi+,solid
414,11.0,0.413993,0.627465,0.473535,5.352318,0.128006,AUT,0.0,0.010624,0.070207,0.001792,neutron,pi+,solid
415,11.0,0.485436,0.556070,0.473875,5.559286,0.125816,AUT,0.0,0.014868,0.070207,0.001993,neutron,pi+,solid
416,11.0,0.401060,0.642619,0.473970,5.314484,0.291958,AUT,0.0,0.014148,0.070207,0.001762,neutron,pi+,solid
417,11.0,0.463926,0.575528,0.474061,5.499443,0.290236,AUT,0.0,0.014219,0.070207,0.001926,neutron,pi+,solid
418,11.0,0.532756,0.516202,0.475748,5.674196,0.296329,AUT,0.0,0.029798,0.070207,0.002164,neutron,pi+,solid
419,11.0,0.433091,0.608386,0.474294,5.407492,0.487156,AUT,0.0,0.038651,0.070207,0.001842,neutron,pi+,solid
420,11.0,0.532192,0.517939,0.475008,5.687967,0.474858,AUT,0.0,0.090647,0.070207,0.002161,neutron,pi+,solid
421,11.0,0.426353,0.617570,0.474248,5.409868,0.718153,AUT,0.0,0.038832,0.070207,0.001824,neutron,pi+,solid
422,11.0,0.430247,0.610335,0.523594,5.399304,0.127942,AUT,0.0,0.011030,0.070207,0.001862,neutron,pi+,solid
423,11.0,0.517183,0.527396,0.523476,5.625131,0.130205,AUT,0.0,0.031613,0.070207,0.002143,neutron,pi+,solid
424,11.0,0.409170,0.634506,0.524011,5.350182,0.293525,AUT,0.0,0.013398,0.070207,0.001807,neutron,pi+,solid
425,11.0,0.487686,0.551688,0.523833,5.536416,0.294430,AUT,0.0,0.014423,0.070207,0.002036,neutron,pi+,solid
426,11.0,0.420074,0.622700,0.524318,5.382204,0.546797,AUT,0.0,0.044262,0.070207,0.001835,neutron,pi+,solid
427,11.0,0.499045,0.542321,0.522955,5.580948,0.500092,AUT,0.0,0.049568,0.070207,0.002075,neutron,pi+,solid
428,11.0,0.403457,0.638878,0.573741,5.314691,0.234539,AUT,0.0,0.011392,0.070207,0.001821,neutron,pi+,solid
429,11.0,0.464695,0.574927,0.573790,5.503998,0.227667,AUT,0.0,0.012340,0.070207,0.001998,neutron,pi+,solid
430,11.0,0.528941,0.519323,0.571530,5.668501,0.231724,AUT,0.0,0.035397,0.070207,0.002238,neutron,pi+,solid
431,11.0,0.426620,0.617249,0.573718,5.408507,0.553727,AUT,0.0,0.035058,0.070207,0.001884,neutron,pi+,solid
432,11.0,0.413337,0.628968,0.623744,5.356229,0.236740,AUT,0.0,0.011616,0.070207,0.001880,neutron,pi+,solid
433,11.0,0.478975,0.561958,0.622676,5.549491,0.225170,AUT,0.0,0.017809,0.070207,0.002089,neutron,pi+,solid
434,11.0,0.418152,0.627625,0.623169,5.399073,0.543137,AUT,0.0,0.041994,0.070207,0.001894,neutron,pi+,solid
435,11.0,0.410473,0.633063,0.673508,5.354910,0.311378,AUT,0.0,0.012641,0.070207,0.001908,neutron,pi+,solid
436,11.0,0.466520,0.581261,0.669742,5.594685,0.234661,AUT,0.0,0.024933,0.070207,0.002087,neutron,pi+,solid
437,11.0,0.468603,0.653440,0.375995,6.317160,0.207511,AUT,0.0,0.013682,0.070207,0.001885,neutron,pi+,solid
438,11.0,0.538603,0.631595,0.380539,7.017051,0.204002,AUT,0.0,0.015640,0.070207,0.002117,neutron,pi+,solid
439,11.0,0.498745,0.644254,0.378290,6.620958,0.550229,AUT,0.0,0.035836,0.070207,0.001978,neutron,pi+,solid
440,11.0,0.509187,0.624462,0.424040,6.546773,0.125965,AUT,0.0,0.012166,0.070207,0.002044,neutron,pi+,solid
441,11.0,0.603179,0.593144,0.424705,7.385327,0.123542,AUT,0.0,0.044996,0.070207,0.002448,neutron,pi+,solid
442,11.0,0.501370,0.628069,0.424502,6.483748,0.288574,AUT,0.0,0.019268,0.070207,0.002017,neutron,pi+,solid
443,11.0,0.588762,0.589554,0.426082,7.165201,0.290070,AUT,0.0,0.030581,0.070207,0.002375,neutron,pi+,solid
444,11.0,0.513660,0.624121,0.424726,6.595938,0.541101,AUT,0.0,0.037678,0.070207,0.002061,neutron,pi+,solid
445,11.0,0.484371,0.638793,0.473786,6.378437,0.218427,AUT,0.0,0.013227,0.070207,0.001994,neutron,pi+,solid
446,11.0,0.562886,0.591372,0.473756,6.867341,0.222130,AUT,0.0,0.015100,0.070207,0.002300,neutron,pi+,solid
447,11.0,0.512558,0.623228,0.473934,6.571147,0.537184,AUT,0.0,0.044182,0.070207,0.002094,neutron,pi+,solid
448,11.0,0.496972,0.629998,0.523813,6.449197,0.223874,AUT,0.0,0.013297,0.070207,0.002076,neutron,pi+,solid
449,11.0,0.578365,0.585658,0.523500,6.992326,0.227597,AUT,0.0,0.022957,0.070207,0.002432,neutron,pi+,solid
450,11.0,0.505700,0.628688,0.523658,6.544513,0.535140,AUT,0.0,0.055447,0.070207,0.002109,neutron,pi+,solid
451,11.0,0.496594,0.630918,0.573793,6.454190,0.291992,AUT,0.0,0.014519,0.070207,0.002118,neutron,pi+,solid
452,11.0,0.574039,0.595589,0.571611,7.057927,0.240629,AUT,0.0,0.029491,0.070207,0.002473,neutron,pi+,solid
453,11.0,0.500096,0.633582,0.622611,6.527192,0.294360,AUT,0.0,0.016087,0.070207,0.002182,neutron,pi+,solid
454,11.0,0.485281,0.644984,0.671113,6.453969,0.276152,AUT,0.0,0.021677,0.070207,0.002171,neutron,pi+,solid
455,8.8,0.089945,0.767257,0.385097,1.136521,0.445843,AUT,0.0,0.002347,0.070207,0.001703,neutron,pi+,solid
456,8.8,0.097246,0.721909,0.426417,1.156149,0.302667,AUT,0.0,0.002145,0.070207,0.001725,neutron,pi+,solid
457,8.8,0.132579,0.684382,0.432736,1.495671,0.280114,AUT,0.0,0.003219,0.070207,0.001820,neutron,pi+,solid
458,8.8,0.093855,0.734834,0.426013,1.135550,0.489643,AUT,0.0,0.002558,0.070207,0.001717,neutron,pi+,solid
459,8.8,0.127576,0.691916,0.431500,1.454960,0.484707,AUT,0.0,0.007500,0.070207,0.001805,neutron,pi+,solid
460,8.8,0.103492,0.722799,0.428835,1.226618,0.700189,AUT,0.0,0.002746,0.070207,0.001741,neutron,pi+,solid
461,8.8,0.099267,0.689592,0.474371,1.126126,0.298758,AUT,0.0,0.002191,0.070207,0.001735,neutron,pi+,solid
462,8.8,0.127532,0.652135,0.476390,1.372500,0.275959,AUT,0.0,0.002277,0.070207,0.001811,neutron,pi+,solid
463,8.8,0.165140,0.627819,0.479049,1.709574,0.251847,AUT,0.0,0.003310,0.070207,0.001924,neutron,pi+,solid
464,8.8,0.095885,0.712556,0.474572,1.123566,0.492188,AUT,0.0,0.002487,0.070207,0.001727,neutron,pi+,solid
465,8.8,0.135764,0.654678,0.477080,1.461973,0.486339,AUT,0.0,0.005244,0.070207,0.001835,neutron,pi+,solid
466,8.8,0.106843,0.695233,0.476113,1.216054,0.721945,AUT,0.0,0.002237,0.070207,0.001755,neutron,pi+,solid
467,8.8,0.163931,0.629713,0.479507,1.702106,0.733604,AUT,0.0,0.006671,0.070207,0.001921,neutron,pi+,solid
468,8.8,0.103563,0.662373,0.523796,1.126827,0.294028,AUT,0.0,0.002249,0.070207,0.001752,neutron,pi+,solid
469,8.8,0.130069,0.616411,0.525350,1.323446,0.267119,AUT,0.0,0.002327,0.070207,0.001826,neutron,pi+,solid
470,8.8,0.165948,0.597157,0.526068,1.634581,0.244998,AUT,0.0,0.002669,0.070207,0.001936,neutron,pi+,solid
471,8.8,0.204488,0.563916,0.529721,1.902906,0.220446,AUT,0.0,0.008525,0.070207,0.002060,neutron,pi+,solid
472,8.8,0.099408,0.694113,0.524200,1.132982,0.494559,AUT,0.0,0.002449,0.070207,0.001741,neutron,pi+,solid
473,8.8,0.141606,0.623462,0.525769,1.452670,0.487976,AUT,0.0,0.005062,0.070207,0.001861,neutron,pi+,solid
474,8.8,0.200493,0.570064,0.528963,1.885678,0.489791,AUT,0.0,0.050088,0.070207,0.002047,neutron,pi+,solid
475,8.8,0.114979,0.667190,0.525141,1.248692,0.689064,AUT,0.0,0.002854,0.070207,0.001784,neutron,pi+,solid
476,8.8,0.186002,0.583976,0.527381,1.790922,0.690354,AUT,0.0,0.012829,0.070207,0.002000,neutron,pi+,solid
477,8.8,0.122991,0.660535,0.526577,1.317593,0.889697,AUT,0.0,0.004420,0.070207,0.001806,neutron,pi+,solid
478,8.8,0.109718,0.635639,0.573689,1.143982,0.287305,AUT,0.0,0.002224,0.070207,0.001776,neutron,pi+,solid
479,8.8,0.138890,0.582845,0.574983,1.336328,0.256053,AUT,0.0,0.002470,0.070207,0.001862,neutron,pi+,solid
480,8.8,0.175879,0.564400,0.575366,1.637207,0.235173,AUT,0.0,0.002850,0.070207,0.001980,neutron,pi+,solid
481,8.8,0.217771,0.524179,0.577932,1.883115,0.213906,AUT,0.0,0.008028,0.070207,0.002116,neutron,pi+,solid
482,8.8,0.103828,0.676100,0.574062,1.150806,0.495896,AUT,0.0,0.002446,0.070207,0.001760,neutron,pi+,solid
483,8.8,0.153905,0.590338,0.575322,1.491837,0.489530,AUT,0.0,0.005552,0.070207,0.001908,neutron,pi+,solid
484,8.8,0.227961,0.510864,0.580400,1.922108,0.491297,AUT,0.0,0.068917,0.070207,0.002149,neutron,pi+,solid
485,8.8,0.118981,0.649696,0.574783,1.253197,0.688846,AUT,0.0,0.003498,0.070207,0.001803,neutron,pi+,solid
486,8.8,0.194242,0.554043,0.575607,1.773415,0.685540,AUT,0.0,0.015990,0.070207,0.002039,neutron,pi+,solid
487,8.8,0.120783,0.657216,0.574742,1.287730,0.899246,AUT,0.0,0.003431,0.070207,0.001808,neutron,pi+,solid
488,8.8,0.115521,0.613024,0.623657,1.160263,0.280899,AUT,0.0,0.002283,0.070207,0.001801,neutron,pi+,solid
489,8.8,0.149315,0.553762,0.624715,1.364722,0.245462,AUT,0.0,0.002603,0.070207,0.001907,neutron,pi+,solid
490,8.8,0.195899,0.525494,0.625342,1.692795,0.224444,AUT,0.0,0.003100,0.070207,0.002059,neutron,pi+,solid
491,8.8,0.109563,0.655833,0.624047,1.175416,0.496790,AUT,0.0,0.002471,0.070207,0.001785,neutron,pi+,solid
492,8.8,0.166358,0.560690,0.624802,1.529490,0.489528,AUT,0.0,0.006666,0.070207,0.001961,neutron,pi+,solid
493,8.8,0.125679,0.638471,0.624047,1.295138,0.685903,AUT,0.0,0.004013,0.070207,0.001832,neutron,pi+,solid
494,8.8,0.224884,0.516921,0.616868,1.918927,0.640534,AUT,0.0,0.132043,0.070207,0.002155,neutron,pi+,solid
495,8.8,0.113271,0.678387,0.623702,1.251167,0.907088,AUT,0.0,0.003669,0.070207,0.001796,neutron,pi+,solid
496,8.8,0.122266,0.590562,0.673636,1.181503,0.273665,AUT,0.0,0.002333,0.070207,0.001833,neutron,pi+,solid
497,8.8,0.163876,0.529272,0.674096,1.431393,0.234991,AUT,0.0,0.002730,0.070207,0.001969,neutron,pi+,solid
498,8.8,0.211191,0.501083,0.672736,1.742871,0.210929,AUT,0.0,0.004431,0.070207,0.002130,neutron,pi+,solid
499,8.8,0.116466,0.636717,0.673777,1.210253,0.496456,AUT,0.0,0.002546,0.070207,0.001816,neutron,pi+,solid
500,8.8,0.173276,0.560281,0.672501,1.598283,0.483752,AUT,0.0,0.009878,0.070207,0.002002,neutron,pi+,solid
501,8.8,0.116635,0.667821,0.673287,1.265958,0.732371,AUT,0.0,0.003586,0.070207,0.001816,neutron,pi+,solid
502,8.8,0.217859,0.543968,0.658917,1.956770,0.625520,AUT,0.0,0.485890,0.070207,0.002153,neutron,pi+,solid
503,8.8,0.243239,0.574609,0.527562,2.303810,0.339865,AUT,0.0,0.005640,0.070207,0.002176,neutron,pi+,solid
504,8.8,0.250477,0.550463,0.575574,2.269221,0.320523,AUT,0.0,0.005140,0.070207,0.002218,neutron,pi+,solid
505,8.8,0.327819,0.525458,0.578664,2.843020,0.285511,AUT,0.0,0.025425,0.070207,0.002465,neutron,pi+,solid
506,8.8,0.258842,0.535431,0.624003,2.275403,0.297083,AUT,0.0,0.004806,0.070207,0.002266,neutron,pi+,solid
507,8.8,0.348580,0.483728,0.621379,2.783865,0.203085,AUT,0.0,0.039869,0.070207,0.002559,neutron,pi+,solid
508,8.8,0.252785,0.543847,0.671882,2.259579,0.268048,AUT,0.0,0.005891,0.070207,0.002273,neutron,pi+,solid
509,8.8,0.360752,0.573634,0.526801,3.413348,0.301515,AUT,0.0,0.009271,0.070207,0.002544,neutron,pi+,solid
510,8.8,0.368954,0.560885,0.573739,3.408995,0.284650,AUT,0.0,0.008410,0.070207,0.002603,neutron,pi+,solid
511,8.8,0.362514,0.565477,0.622404,3.379245,0.259766,AUT,0.0,0.010295,0.070207,0.002618,neutron,pi+,solid
512,8.8,0.458038,0.576867,0.525569,4.360817,0.270004,AUT,0.0,0.017790,0.070207,0.002921,neutron,pi+,solid
