i,Ebeam,x,y,z,Q2,pT,obs,value,stat,systrel,systabs,target,hadron,Experiment
0,11.0,0.093165,0.618655,0.322022,1.186655,0.161796,AUT,0.0,0.002420,0.070207,0.000988,neutron,pi-,solid
1,11.0,0.113492,0.584680,0.322711,1.369052,0.149804,AUT,0.0,0.001955,0.070207,0.000990,neutron,pi-,solid
2,11.0,0.128035,0.561956,0.323016,1.484654,0.142956,AUT,0.0,0.001871,0.070207,0.000994,neutron,pi-,solid
3,11.0,0.140599,0.538135,0.323296,1.561298,0.136224,AUT,0.0,0.001907,0.070207,0.000999,neutron,pi-,solid
4,11.0,0.152886,0.512978,0.323446,1.618326,0.129724,AUT,0.0,0.001988,0.070207,0.001005,neutron,pi-,solid
5,11.0,0.166256,0.485976,0.323600,1.667098,0.123481,AUT,0.0,0.002062,0.070207,0.001012,neutron,pi-,solid
6,11.0,0.181838,0.455950,0.323753,1.710455,0.116819,AUT,0.0,0.002278,0.070207,0.001021,neutron,pi-,solid
7,11.0,0.202333,0.419748,0.323976,1.751368,0.111213,AUT,0.0,0.002410,0.070207,0.001034,neutron,pi-,solid
8,11.0,0.236621,0.375430,0.327165,1.828318,0.114377,AUT,0.0,0.002364,0.070207,0.001055,neutron,pi-,solid
9,11.0,0.066199,0.787048,0.321423,1.073395,0.336341,AUT,0.0,0.002098,0.070207,0.000989,neutron,pi-,solid
10,11.0,0.074543,0.730433,0.322297,1.123517,0.321912,AUT,0.0,0.001864,0.070207,0.000989,neutron,pi-,solid
11,11.0,0.080070,0.700640,0.322650,1.157814,0.316724,AUT,0.0,0.001897,0.070207,0.000989,neutron,pi-,solid
12,11.0,0.084617,0.681056,0.322857,1.189473,0.313248,AUT,0.0,0.001856,0.070207,0.000989,neutron,pi-,solid
13,11.0,0.088909,0.671914,0.322983,1.233068,0.310990,AUT,0.0,0.001881,0.070207,0.000989,neutron,pi-,solid
14,11.0,0.093157,0.663309,0.323084,1.275436,0.308874,AUT,0.0,0.001853,0.070207,0.000989,neutron,pi-,solid
15,11.0,0.097347,0.655801,0.323199,1.317733,0.307063,AUT,0.0,0.001918,0.070207,0.000989,neutron,pi-,solid
16,11.0,0.101590,0.648126,0.323254,1.359078,0.305123,AUT,0.0,0.001877,0.070207,0.000990,neutron,pi-,solid
17,11.0,0.105990,0.640985,0.323321,1.402320,0.303499,AUT,0.0,0.001921,0.070207,0.000990,neutron,pi-,solid
18,11.0,0.110442,0.633290,0.323407,1.443682,0.301797,AUT,0.0,0.001963,0.070207,0.000991,neutron,pi-,solid
19,11.0,0.114983,0.626395,0.323485,1.486680,0.300307,AUT,0.0,0.002005,0.070207,0.000992,neutron,pi-,solid
20,11.0,0.119785,0.619619,0.323563,1.532005,0.299089,AUT,0.0,0.002003,0.070207,0.000993,neutron,pi-,solid
21,11.0,0.124774,0.612034,0.323633,1.576274,0.297749,AUT,0.0,0.002110,0.070207,0.000995,neutron,pi-,solid
22,11.0,0.130052,0.600124,0.323736,1.610900,0.296238,AUT,0.0,0.002154,0.070207,0.000996,neutron,pi-,solid
23,11.0,0.135877,0.583346,0.323829,1.635977,0.294311,AUT,0.0,0.002355,0.070207,0.000998,neutron,pi-,solid
24,11.0,0.142396,0.564585,0.323935,1.659269,0.291891,AUT,0.0,0.002647,0.070207,0.001001,neutron,pi-,solid
25,11.0,0.150508,0.541357,0.324023,1.681434,0.289829,AUT,0.0,0.003072,0.070207,0.001004,neutron,pi-,solid
26,11.0,0.161158,0.510999,0.324019,1.699211,0.288922,AUT,0.0,0.004419,0.070207,0.001010,neutron,pi-,solid
27,11.0,0.175702,0.473976,0.324043,1.717778,0.289903,AUT,0.0,0.007166,0.070207,0.001018,neutron,pi-,solid
28,11.0,0.198029,0.427746,0.324043,1.745985,0.291874,AUT,0.0,0.006666,0.070207,0.001031,neutron,pi-,solid
29,11.0,0.236116,0.375808,0.327376,1.825560,0.292027,AUT,0.0,0.006491,0.070207,0.001055,neutron,pi-,solid
30,11.0,0.062067,0.825047,0.322618,1.055950,0.500723,AUT,0.0,0.001950,0.070207,0.000989,neutron,pi-,solid
31,11.0,0.068703,0.780088,0.323293,1.105998,0.495790,AUT,0.0,0.001968,0.070207,0.000990,neutron,pi-,solid
32,11.0,0.073736,0.752844,0.323609,1.145680,0.492056,AUT,0.0,0.001967,0.070207,0.000990,neutron,pi-,solid
33,11.0,0.078458,0.732020,0.323785,1.185364,0.490083,AUT,0.0,0.001995,0.070207,0.000989,neutron,pi-,solid
34,11.0,0.082996,0.714040,0.323876,1.223183,0.489093,AUT,0.0,0.002094,0.070207,0.000989,neutron,pi-,solid
35,11.0,0.087578,0.702455,0.323898,1.269801,0.488478,AUT,0.0,0.002082,0.070207,0.000989,neutron,pi-,solid
36,11.0,0.092476,0.692295,0.323991,1.321422,0.487878,AUT,0.0,0.002146,0.070207,0.000989,neutron,pi-,solid
37,11.0,0.097711,0.681297,0.324006,1.374037,0.487322,AUT,0.0,0.002151,0.070207,0.000990,neutron,pi-,solid
38,11.0,0.103500,0.669636,0.323997,1.430517,0.487070,AUT,0.0,0.002173,0.070207,0.000990,neutron,pi-,solid
39,11.0,0.109885,0.656806,0.324047,1.489634,0.486920,AUT,0.0,0.002216,0.070207,0.000991,neutron,pi-,solid
40,11.0,0.116977,0.642449,0.324064,1.551099,0.486722,AUT,0.0,0.002267,0.070207,0.000993,neutron,pi-,solid
41,11.0,0.124839,0.625215,0.324073,1.610816,0.486936,AUT,0.0,0.002308,0.070207,0.000995,neutron,pi-,solid
42,11.0,0.134289,0.591328,0.323996,1.638330,0.488003,AUT,0.0,0.002268,0.070207,0.000998,neutron,pi-,solid
43,11.0,0.147456,0.544867,0.323875,1.657106,0.489854,AUT,0.0,0.002174,0.070207,0.001003,neutron,pi-,solid
44,11.0,0.167335,0.489406,0.323811,1.687867,0.491065,AUT,0.0,0.002309,0.070207,0.001013,neutron,pi-,solid
45,11.0,0.203130,0.418905,0.324304,1.749025,0.491718,AUT,0.0,0.003512,0.070207,0.001034,neutron,pi-,solid
46,11.0,0.251793,0.359248,0.329762,1.864076,0.493107,AUT,0.0,0.015036,0.070207,0.001064,neutron,pi-,solid
47,11.0,0.067318,0.799439,0.325811,1.107540,0.668143,AUT,0.0,0.001898,0.070207,0.000989,neutron,pi-,solid
48,11.0,0.084232,0.725074,0.326301,1.259140,0.666085,AUT,0.0,0.001913,0.070207,0.000989,neutron,pi-,solid
49,11.0,0.103958,0.678557,0.326376,1.454290,0.664981,AUT,0.0,0.002059,0.070207,0.000991,neutron,pi-,solid
50,11.0,0.134487,0.604536,0.326832,1.668007,0.661453,AUT,0.0,0.002850,0.070207,0.000998,neutron,pi-,solid
51,11.0,0.190764,0.459774,0.329633,1.788117,0.644667,AUT,0.0,0.022245,0.070207,0.001026,neutron,pi-,solid
52,11.0,0.104045,0.589838,0.372456,1.262740,0.155897,AUT,0.0,0.002137,0.070207,0.000980,neutron,pi-,solid
53,11.0,0.130656,0.550474,0.373042,1.483471,0.141209,AUT,0.0,0.001868,0.070207,0.000984,neutron,pi-,solid
54,11.0,0.149578,0.516212,0.373375,1.592699,0.132097,AUT,0.0,0.001920,0.070207,0.000991,neutron,pi-,solid
55,11.0,0.168645,0.478859,0.373616,1.665627,0.124144,AUT,0.0,0.002018,0.070207,0.001000,neutron,pi-,solid
56,11.0,0.191832,0.436943,0.373737,1.728009,0.116851,AUT,0.0,0.002182,0.070207,0.001013,neutron,pi-,solid
57,11.0,0.230197,0.377430,0.373763,1.786020,0.117751,AUT,0.0,0.002069,0.070207,0.001035,neutron,pi-,solid
58,11.0,0.279571,0.324362,0.374593,1.870683,0.136666,AUT,0.0,0.007534,0.070207,0.001063,neutron,pi-,solid
59,11.0,0.073752,0.720795,0.370360,1.094605,0.327850,AUT,0.0,0.001985,0.070207,0.000984,neutron,pi-,solid
60,11.0,0.084256,0.668646,0.372126,1.162570,0.317090,AUT,0.0,0.001857,0.070207,0.000982,neutron,pi-,solid
61,11.0,0.091643,0.652744,0.372492,1.234645,0.313585,AUT,0.0,0.001853,0.070207,0.000981,neutron,pi-,solid
62,11.0,0.098310,0.641471,0.372730,1.301638,0.310718,AUT,0.0,0.001896,0.070207,0.000981,neutron,pi-,solid
63,11.0,0.104745,0.631276,0.372960,1.364805,0.308164,AUT,0.0,0.001889,0.070207,0.000981,neutron,pi-,solid
64,11.0,0.111387,0.621208,0.373165,1.428193,0.305488,AUT,0.0,0.001874,0.070207,0.000982,neutron,pi-,solid
65,11.0,0.118133,0.611800,0.373340,1.491763,0.303184,AUT,0.0,0.001940,0.070207,0.000983,neutron,pi-,solid
66,11.0,0.124968,0.601851,0.373458,1.552401,0.301013,AUT,0.0,0.001994,0.070207,0.000985,neutron,pi-,solid
67,11.0,0.132367,0.585534,0.373632,1.599592,0.298530,AUT,0.0,0.002045,0.070207,0.000986,neutron,pi-,solid
68,11.0,0.140854,0.564006,0.373797,1.639484,0.295722,AUT,0.0,0.002231,0.070207,0.000989,neutron,pi-,solid
69,11.0,0.151027,0.537858,0.373917,1.676161,0.292485,AUT,0.0,0.002641,0.070207,0.000993,neutron,pi-,solid
70,11.0,0.164854,0.501378,0.374074,1.704900,0.289580,AUT,0.0,0.003856,0.070207,0.000999,neutron,pi-,solid
71,11.0,0.187089,0.449284,0.374024,1.732028,0.290659,AUT,0.0,0.007529,0.070207,0.001010,neutron,pi-,solid
72,11.0,0.232732,0.374279,0.374194,1.786662,0.291325,AUT,0.0,0.004666,0.070207,0.001036,neutron,pi-,solid
73,11.0,0.288387,0.319193,0.375440,1.899582,0.288817,AUT,0.0,0.018313,0.070207,0.001068,neutron,pi-,solid
74,11.0,0.069222,0.756323,0.368573,1.078862,0.499030,AUT,0.0,0.001931,0.070207,0.000984,neutron,pi-,solid
75,11.0,0.078361,0.711053,0.371733,1.149767,0.493069,AUT,0.0,0.001990,0.070207,0.000983,neutron,pi-,solid
76,11.0,0.085444,0.688743,0.372428,1.214615,0.490796,AUT,0.0,0.002088,0.070207,0.000983,neutron,pi-,solid
77,11.0,0.092472,0.677781,0.372822,1.293600,0.489590,AUT,0.0,0.002166,0.070207,0.000982,neutron,pi-,solid
78,11.0,0.099892,0.666652,0.373157,1.374464,0.488811,AUT,0.0,0.002272,0.070207,0.000982,neutron,pi-,solid
79,11.0,0.107922,0.654955,0.373509,1.458866,0.488031,AUT,0.0,0.002399,0.070207,0.000983,neutron,pi-,solid
80,11.0,0.116744,0.640680,0.373794,1.543700,0.487550,AUT,0.0,0.002573,0.070207,0.000984,neutron,pi-,solid
81,11.0,0.126977,0.619738,0.374013,1.623738,0.486978,AUT,0.0,0.002746,0.070207,0.000986,neutron,pi-,solid
82,11.0,0.140695,0.570341,0.374072,1.654609,0.487200,AUT,0.0,0.003328,0.070207,0.000989,neutron,pi-,solid
83,11.0,0.164034,0.498884,0.373891,1.684772,0.490038,AUT,0.0,0.003031,0.070207,0.000998,neutron,pi-,solid
84,11.0,0.217671,0.396663,0.373781,1.761291,0.492876,AUT,0.0,0.003372,0.070207,0.001027,neutron,pi-,solid
85,11.0,0.290564,0.318248,0.374553,1.908389,0.492156,AUT,0.0,0.042755,0.070207,0.001069,neutron,pi-,solid
86,11.0,0.073714,0.742336,0.370569,1.126099,0.674173,AUT,0.0,0.001966,0.070207,0.000984,neutron,pi-,solid
87,11.0,0.092036,0.685342,0.373459,1.300904,0.675354,AUT,0.0,0.001878,0.070207,0.000982,neutron,pi-,solid
88,11.0,0.113033,0.645852,0.374499,1.505002,0.676364,AUT,0.0,0.001875,0.070207,0.000983,neutron,pi-,solid
89,11.0,0.145357,0.557474,0.375072,1.660889,0.675119,AUT,0.0,0.002355,0.070207,0.000991,neutron,pi-,solid
90,11.0,0.208002,0.417665,0.376051,1.771787,0.662450,AUT,0.0,0.013485,0.070207,0.001022,neutron,pi-,solid
91,11.0,0.104500,0.684836,0.376956,1.443579,0.853926,AUT,0.0,0.004409,0.070207,0.000985,neutron,pi-,solid
92,11.0,0.114634,0.565577,0.422767,1.332510,0.149780,AUT,0.0,0.001993,0.070207,0.000974,neutron,pi-,solid
93,11.0,0.148072,0.515502,0.423322,1.573303,0.132807,AUT,0.0,0.001887,0.070207,0.000981,neutron,pi-,solid
94,11.0,0.176120,0.463337,0.423637,1.681638,0.123305,AUT,0.0,0.002001,0.070207,0.000992,neutron,pi-,solid
95,11.0,0.216746,0.397182,0.423699,1.768140,0.119444,AUT,0.0,0.002021,0.070207,0.001013,neutron,pi-,solid
96,11.0,0.271623,0.329633,0.423340,1.845869,0.137014,AUT,0.0,0.006046,0.070207,0.001042,neutron,pi-,solid
97,11.0,0.083616,0.644776,0.420561,1.110464,0.316666,AUT,0.0,0.001895,0.070207,0.000977,neutron,pi-,solid
98,11.0,0.098466,0.613094,0.422029,1.245713,0.311118,AUT,0.0,0.001835,0.070207,0.000974,neutron,pi-,solid
99,11.0,0.110451,0.596140,0.422394,1.358866,0.307500,AUT,0.0,0.001869,0.070207,0.000974,neutron,pi-,solid
100,11.0,0.121658,0.583171,0.422674,1.464266,0.303934,AUT,0.0,0.001913,0.070207,0.000975,neutron,pi-,solid
101,11.0,0.132927,0.570210,0.423030,1.564284,0.300629,AUT,0.0,0.001971,0.070207,0.000977,neutron,pi-,solid
102,11.0,0.145213,0.547936,0.423748,1.641738,0.297194,AUT,0.0,0.002163,0.070207,0.000981,neutron,pi-,solid
103,11.0,0.161147,0.509523,0.423935,1.693317,0.292284,AUT,0.0,0.002799,0.070207,0.000987,neutron,pi-,solid
104,11.0,0.187674,0.448914,0.424085,1.734268,0.290821,AUT,0.0,0.006041,0.070207,0.000998,neutron,pi-,solid
105,11.0,0.242752,0.362069,0.424126,1.800264,0.290222,AUT,0.0,0.003784,0.070207,0.001027,neutron,pi-,solid
106,11.0,0.080921,0.659834,0.420012,1.100048,0.492781,AUT,0.0,0.001983,0.070207,0.000977,neutron,pi-,solid
107,11.0,0.095237,0.631323,0.422105,1.240799,0.488309,AUT,0.0,0.002278,0.070207,0.000975,neutron,pi-,solid
108,11.0,0.108928,0.616722,0.422379,1.386299,0.486903,AUT,0.0,0.002531,0.070207,0.000975,neutron,pi-,solid
109,11.0,0.124138,0.600941,0.422657,1.539396,0.486493,AUT,0.0,0.002972,0.070207,0.000976,neutron,pi-,solid
110,11.0,0.141863,0.566323,0.423849,1.656225,0.486259,AUT,0.0,0.004039,0.070207,0.000980,neutron,pi-,solid
111,11.0,0.174492,0.476368,0.424099,1.705763,0.488921,AUT,0.0,0.004503,0.070207,0.000992,neutron,pi-,solid
112,11.0,0.238832,0.366814,0.423981,1.793794,0.489671,AUT,0.0,0.006978,0.070207,0.001025,neutron,pi-,solid
113,11.0,0.090299,0.643371,0.421277,1.194622,0.682386,AUT,0.0,0.002047,0.070207,0.000976,neutron,pi-,solid
114,11.0,0.125781,0.588426,0.423089,1.523515,0.684710,AUT,0.0,0.001983,0.070207,0.000977,neutron,pi-,solid
115,11.0,0.184698,0.458959,0.424187,1.714984,0.682293,AUT,0.0,0.003217,0.070207,0.000997,neutron,pi-,solid
116,11.0,0.122091,0.599119,0.425026,1.470096,0.867896,AUT,0.0,0.004177,0.070207,0.000980,neutron,pi-,solid
117,11.0,0.129088,0.532950,0.472565,1.411697,0.140587,AUT,0.0,0.001857,0.070207,0.000968,neutron,pi-,solid
118,11.0,0.174299,0.465181,0.473544,1.668301,0.125418,AUT,0.0,0.001924,0.070207,0.000981,neutron,pi-,solid
119,11.0,0.228300,0.382213,0.473565,1.785493,0.124890,AUT,0.0,0.002224,0.070207,0.001006,neutron,pi-,solid
120,11.0,0.097524,0.586058,0.470689,1.177090,0.311543,AUT,0.0,0.001840,0.070207,0.000969,neutron,pi-,solid
121,11.0,0.121271,0.553985,0.472226,1.385994,0.305130,AUT,0.0,0.001908,0.070207,0.000967,neutron,pi-,solid
122,11.0,0.140850,0.535527,0.472727,1.556498,0.299496,AUT,0.0,0.002041,0.070207,0.000970,neutron,pi-,solid
123,11.0,0.162548,0.503277,0.473810,1.686189,0.294220,AUT,0.0,0.002549,0.070207,0.000977,neutron,pi-,solid
124,11.0,0.203994,0.419282,0.474067,1.752032,0.291144,AUT,0.0,0.004310,0.070207,0.000994,neutron,pi-,solid
125,11.0,0.267970,0.332312,0.474035,1.834487,0.288138,AUT,0.0,0.005804,0.070207,0.001024,neutron,pi-,solid
126,11.0,0.095782,0.594120,0.470470,1.172213,0.487953,AUT,0.0,0.002264,0.070207,0.000969,neutron,pi-,solid
127,11.0,0.124918,0.560832,0.472311,1.444606,0.486026,AUT,0.0,0.003560,0.070207,0.000968,neutron,pi-,solid
128,11.0,0.159584,0.509894,0.473602,1.671695,0.487660,AUT,0.0,0.005918,0.070207,0.000976,neutron,pi-,solid
129,11.0,0.223737,0.389242,0.473966,1.775755,0.488542,AUT,0.0,0.005864,0.070207,0.001003,neutron,pi-,solid
130,11.0,0.116020,0.567444,0.471690,1.348459,0.688009,AUT,0.0,0.002422,0.070207,0.000969,neutron,pi-,solid
131,11.0,0.185727,0.454252,0.473802,1.714408,0.687068,AUT,0.0,0.003383,0.070207,0.000986,neutron,pi-,solid
132,11.0,0.134906,0.543804,0.474080,1.482771,0.883594,AUT,0.0,0.004397,0.070207,0.000973,neutron,pi-,solid
133,11.0,0.149913,0.491067,0.522499,1.507837,0.131491,AUT,0.0,0.001855,0.070207,0.000963,neutron,pi-,solid
134,11.0,0.216648,0.398836,0.523622,1.764016,0.125959,AUT,0.0,0.002183,0.070207,0.000985,neutron,pi-,solid
135,11.0,0.119384,0.531330,0.520741,1.304784,0.306160,AUT,0.0,0.001905,0.070207,0.000959,neutron,pi-,solid
136,11.0,0.157344,0.495385,0.522758,1.606833,0.296029,AUT,0.0,0.002322,0.070207,0.000964,neutron,pi-,solid
137,11.0,0.215287,0.403323,0.523964,1.764269,0.291117,AUT,0.0,0.002749,0.070207,0.000985,neutron,pi-,solid
138,11.0,0.297189,0.315177,0.523943,1.933292,0.291929,AUT,0.0,0.026497,0.070207,0.001018,neutron,pi-,solid
139,11.0,0.125405,0.529505,0.520867,1.363043,0.486700,AUT,0.0,0.003816,0.070207,0.000960,neutron,pi-,solid
140,11.0,0.196563,0.434575,0.523617,1.729847,0.488223,AUT,0.0,0.005439,0.070207,0.000978,neutron,pi-,solid
141,11.0,0.141069,0.509697,0.522095,1.467700,0.745702,AUT,0.0,0.002163,0.070207,0.000963,neutron,pi-,solid
142,11.0,0.210684,0.412617,0.523235,1.787409,0.703359,AUT,0.0,0.009283,0.070207,0.000984,neutron,pi-,solid
143,11.0,0.182189,0.438695,0.572661,1.622535,0.127319,AUT,0.0,0.001858,0.070207,0.000958,neutron,pi-,solid
144,11.0,0.273094,0.328802,0.573018,1.851688,0.144715,AUT,0.0,0.013190,0.070207,0.000988,neutron,pi-,solid
145,11.0,0.152252,0.478171,0.571384,1.494873,0.297425,AUT,0.0,0.002239,0.070207,0.000951,neutron,pi-,solid
146,11.0,0.224615,0.388087,0.573625,1.777424,0.290695,AUT,0.0,0.002959,0.070207,0.000971,neutron,pi-,solid
147,11.0,0.154638,0.475457,0.571585,1.506679,0.556350,AUT,0.0,0.005702,0.070207,0.000951,neutron,pi-,solid
148,11.0,0.219973,0.396063,0.572978,1.788678,0.527859,AUT,0.0,0.008278,0.070207,0.000969,neutron,pi-,solid
149,11.0,0.176757,0.436360,0.621645,1.582634,0.223536,AUT,0.0,0.002084,0.070207,0.000938,neutron,pi-,solid
150,11.0,0.238452,0.368059,0.622485,1.805665,0.220389,AUT,0.0,0.003199,0.070207,0.000953,neutron,pi-,solid
151,11.0,0.179086,0.436794,0.620693,1.600232,0.557870,AUT,0.0,0.007218,0.070207,0.000940,neutron,pi-,solid
152,11.0,0.194960,0.410100,0.669849,1.641019,0.278749,AUT,0.0,0.002540,0.070207,0.000920,neutron,pi-,solid
153,11.0,0.162602,0.646185,0.322759,2.162031,0.147068,AUT,0.0,0.002592,0.070207,0.001019,neutron,pi-,solid
154,11.0,0.186144,0.587509,0.323190,2.256397,0.133996,AUT,0.0,0.002623,0.070207,0.001033,neutron,pi-,solid
155,11.0,0.201128,0.558847,0.323385,2.319623,0.128348,AUT,0.0,0.002738,0.070207,0.001044,neutron,pi-,solid
156,11.0,0.214480,0.537322,0.323525,2.378458,0.123642,AUT,0.0,0.002782,0.070207,0.001053,neutron,pi-,solid
157,11.0,0.227521,0.517564,0.323548,2.430281,0.119947,AUT,0.0,0.002928,0.070207,0.001062,neutron,pi-,solid
158,11.0,0.240817,0.495562,0.323651,2.462843,0.116972,AUT,0.0,0.002992,0.070207,0.001071,neutron,pi-,solid
159,11.0,0.255703,0.469954,0.323727,2.479787,0.114832,AUT,0.0,0.003025,0.070207,0.001080,neutron,pi-,solid
160,11.0,0.273806,0.441828,0.323927,2.496140,0.115264,AUT,0.0,0.002916,0.070207,0.001091,neutron,pi-,solid
161,11.0,0.298855,0.413597,0.324856,2.549978,0.119811,AUT,0.0,0.002812,0.070207,0.001106,neutron,pi-,solid
162,11.0,0.340946,0.384304,0.325517,2.700682,0.132061,AUT,0.0,0.004027,0.070207,0.001128,neutron,pi-,solid
163,11.0,0.142928,0.708804,0.322981,2.088829,0.308343,AUT,0.0,0.002603,0.070207,0.001008,neutron,pi-,solid
164,11.0,0.157347,0.666527,0.323505,2.164245,0.301361,AUT,0.0,0.002678,0.070207,0.001016,neutron,pi-,solid
165,11.0,0.168369,0.639493,0.323712,2.222093,0.295648,AUT,0.0,0.002851,0.070207,0.001022,neutron,pi-,solid
166,11.0,0.178708,0.617626,0.323823,2.277997,0.291751,AUT,0.0,0.003182,0.070207,0.001029,neutron,pi-,solid
167,11.0,0.188926,0.598274,0.323985,2.332826,0.289674,AUT,0.0,0.003696,0.070207,0.001036,neutron,pi-,solid
168,11.0,0.199436,0.579938,0.324015,2.387138,0.288830,AUT,0.0,0.004446,0.070207,0.001043,neutron,pi-,solid
169,11.0,0.210717,0.560788,0.324017,2.438819,0.288579,AUT,0.0,0.005470,0.070207,0.001051,neutron,pi-,solid
170,11.0,0.223012,0.539604,0.324017,2.483477,0.288675,AUT,0.0,0.006923,0.070207,0.001060,neutron,pi-,solid
171,11.0,0.237178,0.510236,0.324008,2.497105,0.289587,AUT,0.0,0.009040,0.070207,0.001069,neutron,pi-,solid
172,11.0,0.254806,0.473300,0.324020,2.488124,0.290679,AUT,0.0,0.008974,0.070207,0.001080,neutron,pi-,solid
173,11.0,0.277523,0.434911,0.324392,2.489786,0.290633,AUT,0.0,0.007215,0.070207,0.001093,neutron,pi-,solid
174,11.0,0.311378,0.400653,0.325913,2.572528,0.289855,AUT,0.0,0.006664,0.070207,0.001112,neutron,pi-,solid
175,11.0,0.359074,0.372909,0.326696,2.762183,0.287618,AUT,0.0,0.012230,0.070207,0.001136,neutron,pi-,solid
176,11.0,0.146691,0.700396,0.324142,2.116636,0.483469,AUT,0.0,0.003958,0.070207,0.001010,neutron,pi-,solid
177,11.0,0.170498,0.637031,0.323981,2.239984,0.486701,AUT,0.0,0.004788,0.070207,0.001024,neutron,pi-,solid
178,11.0,0.192407,0.589060,0.323799,2.337901,0.488459,AUT,0.0,0.004152,0.070207,0.001038,neutron,pi-,solid
179,11.0,0.215310,0.546305,0.323746,2.426245,0.489431,AUT,0.0,0.003767,0.070207,0.001054,neutron,pi-,solid
180,11.0,0.242441,0.493394,0.323651,2.465814,0.490464,AUT,0.0,0.003835,0.070207,0.001072,neutron,pi-,solid
181,11.0,0.281682,0.428397,0.324307,2.485461,0.492185,AUT,0.0,0.005354,0.070207,0.001095,neutron,pi-,solid
182,11.0,0.337733,0.383107,0.325982,2.666516,0.492652,AUT,0.0,0.013679,0.070207,0.001126,neutron,pi-,solid
183,11.0,0.170452,0.641336,0.325457,2.237971,0.670463,AUT,0.0,0.003304,0.070207,0.001024,neutron,pi-,solid
184,11.0,0.246950,0.500707,0.326625,2.519249,0.661117,AUT,0.0,0.009212,0.070207,0.001073,neutron,pi-,solid
185,11.0,0.345229,0.389699,0.327443,2.774970,0.639835,AUT,0.0,0.180453,0.070207,0.001130,neutron,pi-,solid
186,11.0,0.171555,0.621104,0.372929,2.190806,0.142567,AUT,0.0,0.002536,0.070207,0.001011,neutron,pi-,solid
187,11.0,0.199641,0.559032,0.373318,2.302397,0.129303,AUT,0.0,0.002640,0.070207,0.001027,neutron,pi-,solid
188,11.0,0.218960,0.527759,0.373549,2.384505,0.123970,AUT,0.0,0.002733,0.070207,0.001039,neutron,pi-,solid
189,11.0,0.237255,0.499596,0.373581,2.445794,0.120176,AUT,0.0,0.002840,0.070207,0.001051,neutron,pi-,solid
190,11.0,0.257555,0.466358,0.373657,2.477966,0.118489,AUT,0.0,0.002819,0.070207,0.001063,neutron,pi-,solid
191,11.0,0.284140,0.426236,0.373589,2.497552,0.121591,AUT,0.0,0.002729,0.070207,0.001077,neutron,pi-,solid
192,11.0,0.327971,0.384344,0.373188,2.597507,0.134076,AUT,0.0,0.003346,0.070207,0.001098,neutron,pi-,solid
193,11.0,0.148529,0.690887,0.373009,2.114345,0.309333,AUT,0.0,0.002486,0.070207,0.000999,neutron,pi-,solid
194,11.0,0.167405,0.639246,0.373439,2.208017,0.301927,AUT,0.0,0.002601,0.070207,0.001009,neutron,pi-,solid
195,11.0,0.181478,0.609426,0.373721,2.282357,0.295920,AUT,0.0,0.002914,0.070207,0.001017,neutron,pi-,solid
196,11.0,0.194634,0.586130,0.373870,2.354352,0.292342,AUT,0.0,0.003401,0.070207,0.001025,neutron,pi-,solid
197,11.0,0.208484,0.563537,0.373919,2.424609,0.290646,AUT,0.0,0.004134,0.070207,0.001034,neutron,pi-,solid
198,11.0,0.223920,0.537835,0.373966,2.485073,0.289886,AUT,0.0,0.005420,0.070207,0.001044,neutron,pi-,solid
199,11.0,0.242315,0.499760,0.374026,2.498092,0.289681,AUT,0.0,0.007829,0.070207,0.001054,neutron,pi-,solid
200,11.0,0.267420,0.450096,0.373995,2.481809,0.290642,AUT,0.0,0.006898,0.070207,0.001068,neutron,pi-,solid
201,11.0,0.302818,0.397474,0.374149,2.481036,0.288850,AUT,0.0,0.004868,0.070207,0.001085,neutron,pi-,solid
202,11.0,0.349402,0.370669,0.374174,2.671751,0.286424,AUT,0.0,0.007027,0.070207,0.001108,neutron,pi-,solid
203,11.0,0.149566,0.692326,0.374160,2.132457,0.483717,AUT,0.0,0.003436,0.070207,0.001000,neutron,pi-,solid
204,11.0,0.177684,0.622303,0.374281,2.279590,0.484371,AUT,0.0,0.007408,0.070207,0.001015,neutron,pi-,solid
205,11.0,0.206084,0.565177,0.374106,2.401432,0.486700,AUT,0.0,0.007253,0.070207,0.001032,neutron,pi-,solid
206,11.0,0.240522,0.499324,0.373986,2.473226,0.487944,AUT,0.0,0.005313,0.070207,0.001053,neutron,pi-,solid
207,11.0,0.295537,0.409210,0.373848,2.485190,0.489008,AUT,0.0,0.006217,0.070207,0.001082,neutron,pi-,solid
208,11.0,0.360708,0.367901,0.373874,2.738362,0.487049,AUT,0.0,0.031813,0.070207,0.001113,neutron,pi-,solid
209,11.0,0.172394,0.634870,0.374239,2.238402,0.682469,AUT,0.0,0.002685,0.070207,0.001012,neutron,pi-,solid
210,11.0,0.249697,0.484852,0.374372,2.469426,0.678792,AUT,0.0,0.005219,0.070207,0.001057,neutron,pi-,solid
211,11.0,0.335290,0.393559,0.373235,2.721826,0.656799,AUT,0.0,0.058873,0.070207,0.001103,neutron,pi-,solid
212,11.0,0.196766,0.603002,0.378198,2.393455,0.857260,AUT,0.0,0.014257,0.070207,0.001026,neutron,pi-,solid
213,11.0,0.182486,0.592865,0.422734,2.223550,0.136864,AUT,0.0,0.002510,0.070207,0.001004,neutron,pi-,solid
214,11.0,0.216058,0.529447,0.423496,2.359447,0.125973,AUT,0.0,0.002655,0.070207,0.001023,neutron,pi-,solid
215,11.0,0.242449,0.489178,0.423555,2.446147,0.122300,AUT,0.0,0.002697,0.070207,0.001038,neutron,pi-,solid
216,11.0,0.274628,0.441119,0.423521,2.496806,0.122985,AUT,0.0,0.002678,0.070207,0.001054,neutron,pi-,solid
217,11.0,0.323535,0.388948,0.423235,2.592121,0.134968,AUT,0.0,0.003684,0.070207,0.001076,neutron,pi-,solid
218,11.0,0.159780,0.653039,0.420692,2.149424,0.308053,AUT,0.0,0.002499,0.070207,0.000994,neutron,pi-,solid
219,11.0,0.182310,0.603864,0.423301,2.271386,0.299746,AUT,0.0,0.002727,0.070207,0.001005,neutron,pi-,solid
220,11.0,0.200392,0.573447,0.423774,2.371184,0.294546,AUT,0.0,0.003190,0.070207,0.001015,neutron,pi-,solid
221,11.0,0.219597,0.543903,0.423879,2.464306,0.292003,AUT,0.0,0.004114,0.070207,0.001026,neutron,pi-,solid
222,11.0,0.243068,0.498314,0.423949,2.497470,0.290156,AUT,0.0,0.006123,0.070207,0.001039,neutron,pi-,solid
223,11.0,0.277465,0.432726,0.424007,2.473341,0.289665,AUT,0.0,0.004569,0.070207,0.001055,neutron,pi-,solid
224,11.0,0.330293,0.378359,0.424060,2.575515,0.287865,AUT,0.0,0.004081,0.070207,0.001078,neutron,pi-,solid
225,11.0,0.161680,0.654570,0.421116,2.178675,0.484455,AUT,0.0,0.003689,0.070207,0.000995,neutron,pi-,solid
226,11.0,0.196647,0.583755,0.424034,2.365476,0.485557,AUT,0.0,0.008733,0.070207,0.001013,neutron,pi-,solid
227,11.0,0.237461,0.506330,0.424114,2.473588,0.487556,AUT,0.0,0.007317,0.070207,0.001035,neutron,pi-,solid
228,11.0,0.304951,0.403550,0.424016,2.524987,0.487167,AUT,0.0,0.007256,0.070207,0.001067,neutron,pi-,solid
229,11.0,0.189215,0.595788,0.422880,2.300272,0.686483,AUT,0.0,0.003247,0.070207,0.001009,neutron,pi-,solid
230,11.0,0.271769,0.450629,0.423717,2.508784,0.682094,AUT,0.0,0.007011,0.070207,0.001052,neutron,pi-,solid
231,11.0,0.205569,0.575321,0.425204,2.393412,0.878261,AUT,0.0,0.007840,0.070207,0.001017,neutron,pi-,solid
232,11.0,0.199526,0.548530,0.472108,2.249963,0.129560,AUT,0.0,0.002556,0.070207,0.001000,neutron,pi-,solid
233,11.0,0.241792,0.488107,0.473413,2.432574,0.124433,AUT,0.0,0.002635,0.070207,0.001021,neutron,pi-,solid
234,11.0,0.295629,0.418284,0.473356,2.539071,0.129424,AUT,0.0,0.002635,0.070207,0.001045,neutron,pi-,solid
235,11.0,0.382207,0.364025,0.472685,2.871692,0.156827,AUT,0.0,0.073369,0.070207,0.001075,neutron,pi-,solid
236,11.0,0.181611,0.584832,0.470620,2.187799,0.301391,AUT,0.0,0.002649,0.070207,0.000992,neutron,pi-,solid
237,11.0,0.212864,0.543094,0.472735,2.384711,0.293796,AUT,0.0,0.003485,0.070207,0.001007,neutron,pi-,solid
238,11.0,0.243974,0.495099,0.473829,2.488928,0.290964,AUT,0.0,0.004830,0.070207,0.001023,neutron,pi-,solid
239,11.0,0.290986,0.413168,0.474000,2.473393,0.289453,AUT,0.0,0.003221,0.070207,0.001042,neutron,pi-,solid
240,11.0,0.347888,0.371064,0.473869,2.662907,0.291705,AUT,0.0,0.006657,0.070207,0.001064,neutron,pi-,solid
241,11.0,0.191625,0.574150,0.471157,2.261572,0.485926,AUT,0.0,0.008092,0.070207,0.000997,neutron,pi-,solid
242,11.0,0.252015,0.478065,0.473917,2.470313,0.488550,AUT,0.0,0.007099,0.070207,0.001026,neutron,pi-,solid
243,11.0,0.324416,0.385205,0.473693,2.574566,0.482811,AUT,0.0,0.012580,0.070207,0.001055,neutron,pi-,solid
244,11.0,0.210608,0.543007,0.472571,2.338362,0.738938,AUT,0.0,0.003126,0.070207,0.001006,neutron,pi-,solid
245,11.0,0.285976,0.439795,0.473333,2.588500,0.698128,AUT,0.0,0.011773,0.070207,0.001042,neutron,pi-,solid
246,11.0,0.223731,0.498531,0.522124,2.291980,0.126617,AUT,0.0,0.002528,0.070207,0.000995,neutron,pi-,solid
247,11.0,0.291444,0.424490,0.523409,2.538155,0.130178,AUT,0.0,0.002909,0.070207,0.001022,neutron,pi-,solid
248,11.0,0.208987,0.521557,0.521230,2.242636,0.293974,AUT,0.0,0.003430,0.070207,0.000989,neutron,pi-,solid
249,11.0,0.264079,0.452644,0.523537,2.457776,0.290556,AUT,0.0,0.003612,0.070207,0.001012,neutron,pi-,solid
250,11.0,0.327499,0.380186,0.523820,2.565503,0.293772,AUT,0.0,0.004192,0.070207,0.001033,neutron,pi-,solid
251,11.0,0.230939,0.494449,0.522343,2.335455,0.489085,AUT,0.0,0.009207,0.070207,0.000998,neutron,pi-,solid
252,11.0,0.312870,0.398675,0.523204,2.568428,0.480431,AUT,0.0,0.010790,0.070207,0.001029,neutron,pi-,solid
253,11.0,0.235015,0.495819,0.522139,2.380336,0.735811,AUT,0.0,0.004837,0.070207,0.001000,neutron,pi-,solid
254,11.0,0.226842,0.476380,0.571386,2.224205,0.218477,AUT,0.0,0.002869,0.070207,0.000977,neutron,pi-,solid
255,11.0,0.279264,0.426954,0.573168,2.455757,0.223729,AUT,0.0,0.002610,0.070207,0.000994,neutron,pi-,solid
256,11.0,0.333324,0.382625,0.572518,2.629958,0.246113,AUT,0.0,0.004971,0.070207,0.001008,neutron,pi-,solid
257,11.0,0.252955,0.458072,0.571749,2.371873,0.556786,AUT,0.0,0.006043,0.070207,0.000986,neutron,pi-,solid
258,11.0,0.352275,0.392293,0.568390,2.851816,0.451263,AUT,0.0,0.045789,0.070207,0.001015,neutron,pi-,solid
259,11.0,0.263405,0.428980,0.621518,2.321507,0.222748,AUT,0.0,0.002533,0.070207,0.000963,neutron,pi-,solid
260,11.0,0.333408,0.397902,0.620383,2.736773,0.233727,AUT,0.0,0.007814,0.070207,0.000978,neutron,pi-,solid
261,11.0,0.258395,0.442748,0.619686,2.354176,0.522842,AUT,0.0,0.010661,0.070207,0.000963,neutron,pi-,solid
262,11.0,0.268074,0.419561,0.667674,2.318834,0.250305,AUT,0.0,0.003883,0.070207,0.000936,neutron,pi-,solid
263,11.0,0.255051,0.608703,0.323196,3.200617,0.128356,AUT,0.0,0.004198,0.070207,0.001088,neutron,pi-,solid
264,11.0,0.282028,0.573826,0.323551,3.339482,0.122078,AUT,0.0,0.004356,0.070207,0.001106,neutron,pi-,solid
265,11.0,0.303755,0.535772,0.323624,3.357752,0.117115,AUT,0.0,0.004567,0.070207,0.001118,neutron,pi-,solid
266,11.0,0.328011,0.498515,0.323631,3.373873,0.115693,AUT,0.0,0.004530,0.070207,0.001130,neutron,pi-,solid
267,11.0,0.356321,0.468722,0.323480,3.445952,0.119970,AUT,0.0,0.004337,0.070207,0.001144,neutron,pi-,solid
268,11.0,0.394700,0.432388,0.323203,3.519303,0.131037,AUT,0.0,0.004750,0.070207,0.001163,neutron,pi-,solid
269,11.0,0.439985,0.411958,0.322856,3.741011,0.142157,AUT,0.0,0.017791,0.070207,0.001186,neutron,pi-,solid
270,11.0,0.248908,0.625130,0.323984,3.208705,0.287955,AUT,0.0,0.006288,0.070207,0.001084,neutron,pi-,solid
271,11.0,0.275411,0.596499,0.323957,3.390272,0.288524,AUT,0.0,0.009477,0.070207,0.001102,neutron,pi-,solid
272,11.0,0.298186,0.553609,0.323994,3.404868,0.289240,AUT,0.0,0.013689,0.070207,0.001115,neutron,pi-,solid
273,11.0,0.327515,0.499234,0.323972,3.372618,0.289887,AUT,0.0,0.012354,0.070207,0.001130,neutron,pi-,solid
274,11.0,0.362159,0.460293,0.324059,3.438611,0.288727,AUT,0.0,0.009140,0.070207,0.001147,neutron,pi-,solid
275,11.0,0.405703,0.420885,0.324227,3.521967,0.286376,AUT,0.0,0.008398,0.070207,0.001167,neutron,pi-,solid
276,11.0,0.451752,0.409123,0.324199,3.814976,0.284564,AUT,0.0,0.027996,0.070207,0.001191,neutron,pi-,solid
277,11.0,0.265158,0.604197,0.323929,3.299570,0.486455,AUT,0.0,0.009015,0.070207,0.001095,neutron,pi-,solid
278,11.0,0.319721,0.512900,0.323805,3.374745,0.487745,AUT,0.0,0.008357,0.070207,0.001126,neutron,pi-,solid
279,11.0,0.391564,0.434846,0.323770,3.504326,0.488082,AUT,0.0,0.013558,0.070207,0.001161,neutron,pi-,solid
280,11.0,0.307462,0.538730,0.324718,3.365992,0.673393,AUT,0.0,0.010088,0.070207,0.001117,neutron,pi-,solid
281,11.0,0.410794,0.433054,0.324062,3.670716,0.647560,AUT,0.0,0.113719,0.070207,0.001171,neutron,pi-,solid
282,11.0,0.262578,0.597712,0.373296,3.234199,0.127522,AUT,0.0,0.004089,0.070207,0.001074,neutron,pi-,solid
283,11.0,0.297108,0.546640,0.373586,3.349542,0.121510,AUT,0.0,0.004290,0.070207,0.001093,neutron,pi-,solid
284,11.0,0.330352,0.496307,0.373557,3.381666,0.119669,AUT,0.0,0.004311,0.070207,0.001108,neutron,pi-,solid
285,11.0,0.374742,0.451811,0.373299,3.489512,0.127572,AUT,0.0,0.004235,0.070207,0.001127,neutron,pi-,solid
286,11.0,0.426725,0.415710,0.373009,3.660703,0.142951,AUT,0.0,0.013379,0.070207,0.001148,neutron,pi-,solid
287,11.0,0.253170,0.618943,0.373861,3.230702,0.291184,AUT,0.0,0.005340,0.070207,0.001068,neutron,pi-,solid
288,11.0,0.284748,0.581199,0.373920,3.413770,0.290008,AUT,0.0,0.008378,0.070207,0.001087,neutron,pi-,solid
289,11.0,0.318354,0.513920,0.373986,3.372701,0.289786,AUT,0.0,0.011119,0.070207,0.001102,neutron,pi-,solid
290,11.0,0.361782,0.459972,0.374028,3.431078,0.288032,AUT,0.0,0.006442,0.070207,0.001121,neutron,pi-,solid
291,11.0,0.413580,0.417323,0.374012,3.560177,0.286549,AUT,0.0,0.007319,0.070207,0.001142,neutron,pi-,solid
292,11.0,0.272141,0.593325,0.374130,3.320810,0.485720,AUT,0.0,0.014057,0.070207,0.001079,neutron,pi-,solid
293,11.0,0.349582,0.475033,0.374066,3.410508,0.486907,AUT,0.0,0.010304,0.070207,0.001116,neutron,pi-,solid
294,11.0,0.423356,0.413339,0.374095,3.611319,0.485177,AUT,0.0,0.035264,0.070207,0.001146,neutron,pi-,solid
295,11.0,0.307545,0.539271,0.374367,3.369466,0.710456,AUT,0.0,0.006572,0.070207,0.001096,neutron,pi-,solid
296,11.0,0.419940,0.432150,0.372905,3.745100,0.644732,AUT,0.0,0.133571,0.070207,0.001147,neutron,pi-,solid
297,11.0,0.272041,0.582892,0.423248,3.264758,0.126890,AUT,0.0,0.004014,0.070207,0.001060,neutron,pi-,solid
298,11.0,0.319789,0.510803,0.423538,3.366519,0.122666,AUT,0.0,0.004160,0.070207,0.001082,neutron,pi-,solid
299,11.0,0.381366,0.448787,0.423205,3.521344,0.131572,AUT,0.0,0.004457,0.070207,0.001105,neutron,pi-,solid
300,11.0,0.258853,0.610754,0.423479,3.258604,0.294031,AUT,0.0,0.004945,0.070207,0.001054,neutron,pi-,solid
301,11.0,0.299618,0.550234,0.423880,3.396209,0.290852,AUT,0.0,0.008319,0.070207,0.001074,neutron,pi-,solid
302,11.0,0.350824,0.471651,0.423974,3.409464,0.288789,AUT,0.0,0.005487,0.070207,0.001093,neutron,pi-,solid
303,11.0,0.409781,0.419787,0.423917,3.547270,0.289796,AUT,0.0,0.006699,0.070207,0.001113,neutron,pi-,solid
304,11.0,0.279803,0.579494,0.423900,3.326933,0.486294,AUT,0.0,0.015586,0.070207,0.001064,neutron,pi-,solid
305,11.0,0.373795,0.452121,0.424080,3.468917,0.485982,AUT,0.0,0.011618,0.070207,0.001101,neutron,pi-,solid
306,11.0,0.306834,0.541498,0.424096,3.375716,0.725742,AUT,0.0,0.006223,0.070207,0.001075,neutron,pi-,solid
307,11.0,0.290325,0.545791,0.472685,3.257304,0.126364,AUT,0.0,0.003964,0.070207,0.001049,neutron,pi-,solid
308,11.0,0.367058,0.462411,0.473379,3.487954,0.129552,AUT,0.0,0.004417,0.070207,0.001075,neutron,pi-,solid
309,11.0,0.278596,0.565483,0.472275,3.241299,0.291685,AUT,0.0,0.006046,0.070207,0.001044,neutron,pi-,solid
310,11.0,0.346453,0.477163,0.473886,3.402275,0.289969,AUT,0.0,0.004852,0.070207,0.001069,neutron,pi-,solid
311,11.0,0.412135,0.418339,0.473839,3.556028,0.294625,AUT,0.0,0.007730,0.070207,0.001087,neutron,pi-,solid
312,11.0,0.309951,0.524292,0.473175,3.316069,0.487770,AUT,0.0,0.011595,0.070207,0.001055,neutron,pi-,solid
313,11.0,0.407068,0.424019,0.473632,3.559563,0.479750,AUT,0.0,0.021805,0.070207,0.001086,neutron,pi-,solid
314,11.0,0.309620,0.528779,0.473203,3.340761,0.727258,AUT,0.0,0.008803,0.070207,0.001055,neutron,pi-,solid
315,11.0,0.327703,0.498768,0.522268,3.347250,0.127599,AUT,0.0,0.003872,0.070207,0.001038,neutron,pi-,solid
316,11.0,0.424996,0.419563,0.522983,3.679330,0.150378,AUT,0.0,0.027986,0.070207,0.001060,neutron,pi-,solid
317,11.0,0.315299,0.509055,0.522209,3.294156,0.290629,AUT,0.0,0.005339,0.070207,0.001035,neutron,pi-,solid
318,11.0,0.398713,0.428704,0.523586,3.521203,0.297218,AUT,0.0,0.006186,0.070207,0.001054,neutron,pi-,solid
319,11.0,0.329583,0.496244,0.522570,3.346400,0.539901,AUT,0.0,0.009265,0.070207,0.001038,neutron,pi-,solid
320,11.0,0.424768,0.424391,0.520956,3.720024,0.464497,AUT,0.0,0.037141,0.070207,0.001061,neutron,pi-,solid
321,11.0,0.338157,0.476743,0.571272,3.315971,0.225418,AUT,0.0,0.003922,0.070207,0.001012,neutron,pi-,solid
322,11.0,0.407771,0.426859,0.572076,3.590531,0.251647,AUT,0.0,0.008687,0.070207,0.001022,neutron,pi-,solid
323,11.0,0.343197,0.477588,0.570664,3.369363,0.529817,AUT,0.0,0.011882,0.070207,0.001013,neutron,pi-,solid
324,11.0,0.358997,0.452162,0.618652,3.344470,0.283272,AUT,0.0,0.005039,0.070207,0.000982,neutron,pi-,solid
325,11.0,0.320278,0.644549,0.323254,4.257957,0.127148,AUT,0.0,0.005635,0.070207,0.001134,neutron,pi-,solid
326,11.0,0.359452,0.615975,0.323461,4.567651,0.122891,AUT,0.0,0.005839,0.070207,0.001154,neutron,pi-,solid
327,11.0,0.410422,0.536170,0.323423,4.528271,0.120744,AUT,0.0,0.005782,0.070207,0.001178,neutron,pi-,solid
328,11.0,0.472428,0.451551,0.322972,4.401133,0.137423,AUT,0.0,0.015040,0.070207,0.001207,neutron,pi-,solid
329,11.0,0.313878,0.652322,0.324015,4.224001,0.286489,AUT,0.0,0.009048,0.070207,0.001130,neutron,pi-,solid
330,11.0,0.350627,0.628653,0.324063,4.548063,0.287113,AUT,0.0,0.015553,0.070207,0.001150,neutron,pi-,solid
331,11.0,0.404920,0.543816,0.323944,4.526843,0.288604,AUT,0.0,0.012475,0.070207,0.001175,neutron,pi-,solid
332,11.0,0.471682,0.449208,0.324114,4.371141,0.285151,AUT,0.0,0.016150,0.070207,0.001205,neutron,pi-,solid
333,11.0,0.339349,0.632220,0.324034,4.417103,0.484966,AUT,0.0,0.015674,0.070207,0.001143,neutron,pi-,solid
334,11.0,0.433881,0.500055,0.323969,4.451522,0.485666,AUT,0.0,0.019836,0.070207,0.001188,neutron,pi-,solid
335,11.0,0.360934,0.602868,0.324512,4.442227,0.698173,AUT,0.0,0.012610,0.070207,0.001153,neutron,pi-,solid
336,11.0,0.330861,0.637296,0.373230,4.347588,0.126728,AUT,0.0,0.005492,0.070207,0.001115,neutron,pi-,solid
337,11.0,0.396141,0.560246,0.373460,4.560590,0.123837,AUT,0.0,0.005564,0.070207,0.001143,neutron,pi-,solid
338,11.0,0.470473,0.454223,0.373017,4.408338,0.139676,AUT,0.0,0.017732,0.070207,0.001172,neutron,pi-,solid
339,11.0,0.319748,0.648069,0.373865,4.274123,0.289424,AUT,0.0,0.007376,0.070207,0.001110,neutron,pi-,solid
340,11.0,0.370759,0.601904,0.373923,4.595208,0.288237,AUT,0.0,0.012721,0.070207,0.001133,neutron,pi-,solid
341,11.0,0.448335,0.477313,0.373991,4.401763,0.287440,AUT,0.0,0.008706,0.070207,0.001162,neutron,pi-,solid
342,11.0,0.353404,0.612922,0.374092,4.438662,0.485425,AUT,0.0,0.018822,0.070207,0.001124,neutron,pi-,solid
343,11.0,0.461861,0.459893,0.374087,4.378197,0.484666,AUT,0.0,0.043089,0.070207,0.001167,neutron,pi-,solid
344,11.0,0.358527,0.606215,0.374389,4.442027,0.721640,AUT,0.0,0.010250,0.070207,0.001126,neutron,pi-,solid
345,11.0,0.346531,0.621592,0.423169,4.433239,0.126987,AUT,0.0,0.005382,0.070207,0.001098,neutron,pi-,solid
346,11.0,0.429694,0.509731,0.423262,4.499841,0.129296,AUT,0.0,0.008173,0.070207,0.001126,neutron,pi-,solid
347,11.0,0.328172,0.642575,0.423394,4.348349,0.292469,AUT,0.0,0.006658,0.070207,0.001091,neutron,pi-,solid
348,11.0,0.413840,0.533197,0.423841,4.505904,0.289397,AUT,0.0,0.006525,0.070207,0.001121,neutron,pi-,solid
349,11.0,0.346017,0.623254,0.423846,4.432085,0.541368,AUT,0.0,0.018356,0.070207,0.001098,neutron,pi-,solid
350,11.0,0.443443,0.485695,0.423946,4.430860,0.519605,AUT,0.0,0.025519,0.070207,0.001130,neutron,pi-,solid
351,11.0,0.357558,0.600727,0.468947,4.423127,0.218953,AUT,0.0,0.005996,0.070207,0.001079,neutron,pi-,solid
352,11.0,0.437922,0.494883,0.473570,4.452905,0.231766,AUT,0.0,0.006520,0.070207,0.001098,neutron,pi-,solid
353,11.0,0.384821,0.564981,0.470662,4.435350,0.559329,AUT,0.0,0.013569,0.070207,0.001086,neutron,pi-,solid
354,11.0,0.422383,0.506453,0.520493,4.387984,0.314388,AUT,0.0,0.006113,0.070207,0.001063,neutron,pi-,solid
355,11.0,0.433112,0.476782,0.570642,4.252490,0.294353,AUT,0.0,0.009872,0.070207,0.001027,neutron,pi-,solid
356,11.0,0.398887,0.642529,0.323426,5.285722,0.123925,AUT,0.0,0.007179,0.070207,0.001177,neutron,pi-,solid
357,11.0,0.446054,0.595935,0.323485,5.482129,0.119395,AUT,0.0,0.007445,0.070207,0.001200,neutron,pi-,solid
358,11.0,0.504684,0.536430,0.323255,5.579259,0.123885,AUT,0.0,0.008950,0.070207,0.001231,neutron,pi-,solid
359,11.0,0.398064,0.645554,0.324072,5.299423,0.287113,AUT,0.0,0.020247,0.070207,0.001176,neutron,pi-,solid
360,11.0,0.454350,0.586494,0.323931,5.491461,0.288617,AUT,0.0,0.018801,0.070207,0.001204,neutron,pi-,solid
361,11.0,0.520620,0.521121,0.324066,5.594854,0.286112,AUT,0.0,0.015830,0.070207,0.001240,neutron,pi-,solid
362,11.0,0.435755,0.605522,0.324062,5.411622,0.484770,AUT,0.0,0.017618,0.070207,0.001194,neutron,pi-,solid
363,11.0,0.541348,0.507422,0.324043,5.669195,0.484000,AUT,0.0,0.096473,0.070207,0.001252,neutron,pi-,solid
364,11.0,0.433422,0.609173,0.324272,5.416780,0.701026,AUT,0.0,0.019979,0.070207,0.001193,neutron,pi-,solid
365,11.0,0.410380,0.631503,0.373341,5.341263,0.125126,AUT,0.0,0.006915,0.070207,0.001152,neutron,pi-,solid
366,11.0,0.482345,0.558315,0.373343,5.542475,0.123766,AUT,0.0,0.007852,0.070207,0.001183,neutron,pi-,solid
367,11.0,0.405470,0.638869,0.373866,5.339515,0.287861,AUT,0.0,0.014364,0.070207,0.001150,neutron,pi-,solid
368,11.0,0.485046,0.554558,0.373942,5.531949,0.288159,AUT,0.0,0.009884,0.070207,0.001184,neutron,pi-,solid
369,11.0,0.428587,0.613012,0.374101,5.397713,0.537782,AUT,0.0,0.015629,0.070207,0.001159,neutron,pi-,solid
370,11.0,0.522584,0.520774,0.374002,5.613444,0.510289,AUT,0.0,0.052963,0.070207,0.001201,neutron,pi-,solid
371,11.0,0.428438,0.612230,0.423220,5.394912,0.125861,AUT,0.0,0.006725,0.070207,0.001130,neutron,pi-,solid
372,11.0,0.513985,0.529242,0.423247,5.608947,0.127863,AUT,0.0,0.015366,0.070207,0.001161,neutron,pi-,solid
373,11.0,0.417659,0.625146,0.423566,5.374359,0.289088,AUT,0.0,0.011209,0.070207,0.001126,neutron,pi-,solid
374,11.0,0.503618,0.535697,0.423779,5.557813,0.290196,AUT,0.0,0.011256,0.070207,0.001156,neutron,pi-,solid
375,11.0,0.439226,0.602834,0.423840,5.424231,0.556068,AUT,0.0,0.015552,0.070207,0.001133,neutron,pi-,solid
376,11.0,0.441327,0.590622,0.470206,5.366950,0.214651,AUT,0.0,0.007347,0.070207,0.001104,neutron,pi-,solid
377,11.0,0.517524,0.524808,0.473514,5.600516,0.233154,AUT,0.0,0.011866,0.070207,0.001124,neutron,pi-,solid
378,11.0,0.456083,0.578296,0.471024,5.416157,0.546652,AUT,0.0,0.022941,0.070207,0.001108,neutron,pi-,solid
379,11.0,0.485652,0.541038,0.519476,5.410504,0.301687,AUT,0.0,0.008827,0.070207,0.001078,neutron,pi-,solid
380,11.0,0.501062,0.627432,0.323473,6.474365,0.121262,AUT,0.0,0.007536,0.070207,0.001234,neutron,pi-,solid
381,11.0,0.584339,0.585177,0.323318,7.059373,0.122400,AUT,0.0,0.013984,0.070207,0.001287,neutron,pi-,solid
382,11.0,0.510440,0.620179,0.323962,6.510961,0.287797,AUT,0.0,0.017177,0.070207,0.001239,neutron,pi-,solid
383,11.0,0.600216,0.582953,0.323968,7.224479,0.286427,AUT,0.0,0.028624,0.070207,0.001298,neutron,pi-,solid
384,11.0,0.516999,0.619377,0.324106,6.584364,0.536006,AUT,0.0,0.015844,0.070207,0.001243,neutron,pi-,solid
385,11.0,0.486779,0.637220,0.373611,6.393396,0.204734,AUT,0.0,0.008488,0.070207,0.001189,neutron,pi-,solid
386,11.0,0.566042,0.589415,0.373656,6.883887,0.208513,AUT,0.0,0.009011,0.070207,0.001229,neutron,pi-,solid
387,11.0,0.516750,0.619706,0.374129,6.585196,0.537792,AUT,0.0,0.022094,0.070207,0.001204,neutron,pi-,solid
388,11.0,0.504285,0.624517,0.423312,6.483402,0.211703,AUT,0.0,0.007755,0.070207,0.001161,neutron,pi-,solid
389,11.0,0.589052,0.582508,0.423561,7.084656,0.218905,AUT,0.0,0.014553,0.070207,0.001196,neutron,pi-,solid
390,11.0,0.516038,0.620067,0.423781,6.580595,0.538660,AUT,0.0,0.028782,0.070207,0.001165,neutron,pi-,solid
391,11.0,0.537011,0.594659,0.469640,6.577789,0.293615,AUT,0.0,0.008965,0.070207,0.001136,neutron,pi-,solid
392,8.8,0.109911,0.632598,0.322833,1.141053,0.149294,AUT,0.0,0.001917,0.070207,0.001490,neutron,pi-,solid
393,8.8,0.134534,0.560787,0.323646,1.244803,0.132074,AUT,0.0,0.001945,0.070207,0.001497,neutron,pi-,solid
394,8.8,0.154700,0.537406,0.324754,1.372527,0.124165,AUT,0.0,0.002084,0.070207,0.001511,neutron,pi-,solid
395,8.8,0.178831,0.525527,0.325061,1.551396,0.118552,AUT,0.0,0.002240,0.070207,0.001535,neutron,pi-,solid
396,8.8,0.219318,0.486822,0.326581,1.755265,0.111755,AUT,0.0,0.002444,0.070207,0.001577,neutron,pi-,solid
397,8.8,0.089369,0.732924,0.323262,1.078966,0.308070,AUT,0.0,0.001916,0.070207,0.001491,neutron,pi-,solid
398,8.8,0.104225,0.671460,0.323651,1.154909,0.297080,AUT,0.0,0.002148,0.070207,0.001490,neutron,pi-,solid
399,8.8,0.116541,0.633308,0.323905,1.218238,0.292649,AUT,0.0,0.002511,0.070207,0.001492,neutron,pi-,solid
400,8.8,0.129473,0.600217,0.324007,1.282699,0.291048,AUT,0.0,0.003024,0.070207,0.001496,neutron,pi-,solid
401,8.8,0.144091,0.571333,0.324514,1.358926,0.290610,AUT,0.0,0.003668,0.070207,0.001504,neutron,pi-,solid
402,8.8,0.162766,0.549889,0.325071,1.477416,0.290805,AUT,0.0,0.004744,0.070207,0.001520,neutron,pi-,solid
403,8.8,0.191500,0.521764,0.325405,1.647597,0.291842,AUT,0.0,0.005988,0.070207,0.001549,neutron,pi-,solid
404,8.8,0.235569,0.467464,0.327794,1.813232,0.293307,AUT,0.0,0.008789,0.070207,0.001594,neutron,pi-,solid
405,8.8,0.092345,0.724512,0.324502,1.100295,0.481948,AUT,0.0,0.001945,0.070207,0.001490,neutron,pi-,solid
406,8.8,0.115957,0.635343,0.324386,1.214441,0.482937,AUT,0.0,0.001944,0.070207,0.001492,neutron,pi-,solid
407,8.8,0.140541,0.574224,0.324862,1.330779,0.481966,AUT,0.0,0.002220,0.070207,0.001502,neutron,pi-,solid
408,8.8,0.176052,0.533651,0.325506,1.548734,0.484715,AUT,0.0,0.002834,0.070207,0.001533,neutron,pi-,solid
409,8.8,0.227445,0.476572,0.327402,1.783282,0.488443,AUT,0.0,0.007915,0.070207,0.001585,neutron,pi-,solid
410,8.8,0.132363,0.652095,0.330532,1.378568,0.638517,AUT,0.0,0.009914,0.070207,0.001508,neutron,pi-,solid
411,8.8,0.118959,0.599203,0.373111,1.168444,0.143355,AUT,0.0,0.001863,0.070207,0.001478,neutron,pi-,solid
412,8.8,0.149775,0.524481,0.373650,1.295648,0.125238,AUT,0.0,0.002005,0.070207,0.001488,neutron,pi-,solid
413,8.8,0.176062,0.495774,0.374401,1.440832,0.118160,AUT,0.0,0.002154,0.070207,0.001508,neutron,pi-,solid
414,8.8,0.212840,0.466083,0.374795,1.634060,0.114583,AUT,0.0,0.002186,0.070207,0.001544,neutron,pi-,solid
415,8.8,0.264242,0.415486,0.375118,1.810461,0.121857,AUT,0.0,0.004220,0.070207,0.001593,neutron,pi-,solid
416,8.8,0.093548,0.712447,0.373211,1.096718,0.309992,AUT,0.0,0.001891,0.070207,0.001479,neutron,pi-,solid
417,8.8,0.112216,0.642105,0.373741,1.188816,0.298095,AUT,0.0,0.002110,0.070207,0.001478,neutron,pi-,solid
418,8.8,0.128759,0.599704,0.373954,1.274184,0.293324,AUT,0.0,0.002565,0.070207,0.001481,neutron,pi-,solid
419,8.8,0.147516,0.558666,0.374018,1.359689,0.291271,AUT,0.0,0.003388,0.070207,0.001489,neutron,pi-,solid
420,8.8,0.170849,0.518541,0.374493,1.461784,0.291093,AUT,0.0,0.004625,0.070207,0.001505,neutron,pi-,solid
421,8.8,0.208419,0.473210,0.375020,1.623027,0.292177,AUT,0.0,0.005503,0.070207,0.001540,neutron,pi-,solid
422,8.8,0.263997,0.414622,0.375535,1.804912,0.291740,AUT,0.0,0.011325,0.070207,0.001592,neutron,pi-,solid
423,8.8,0.094593,0.715509,0.374202,1.112082,0.488068,AUT,0.0,0.002171,0.070207,0.001479,neutron,pi-,solid
424,8.8,0.122576,0.614527,0.374044,1.240722,0.490816,AUT,0.0,0.002126,0.070207,0.001479,neutron,pi-,solid
425,8.8,0.154414,0.535291,0.374091,1.361256,0.491738,AUT,0.0,0.002063,0.070207,0.001493,neutron,pi-,solid
426,8.8,0.205611,0.470499,0.374938,1.587626,0.493519,AUT,0.0,0.002961,0.070207,0.001536,neutron,pi-,solid
427,8.8,0.279199,0.403945,0.375156,1.861368,0.494470,AUT,0.0,0.028236,0.070207,0.001606,neutron,pi-,solid
428,8.8,0.139867,0.615526,0.377150,1.365495,0.658624,AUT,0.0,0.003415,0.070207,0.001496,neutron,pi-,solid
429,8.8,0.273676,0.419941,0.376669,1.896994,0.630329,AUT,0.0,0.430285,0.070207,0.001603,neutron,pi-,solid
430,8.8,0.128171,0.569837,0.423297,1.195806,0.137936,AUT,0.0,0.001853,0.070207,0.001467,neutron,pi-,solid
431,8.8,0.167022,0.492734,0.423728,1.356748,0.121068,AUT,0.0,0.002024,0.070207,0.001483,neutron,pi-,solid
432,8.8,0.207965,0.455412,0.423821,1.560592,0.118261,AUT,0.0,0.002033,0.070207,0.001518,neutron,pi-,solid
433,8.8,0.261814,0.413293,0.423557,1.784624,0.125877,AUT,0.0,0.004422,0.070207,0.001567,neutron,pi-,solid
434,8.8,0.099107,0.686804,0.423260,1.118299,0.310442,AUT,0.0,0.001854,0.070207,0.001470,neutron,pi-,solid
435,8.8,0.123222,0.608933,0.423789,1.237509,0.297811,AUT,0.0,0.002139,0.070207,0.001468,neutron,pi-,solid
436,8.8,0.146574,0.559075,0.424003,1.351453,0.293261,AUT,0.0,0.002868,0.070207,0.001475,neutron,pi-,solid
437,8.8,0.175982,0.502758,0.424084,1.458281,0.291588,AUT,0.0,0.004174,0.070207,0.001492,neutron,pi-,solid
438,8.8,0.226062,0.441419,0.424100,1.638889,0.291785,AUT,0.0,0.004661,0.070207,0.001534,neutron,pi-,solid
439,8.8,0.098008,0.701965,0.424046,1.128953,0.489474,AUT,0.0,0.002348,0.070207,0.001470,neutron,pi-,solid
440,8.8,0.133906,0.584485,0.424017,1.286641,0.491048,AUT,0.0,0.002730,0.070207,0.001470,neutron,pi-,solid
441,8.8,0.182245,0.483813,0.423891,1.448795,0.493192,AUT,0.0,0.002423,0.070207,0.001496,neutron,pi-,solid
442,8.8,0.244684,0.422594,0.423668,1.703551,0.491468,AUT,0.0,0.008741,0.070207,0.001551,neutron,pi-,solid
443,8.8,0.122703,0.630268,0.425325,1.247655,0.673940,AUT,0.0,0.002176,0.070207,0.001472,neutron,pi-,solid
444,8.8,0.202291,0.490162,0.425043,1.627412,0.666639,AUT,0.0,0.010420,0.070207,0.001516,neutron,pi-,solid
445,8.8,0.138436,0.542667,0.473477,1.228200,0.133115,AUT,0.0,0.001853,0.070207,0.001459,neutron,pi-,solid
446,8.8,0.190368,0.466961,0.473702,1.464906,0.121077,AUT,0.0,0.001966,0.070207,0.001485,neutron,pi-,solid
447,8.8,0.246277,0.425381,0.473576,1.726023,0.125222,AUT,0.0,0.003510,0.070207,0.001531,neutron,pi-,solid
448,8.8,0.106161,0.657140,0.473130,1.144762,0.309609,AUT,0.0,0.001858,0.070207,0.001460,neutron,pi-,solid
449,8.8,0.137135,0.574446,0.473890,1.298396,0.297136,AUT,0.0,0.002303,0.070207,0.001459,neutron,pi-,solid
450,8.8,0.172093,0.508718,0.473988,1.441662,0.292764,AUT,0.0,0.003469,0.070207,0.001474,neutron,pi-,solid
451,8.8,0.226087,0.440799,0.474042,1.636573,0.291498,AUT,0.0,0.004357,0.070207,0.001514,neutron,pi-,solid
452,8.8,0.104825,0.675702,0.473505,1.160468,0.490296,AUT,0.0,0.002396,0.070207,0.001461,neutron,pi-,solid
453,8.8,0.153384,0.540805,0.474063,1.359094,0.490499,AUT,0.0,0.003417,0.070207,0.001465,neutron,pi-,solid
454,8.8,0.217229,0.449428,0.473739,1.603221,0.487952,AUT,0.0,0.005217,0.070207,0.001507,neutron,pi-,solid
455,8.8,0.128897,0.608364,0.473986,1.260922,0.683607,AUT,0.0,0.001916,0.070207,0.001463,neutron,pi-,solid
456,8.8,0.208644,0.486958,0.473259,1.672341,0.676278,AUT,0.0,0.009281,0.070207,0.001504,neutron,pi-,solid
457,8.8,0.150701,0.516171,0.523489,1.269306,0.129601,AUT,0.0,0.001854,0.070207,0.001449,neutron,pi-,solid
458,8.8,0.216643,0.447013,0.523625,1.592125,0.124304,AUT,0.0,0.002367,0.070207,0.001485,neutron,pi-,solid
459,8.8,0.119350,0.606721,0.522676,1.188137,0.304941,AUT,0.0,0.001893,0.070207,0.001447,neutron,pi-,solid
460,8.8,0.164161,0.520423,0.523909,1.404940,0.295017,AUT,0.0,0.002764,0.070207,0.001454,neutron,pi-,solid
461,8.8,0.223363,0.443168,0.524042,1.624797,0.291160,AUT,0.0,0.003908,0.070207,0.001490,neutron,pi-,solid
462,8.8,0.121445,0.614596,0.522711,1.220606,0.489149,AUT,0.0,0.002952,0.070207,0.001448,neutron,pi-,solid
463,8.8,0.190607,0.486567,0.523729,1.515800,0.486781,AUT,0.0,0.004845,0.070207,0.001469,neutron,pi-,solid
464,8.8,0.138618,0.585965,0.523228,1.318190,0.729197,AUT,0.0,0.001965,0.070207,0.001452,neutron,pi-,solid
465,8.8,0.223626,0.489721,0.522258,1.805368,0.681229,AUT,0.0,0.018271,0.070207,0.001496,neutron,pi-,solid
466,8.8,0.168311,0.489056,0.573409,1.342120,0.127470,AUT,0.0,0.001840,0.070207,0.001438,neutron,pi-,solid
467,8.8,0.246999,0.425911,0.573512,1.733468,0.128057,AUT,0.0,0.004962,0.070207,0.001478,neutron,pi-,solid
468,8.8,0.137493,0.551057,0.572667,1.241126,0.300531,AUT,0.0,0.002089,0.070207,0.001432,neutron,pi-,solid
469,8.8,0.205823,0.463134,0.573408,1.561380,0.290572,AUT,0.0,0.003153,0.070207,0.001454,neutron,pi-,solid
470,8.8,0.151726,0.541616,0.572660,1.334786,0.488055,AUT,0.0,0.004387,0.070207,0.001437,neutron,pi-,solid
471,8.8,0.242284,0.450775,0.571743,1.801058,0.474907,AUT,0.0,0.022693,0.070207,0.001478,neutron,pi-,solid
472,8.8,0.145111,0.565688,0.572152,1.342920,0.733750,AUT,0.0,0.002781,0.070207,0.001437,neutron,pi-,solid
473,8.8,0.146397,0.507711,0.622579,1.218314,0.234575,AUT,0.0,0.002011,0.070207,0.001410,neutron,pi-,solid
474,8.8,0.207818,0.463755,0.622260,1.586303,0.209010,AUT,0.0,0.002383,0.070207,0.001426,neutron,pi-,solid
475,8.8,0.154577,0.529676,0.621366,1.341485,0.555561,AUT,0.0,0.005124,0.070207,0.001416,neutron,pi-,solid
476,8.8,0.164924,0.492474,0.670929,1.336287,0.272450,AUT,0.0,0.002234,0.070207,0.001387,neutron,pi-,solid
477,8.8,0.246845,0.462200,0.666836,1.882981,0.185440,AUT,0.0,0.012139,0.070207,0.001409,neutron,pi-,solid
478,8.8,0.252060,0.530497,0.324098,2.194981,0.113750,AUT,0.0,0.003162,0.070207,0.001622,neutron,pi-,solid
479,8.8,0.321730,0.477101,0.326603,2.528894,0.119015,AUT,0.0,0.004182,0.070207,0.001686,neutron,pi-,solid
480,8.8,0.260794,0.524293,0.324645,2.240352,0.291221,AUT,0.0,0.007878,0.070207,0.001630,neutron,pi-,solid
481,8.8,0.340500,0.461105,0.327830,2.589994,0.290573,AUT,0.0,0.016736,0.070207,0.001701,neutron,pi-,solid
482,8.8,0.274337,0.513714,0.325723,2.301155,0.512060,AUT,0.0,0.005703,0.070207,0.001642,neutron,pi-,solid
483,8.8,0.266531,0.514495,0.373675,2.245197,0.118354,AUT,0.0,0.002831,0.070207,0.001607,neutron,pi-,solid
484,8.8,0.343665,0.451748,0.373393,2.562730,0.130237,AUT,0.0,0.007274,0.070207,0.001670,neutron,pi-,solid
485,8.8,0.274045,0.507297,0.374040,2.268281,0.290724,AUT,0.0,0.006356,0.070207,0.001613,neutron,pi-,solid
486,8.8,0.364825,0.446092,0.374279,2.687570,0.288026,AUT,0.0,0.023613,0.070207,0.001684,neutron,pi-,solid
487,8.8,0.276429,0.507281,0.374122,2.287529,0.536865,AUT,0.0,0.004651,0.070207,0.001614,neutron,pi-,solid
488,8.8,0.250226,0.531544,0.423822,2.182717,0.201980,AUT,0.0,0.003453,0.070207,0.001569,neutron,pi-,solid
489,8.8,0.320458,0.464796,0.423755,2.454574,0.212203,AUT,0.0,0.003732,0.070207,0.001621,neutron,pi-,solid
490,8.8,0.273959,0.510698,0.423929,2.283243,0.549338,AUT,0.0,0.004818,0.070207,0.001586,neutron,pi-,solid
491,8.8,0.262774,0.518393,0.473793,2.230726,0.208462,AUT,0.0,0.003117,0.070207,0.001553,neutron,pi-,solid
492,8.8,0.337830,0.452608,0.473733,2.523623,0.225423,AUT,0.0,0.006060,0.070207,0.001601,neutron,pi-,solid
493,8.8,0.270709,0.515653,0.473762,2.278688,0.552078,AUT,0.0,0.005835,0.070207,0.001558,neutron,pi-,solid
494,8.8,0.264366,0.516930,0.523768,2.237075,0.276071,AUT,0.0,0.003195,0.070207,0.001526,neutron,pi-,solid
495,8.8,0.340844,0.453167,0.523278,2.549504,0.272181,AUT,0.0,0.007244,0.070207,0.001568,neutron,pi-,solid
496,8.8,0.271411,0.514039,0.573268,2.278521,0.301625,AUT,0.0,0.003073,0.070207,0.001496,neutron,pi-,solid
497,8.8,0.265741,0.520383,0.621876,2.268011,0.283293,AUT,0.0,0.004033,0.070207,0.001455,neutron,pi-,solid
498,8.8,0.357877,0.563454,0.323751,3.324620,0.191447,AUT,0.0,0.005898,0.070207,0.001729,neutron,pi-,solid
499,8.8,0.424068,0.526965,0.323732,3.687235,0.201130,AUT,0.0,0.008273,0.070207,0.001780,neutron,pi-,solid
500,8.8,0.375791,0.553812,0.324131,3.424723,0.527292,AUT,0.0,0.012124,0.070207,0.001742,neutron,pi-,solid
501,8.8,0.372386,0.555493,0.373760,3.405697,0.198829,AUT,0.0,0.005144,0.070207,0.001700,neutron,pi-,solid
502,8.8,0.450715,0.512216,0.373674,3.812161,0.216073,AUT,0.0,0.021464,0.070207,0.001752,neutron,pi-,solid
503,8.8,0.374008,0.555159,0.373953,3.416921,0.539619,AUT,0.0,0.012175,0.070207,0.001701,neutron,pi-,solid
504,8.8,0.371709,0.555994,0.423756,3.402745,0.291475,AUT,0.0,0.005041,0.070207,0.001663,neutron,pi-,solid
505,8.8,0.450742,0.512465,0.423598,3.814229,0.278027,AUT,0.0,0.023421,0.070207,0.001706,neutron,pi-,solid
506,8.8,0.375037,0.554471,0.473708,3.421719,0.296548,AUT,0.0,0.005495,0.070207,0.001627,neutron,pi-,solid
507,8.8,0.373845,0.555390,0.523515,3.416975,0.294323,AUT,0.0,0.006154,0.070207,0.001585,neutron,pi-,solid
508,8.8,0.370219,0.558481,0.573054,3.404280,0.283735,AUT,0.0,0.007117,0.070207,0.001536,neutron,pi-,solid
509,8.8,0.462819,0.568892,0.323800,4.344434,0.267360,AUT,0.0,0.008257,0.070207,0.001816,neutron,pi-,solid
510,8.8,0.462517,0.569213,0.373744,4.344021,0.274172,AUT,0.0,0.009434,0.070207,0.001765,neutron,pi-,solid
511,8.8,0.462358,0.569156,0.423675,4.342157,0.277628,AUT,0.0,0.010479,0.070207,0.001717,neutron,pi-,solid
512,8.8,0.461526,0.569843,0.473636,4.339551,0.279309,AUT,0.0,0.011562,0.070207,0.001669,neutron,pi-,solid
