i,Ebeam,x,y,z,Q2,pT,obs,value,stat,systrel,systabs,target,hadron,Experiment
0,11.0,0.089861,0.624084,0.322032,1.155111,0.164096,AUT,0.0,0.002940,0.070207,0.001121,neutron,pi+,solid
1,11.0,0.106806,0.594612,0.322757,1.310437,0.153358,AUT,0.0,0.002375,0.070207,0.001147,neutron,pi+,solid
2,11.0,0.118919,0.576234,0.323044,1.414182,0.147178,AUT,0.0,0.002231,0.070207,0.001166,neutron,pi+,solid
3,11.0,0.129139,0.559974,0.323149,1.492434,0.142347,AUT,0.0,0.002228,0.070207,0.001184,neutron,pi+,solid
4,11.0,0.138215,0.542701,0.323387,1.548085,0.137486,AUT,0.0,0.002292,0.070207,0.001200,neutron,pi+,solid
5,11.0,0.146976,0.525284,0.323491,1.593373,0.132691,AUT,0.0,0.002359,0.070207,0.001216,neutron,pi+,solid
6,11.0,0.155998,0.506050,0.323607,1.629221,0.128243,AUT,0.0,0.002433,0.070207,0.001232,neutron,pi+,solid
7,11.0,0.165420,0.487359,0.323749,1.663835,0.123843,AUT,0.0,0.002623,0.070207,0.001249,neutron,pi+,solid
8,11.0,0.175583,0.467637,0.323959,1.694515,0.119367,AUT,0.0,0.002764,0.070207,0.001268,neutron,pi+,solid
9,11.0,0.187600,0.446315,0.324414,1.727804,0.114973,AUT,0.0,0.002915,0.070207,0.001291,neutron,pi+,solid
10,11.0,0.203780,0.422069,0.325705,1.774521,0.111290,AUT,0.0,0.003098,0.070207,0.001321,neutron,pi+,solid
11,11.0,0.230306,0.391671,0.329370,1.858753,0.112069,AUT,0.0,0.003346,0.070207,0.001370,neutron,pi+,solid
12,11.0,0.065328,0.793577,0.321520,1.068291,0.338272,AUT,0.0,0.002219,0.070207,0.001084,neutron,pi+,solid
13,11.0,0.072818,0.740485,0.322377,1.112720,0.323757,AUT,0.0,0.002071,0.070207,0.001095,neutron,pi+,solid
14,11.0,0.077509,0.714084,0.322684,1.142336,0.318969,AUT,0.0,0.002097,0.070207,0.001102,neutron,pi+,solid
15,11.0,0.081390,0.694138,0.322899,1.166071,0.315665,AUT,0.0,0.002047,0.070207,0.001108,neutron,pi+,solid
16,11.0,0.084855,0.680082,0.323004,1.191172,0.312982,AUT,0.0,0.002088,0.070207,0.001113,neutron,pi+,solid
17,11.0,0.088157,0.673317,0.323139,1.225212,0.311360,AUT,0.0,0.002081,0.070207,0.001118,neutron,pi+,solid
18,11.0,0.091354,0.666641,0.323228,1.257066,0.309904,AUT,0.0,0.002150,0.070207,0.001123,neutron,pi+,solid
19,11.0,0.094400,0.660643,0.323325,1.287309,0.308364,AUT,0.0,0.002191,0.070207,0.001127,neutron,pi+,solid
20,11.0,0.097499,0.655166,0.323360,1.318543,0.306883,AUT,0.0,0.002141,0.070207,0.001132,neutron,pi+,solid
21,11.0,0.100696,0.649524,0.323349,1.350046,0.305557,AUT,0.0,0.002167,0.070207,0.001137,neutron,pi+,solid
22,11.0,0.103946,0.644039,0.323490,1.381848,0.304330,AUT,0.0,0.002180,0.070207,0.001142,neutron,pi+,solid
23,11.0,0.107245,0.639124,0.323556,1.414832,0.303181,AUT,0.0,0.002231,0.070207,0.001148,neutron,pi+,solid
24,11.0,0.110545,0.633070,0.323567,1.444548,0.301916,AUT,0.0,0.002290,0.070207,0.001153,neutron,pi+,solid
25,11.0,0.113843,0.627925,0.323644,1.475564,0.300665,AUT,0.0,0.002352,0.070207,0.001158,neutron,pi+,solid
26,11.0,0.117245,0.623027,0.323648,1.507802,0.299785,AUT,0.0,0.002348,0.070207,0.001164,neutron,pi+,solid
27,11.0,0.120744,0.617921,0.323709,1.540073,0.298936,AUT,0.0,0.002436,0.070207,0.001170,neutron,pi+,solid
28,11.0,0.124291,0.612748,0.323759,1.572040,0.298184,AUT,0.0,0.002488,0.070207,0.001176,neutron,pi+,solid
29,11.0,0.127934,0.605526,0.323827,1.599027,0.296983,AUT,0.0,0.002588,0.070207,0.001183,neutron,pi+,solid
30,11.0,0.131769,0.594954,0.323970,1.618175,0.295694,AUT,0.0,0.002672,0.070207,0.001189,neutron,pi+,solid
31,11.0,0.136059,0.582413,0.324042,1.635622,0.294232,AUT,0.0,0.002781,0.070207,0.001197,neutron,pi+,solid
32,11.0,0.140802,0.568912,0.324098,1.653392,0.292699,AUT,0.0,0.003088,0.070207,0.001205,neutron,pi+,solid
33,11.0,0.146032,0.554017,0.324107,1.669868,0.290786,AUT,0.0,0.003431,0.070207,0.001215,neutron,pi+,solid
34,11.0,0.152102,0.536261,0.324174,1.683474,0.289574,AUT,0.0,0.004020,0.070207,0.001226,neutron,pi+,solid
35,11.0,0.159397,0.515336,0.324276,1.695296,0.288664,AUT,0.0,0.005138,0.070207,0.001239,neutron,pi+,solid
36,11.0,0.168652,0.490953,0.324234,1.708675,0.289275,AUT,0.0,0.007219,0.070207,0.001256,neutron,pi+,solid
37,11.0,0.180775,0.462023,0.324339,1.723365,0.290773,AUT,0.0,0.009861,0.070207,0.001278,neutron,pi+,solid
38,11.0,0.197733,0.431430,0.325296,1.759763,0.291708,AUT,0.0,0.008955,0.070207,0.001310,neutron,pi+,solid
39,11.0,0.226537,0.395373,0.329115,1.844906,0.291571,AUT,0.0,0.008644,0.070207,0.001363,neutron,pi+,solid
40,11.0,0.061213,0.831672,0.322952,1.049962,0.501237,AUT,0.0,0.002068,0.070207,0.001078,neutron,pi+,solid
41,11.0,0.066932,0.791017,0.323296,1.092647,0.497082,AUT,0.0,0.002144,0.070207,0.001087,neutron,pi+,solid
42,11.0,0.071090,0.766004,0.323573,1.123919,0.493702,AUT,0.0,0.002160,0.070207,0.001093,neutron,pi+,solid
43,11.0,0.074763,0.747954,0.323818,1.154189,0.491536,AUT,0.0,0.002225,0.070207,0.001098,neutron,pi+,solid
44,11.0,0.078255,0.732853,0.323914,1.183723,0.490089,AUT,0.0,0.002241,0.070207,0.001103,neutron,pi+,solid
45,11.0,0.081752,0.718542,0.324009,1.212469,0.489402,AUT,0.0,0.002273,0.070207,0.001109,neutron,pi+,solid
46,11.0,0.085339,0.706996,0.324055,1.245369,0.488794,AUT,0.0,0.002265,0.070207,0.001114,neutron,pi+,solid
47,11.0,0.089037,0.699475,0.324090,1.285514,0.488444,AUT,0.0,0.002362,0.070207,0.001119,neutron,pi+,solid
48,11.0,0.092835,0.691248,0.324106,1.324581,0.487792,AUT,0.0,0.002399,0.070207,0.001125,neutron,pi+,solid
49,11.0,0.096828,0.683145,0.324174,1.365352,0.487598,AUT,0.0,0.002440,0.070207,0.001131,neutron,pi+,solid
50,11.0,0.100928,0.674815,0.324211,1.405826,0.487286,AUT,0.0,0.002563,0.070207,0.001138,neutron,pi+,solid
51,11.0,0.105224,0.666186,0.324188,1.446913,0.487046,AUT,0.0,0.002573,0.070207,0.001145,neutron,pi+,solid
52,11.0,0.109918,0.656791,0.324196,1.490128,0.486973,AUT,0.0,0.002602,0.070207,0.001152,neutron,pi+,solid
53,11.0,0.114963,0.646116,0.324227,1.533195,0.486887,AUT,0.0,0.002666,0.070207,0.001161,neutron,pi+,solid
54,11.0,0.120553,0.635084,0.324228,1.580238,0.486875,AUT,0.0,0.002622,0.070207,0.001170,neutron,pi+,solid
55,11.0,0.126771,0.620198,0.324243,1.622696,0.487024,AUT,0.0,0.002707,0.070207,0.001181,neutron,pi+,solid
56,11.0,0.133931,0.592285,0.324172,1.636990,0.487966,AUT,0.0,0.002702,0.070207,0.001193,neutron,pi+,solid
57,11.0,0.142968,0.558837,0.324019,1.648607,0.489443,AUT,0.0,0.002653,0.070207,0.001209,neutron,pi+,solid
58,11.0,0.154655,0.522101,0.323974,1.665854,0.490483,AUT,0.0,0.002654,0.070207,0.001230,neutron,pi+,solid
59,11.0,0.170378,0.481583,0.323952,1.692322,0.491049,AUT,0.0,0.002963,0.070207,0.001259,neutron,pi+,solid
60,11.0,0.194831,0.434838,0.325030,1.745844,0.491886,AUT,0.0,0.003932,0.070207,0.001304,neutron,pi+,solid
61,11.0,0.230297,0.390816,0.329543,1.854531,0.493618,AUT,0.0,0.010134,0.070207,0.001370,neutron,pi+,solid
62,11.0,0.065226,0.810763,0.326108,1.089185,0.668440,AUT,0.0,0.002077,0.070207,0.001084,neutron,pi+,solid
63,11.0,0.078351,0.744803,0.326432,1.203447,0.666807,AUT,0.0,0.002092,0.070207,0.001104,neutron,pi+,solid
64,11.0,0.091754,0.704443,0.326494,1.333393,0.665679,AUT,0.0,0.002194,0.070207,0.001124,neutron,pi+,solid
65,11.0,0.108190,0.669999,0.326513,1.495110,0.665060,AUT,0.0,0.002415,0.070207,0.001150,neutron,pi+,solid
66,11.0,0.130424,0.618078,0.326858,1.659779,0.662568,AUT,0.0,0.003149,0.070207,0.001188,neutron,pi+,solid
67,11.0,0.174726,0.495412,0.328799,1.761622,0.650099,AUT,0.0,0.011076,0.070207,0.001267,neutron,pi+,solid
68,11.0,0.099290,0.596744,0.372499,1.219948,0.159026,AUT,0.0,0.002664,0.070207,0.001140,neutron,pi+,solid
69,11.0,0.121249,0.564614,0.373112,1.412480,0.145797,AUT,0.0,0.002283,0.070207,0.001177,neutron,pi+,solid
70,11.0,0.135727,0.542338,0.373326,1.518955,0.138884,AUT,0.0,0.002311,0.070207,0.001203,neutron,pi+,solid
71,11.0,0.148347,0.518713,0.373543,1.587848,0.132628,AUT,0.0,0.002379,0.070207,0.001226,neutron,pi+,solid
72,11.0,0.161112,0.493038,0.373676,1.639094,0.126837,AUT,0.0,0.002477,0.070207,0.001250,neutron,pi+,solid
73,11.0,0.174931,0.466995,0.373814,1.685599,0.121817,AUT,0.0,0.002642,0.070207,0.001276,neutron,pi+,solid
74,11.0,0.190989,0.437958,0.373922,1.725622,0.117032,AUT,0.0,0.002793,0.070207,0.001307,neutron,pi+,solid
75,11.0,0.212749,0.402031,0.373914,1.763653,0.114104,AUT,0.0,0.002866,0.070207,0.001348,neutron,pi+,solid
76,11.0,0.249082,0.356815,0.375907,1.829000,0.123449,AUT,0.0,0.002956,0.070207,0.001415,neutron,pi+,solid
77,11.0,0.069746,0.755706,0.371908,1.085303,0.338988,AUT,0.0,0.002516,0.070207,0.001094,neutron,pi+,solid
78,11.0,0.078907,0.698644,0.372613,1.137520,0.322644,AUT,0.0,0.002173,0.070207,0.001109,neutron,pi+,solid
79,11.0,0.084641,0.672089,0.372935,1.174121,0.317892,AUT,0.0,0.002205,0.070207,0.001117,neutron,pi+,solid
80,11.0,0.089620,0.660937,0.373082,1.222598,0.315294,AUT,0.0,0.002136,0.070207,0.001125,neutron,pi+,solid
81,11.0,0.094513,0.651422,0.373187,1.270807,0.312999,AUT,0.0,0.002142,0.070207,0.001133,neutron,pi+,solid
82,11.0,0.099208,0.642652,0.373269,1.315986,0.311028,AUT,0.0,0.002174,0.070207,0.001140,neutron,pi+,solid
83,11.0,0.103803,0.634924,0.373304,1.360386,0.308887,AUT,0.0,0.002194,0.070207,0.001148,neutron,pi+,solid
84,11.0,0.108346,0.627499,0.373448,1.403331,0.306961,AUT,0.0,0.002253,0.070207,0.001155,neutron,pi+,solid
85,11.0,0.112942,0.619854,0.373508,1.445045,0.305168,AUT,0.0,0.002242,0.070207,0.001163,neutron,pi+,solid
86,11.0,0.117643,0.613201,0.373577,1.489035,0.303676,AUT,0.0,0.002313,0.070207,0.001171,neutron,pi+,solid
87,11.0,0.122386,0.605940,0.373623,1.530718,0.302003,AUT,0.0,0.002362,0.070207,0.001179,neutron,pi+,solid
88,11.0,0.127282,0.597757,0.373733,1.570426,0.300447,AUT,0.0,0.002427,0.070207,0.001188,neutron,pi+,solid
89,11.0,0.132461,0.585109,0.373770,1.599705,0.298538,AUT,0.0,0.002509,0.070207,0.001198,neutron,pi+,solid
90,11.0,0.138093,0.571072,0.373898,1.627697,0.296483,AUT,0.0,0.002675,0.070207,0.001208,neutron,pi+,solid
91,11.0,0.144459,0.554789,0.373992,1.654128,0.294498,AUT,0.0,0.002865,0.070207,0.001220,neutron,pi+,solid
92,11.0,0.151916,0.535349,0.374117,1.678457,0.292063,AUT,0.0,0.003334,0.070207,0.001233,neutron,pi+,solid
93,11.0,0.161017,0.510941,0.374180,1.697758,0.289964,AUT,0.0,0.004301,0.070207,0.001251,neutron,pi+,solid
94,11.0,0.173034,0.480708,0.374142,1.716129,0.289404,AUT,0.0,0.006795,0.070207,0.001273,neutron,pi+,solid
95,11.0,0.190010,0.442549,0.374143,1.734276,0.290939,AUT,0.0,0.010480,0.070207,0.001305,neutron,pi+,solid
96,11.0,0.216889,0.395563,0.374229,1.767732,0.291697,AUT,0.0,0.007523,0.070207,0.001356,neutron,pi+,solid
97,11.0,0.257490,0.347619,0.377463,1.843069,0.290818,AUT,0.0,0.008322,0.070207,0.001431,neutron,pi+,solid
98,11.0,0.063450,0.813869,0.372839,1.064449,0.503167,AUT,0.0,0.002047,0.070207,0.001085,neutron,pi+,solid
99,11.0,0.070936,0.762340,0.373296,1.115917,0.499053,AUT,0.0,0.002136,0.070207,0.001096,neutron,pi+,solid
100,11.0,0.076091,0.734842,0.373529,1.154001,0.495604,AUT,0.0,0.002226,0.070207,0.001104,neutron,pi+,solid
101,11.0,0.080774,0.713805,0.373741,1.189990,0.493045,AUT,0.0,0.002233,0.070207,0.001111,neutron,pi+,solid
102,11.0,0.085436,0.698347,0.373852,1.231503,0.491570,AUT,0.0,0.002300,0.070207,0.001119,neutron,pi+,solid
103,11.0,0.090185,0.689469,0.373972,1.283438,0.490655,AUT,0.0,0.002395,0.070207,0.001126,neutron,pi+,solid
104,11.0,0.095075,0.679930,0.373999,1.334315,0.489932,AUT,0.0,0.002504,0.070207,0.001134,neutron,pi+,solid
105,11.0,0.100218,0.671141,0.374037,1.388303,0.489224,AUT,0.0,0.002612,0.070207,0.001142,neutron,pi+,solid
106,11.0,0.105763,0.661525,0.374102,1.444113,0.488610,AUT,0.0,0.002710,0.070207,0.001151,neutron,pi+,solid
107,11.0,0.111748,0.650668,0.374123,1.500765,0.487963,AUT,0.0,0.002868,0.070207,0.001161,neutron,pi+,solid
108,11.0,0.118242,0.639393,0.374168,1.560465,0.487386,AUT,0.0,0.003037,0.070207,0.001173,neutron,pi+,solid
109,11.0,0.125458,0.624831,0.374208,1.617882,0.487085,AUT,0.0,0.003255,0.070207,0.001185,neutron,pi+,solid
110,11.0,0.134007,0.595384,0.374208,1.646316,0.486434,AUT,0.0,0.003721,0.070207,0.001201,neutron,pi+,solid
111,11.0,0.145464,0.553315,0.374257,1.660348,0.488033,AUT,0.0,0.004279,0.070207,0.001221,neutron,pi+,solid
112,11.0,0.162297,0.502604,0.374064,1.681850,0.490087,AUT,0.0,0.003872,0.070207,0.001253,neutron,pi+,solid
113,11.0,0.189260,0.441789,0.373860,1.721912,0.491576,AUT,0.0,0.003904,0.070207,0.001304,neutron,pi+,solid
114,11.0,0.237620,0.369008,0.375317,1.799781,0.493192,AUT,0.0,0.006891,0.070207,0.001393,neutron,pi+,solid
115,11.0,0.064997,0.809247,0.374549,1.083632,0.679172,AUT,0.0,0.002093,0.070207,0.001087,neutron,pi+,solid
116,11.0,0.076669,0.748017,0.375119,1.182898,0.676102,AUT,0.0,0.002118,0.070207,0.001105,neutron,pi+,solid
117,11.0,0.087551,0.708013,0.375152,1.278992,0.675640,AUT,0.0,0.002159,0.070207,0.001122,neutron,pi+,solid
118,11.0,0.099579,0.678811,0.375157,1.394653,0.675851,AUT,0.0,0.002216,0.070207,0.001141,neutron,pi+,solid
119,11.0,0.114477,0.645609,0.375113,1.524516,0.676672,AUT,0.0,0.002230,0.070207,0.001166,neutron,pi+,solid
120,11.0,0.134678,0.589832,0.375111,1.636082,0.676413,AUT,0.0,0.002509,0.070207,0.001202,neutron,pi+,solid
121,11.0,0.174692,0.480179,0.375678,1.715705,0.670791,AUT,0.0,0.005404,0.070207,0.001276,neutron,pi+,solid
122,11.0,0.239610,0.370317,0.377343,1.825397,0.653508,AUT,0.0,0.056373,0.070207,0.001398,neutron,pi+,solid
123,11.0,0.098004,0.713888,0.378794,1.400498,0.858362,AUT,0.0,0.002981,0.070207,0.001139,neutron,pi+,solid
124,11.0,0.108091,0.575783,0.422764,1.280724,0.154168,AUT,0.0,0.002525,0.070207,0.001159,neutron,pi+,solid
125,11.0,0.134675,0.538988,0.423292,1.497341,0.138914,AUT,0.0,0.002308,0.070207,0.001207,neutron,pi+,solid
126,11.0,0.153266,0.506172,0.423545,1.600293,0.130754,AUT,0.0,0.002402,0.070207,0.001242,neutron,pi+,solid
127,11.0,0.171399,0.471661,0.423700,1.667636,0.124554,AUT,0.0,0.002570,0.070207,0.001277,neutron,pi+,solid
128,11.0,0.192356,0.435088,0.423893,1.725881,0.119493,AUT,0.0,0.002702,0.070207,0.001318,neutron,pi+,solid
129,11.0,0.224063,0.385579,0.423826,1.778806,0.119620,AUT,0.0,0.002723,0.070207,0.001379,neutron,pi+,solid
130,11.0,0.268303,0.332791,0.423440,1.840064,0.135615,AUT,0.0,0.005657,0.070207,0.001461,neutron,pi+,solid
131,11.0,0.076084,0.704467,0.421666,1.103247,0.332276,AUT,0.0,0.002420,0.070207,0.001107,neutron,pi+,solid
132,11.0,0.087163,0.656252,0.422675,1.180498,0.319522,AUT,0.0,0.002226,0.070207,0.001125,neutron,pi+,solid
133,11.0,0.095013,0.641367,0.422928,1.257711,0.315984,AUT,0.0,0.002178,0.070207,0.001137,neutron,pi+,solid
134,11.0,0.102327,0.628800,0.423161,1.328018,0.313213,AUT,0.0,0.002154,0.070207,0.001149,neutron,pi+,solid
135,11.0,0.109306,0.617182,0.423319,1.392405,0.310379,AUT,0.0,0.002208,0.070207,0.001161,neutron,pi+,solid
136,11.0,0.116098,0.606773,0.423463,1.454018,0.307646,AUT,0.0,0.002234,0.070207,0.001173,neutron,pi+,solid
137,11.0,0.122885,0.597146,0.423586,1.514604,0.305085,AUT,0.0,0.002299,0.070207,0.001186,neutron,pi+,solid
138,11.0,0.129770,0.584411,0.423669,1.565274,0.302496,AUT,0.0,0.002383,0.070207,0.001198,neutron,pi+,solid
139,11.0,0.137029,0.567052,0.423809,1.603705,0.299646,AUT,0.0,0.002519,0.070207,0.001212,neutron,pi+,solid
140,11.0,0.145173,0.548211,0.423911,1.642496,0.297317,AUT,0.0,0.002716,0.070207,0.001227,neutron,pi+,solid
141,11.0,0.154874,0.524825,0.424028,1.677317,0.294064,AUT,0.0,0.003143,0.070207,0.001246,neutron,pi+,solid
142,11.0,0.167485,0.494003,0.424113,1.706977,0.290815,AUT,0.0,0.004307,0.070207,0.001270,neutron,pi+,solid
143,11.0,0.185936,0.451584,0.424131,1.731267,0.290744,AUT,0.0,0.008437,0.070207,0.001306,neutron,pi+,solid
144,11.0,0.218178,0.393837,0.424159,1.768506,0.291710,AUT,0.0,0.006546,0.070207,0.001368,neutron,pi+,solid
145,11.0,0.266381,0.334055,0.424280,1.832629,0.288134,AUT,0.0,0.006749,0.070207,0.001458,neutron,pi+,solid
146,11.0,0.069055,0.759014,0.419760,1.079979,0.502263,AUT,0.0,0.002121,0.070207,0.001096,neutron,pi+,solid
147,11.0,0.078134,0.710357,0.422344,1.145296,0.497862,AUT,0.0,0.002176,0.070207,0.001110,neutron,pi+,solid
148,11.0,0.084910,0.685632,0.422973,1.201542,0.494418,AUT,0.0,0.002199,0.070207,0.001121,neutron,pi+,solid
149,11.0,0.091191,0.674746,0.423285,1.270013,0.492685,AUT,0.0,0.002400,0.070207,0.001131,neutron,pi+,solid
150,11.0,0.097419,0.665518,0.423611,1.338198,0.491455,AUT,0.0,0.002432,0.070207,0.001141,neutron,pi+,solid
151,11.0,0.104110,0.656130,0.423805,1.409939,0.490623,AUT,0.0,0.002576,0.070207,0.001153,neutron,pi+,solid
152,11.0,0.111287,0.645504,0.423985,1.482688,0.489811,AUT,0.0,0.002726,0.070207,0.001165,neutron,pi+,solid
153,11.0,0.119281,0.633572,0.424150,1.559780,0.488919,AUT,0.0,0.002884,0.070207,0.001180,neutron,pi+,solid
154,11.0,0.128236,0.615563,0.424238,1.628961,0.487991,AUT,0.0,0.003246,0.070207,0.001196,neutron,pi+,solid
155,11.0,0.139104,0.578464,0.424384,1.660039,0.486273,AUT,0.0,0.004482,0.070207,0.001216,neutron,pi+,solid
156,11.0,0.155349,0.524739,0.424309,1.680369,0.487574,AUT,0.0,0.006781,0.070207,0.001247,neutron,pi+,solid
157,11.0,0.184611,0.452946,0.424226,1.720330,0.489306,AUT,0.0,0.005579,0.070207,0.001303,neutron,pi+,solid
158,11.0,0.241039,0.363671,0.424135,1.795803,0.489754,AUT,0.0,0.008118,0.070207,0.001409,neutron,pi+,solid
159,11.0,0.070583,0.757840,0.420525,1.101755,0.685086,AUT,0.0,0.002248,0.070207,0.001098,neutron,pi+,solid
160,11.0,0.083989,0.705404,0.423161,1.222220,0.682931,AUT,0.0,0.002321,0.070207,0.001120,neutron,pi+,solid
161,11.0,0.097011,0.677986,0.423893,1.357022,0.683003,AUT,0.0,0.002418,0.070207,0.001141,neutron,pi+,solid
162,11.0,0.112319,0.647417,0.424366,1.500007,0.683353,AUT,0.0,0.002461,0.070207,0.001167,neutron,pi+,solid
163,11.0,0.132355,0.593612,0.424441,1.618147,0.684729,AUT,0.0,0.002487,0.070207,0.001204,neutron,pi+,solid
164,11.0,0.171286,0.482339,0.424403,1.690723,0.685162,AUT,0.0,0.003313,0.070207,0.001277,neutron,pi+,solid
165,11.0,0.232837,0.375908,0.423924,1.800047,0.671977,AUT,0.0,0.021954,0.070207,0.001395,neutron,pi+,solid
166,11.0,0.094507,0.695435,0.424790,1.340775,0.867714,AUT,0.0,0.002270,0.070207,0.001137,neutron,pi+,solid
167,11.0,0.157525,0.539973,0.427557,1.728460,0.858761,AUT,0.0,0.010554,0.070207,0.001251,neutron,pi+,solid
168,11.0,0.117667,0.556511,0.473073,1.346520,0.148424,AUT,0.0,0.002398,0.070207,0.001180,neutron,pi+,solid
169,11.0,0.149866,0.509741,0.473558,1.574780,0.131995,AUT,0.0,0.002369,0.070207,0.001242,neutron,pi+,solid
170,11.0,0.175665,0.462613,0.473779,1.675315,0.124743,AUT,0.0,0.002538,0.070207,0.001293,neutron,pi+,solid
171,11.0,0.207864,0.409946,0.473836,1.754412,0.121000,AUT,0.0,0.002697,0.070207,0.001356,neutron,pi+,solid
172,11.0,0.255072,0.347298,0.473562,1.822275,0.131795,AUT,0.0,0.004253,0.070207,0.001447,neutron,pi+,solid
173,11.0,0.083083,0.650677,0.471571,1.113288,0.322580,AUT,0.0,0.002373,0.070207,0.001121,neutron,pi+,solid
174,11.0,0.097662,0.617616,0.472547,1.244657,0.314637,AUT,0.0,0.002220,0.070207,0.001145,neutron,pi+,solid
175,11.0,0.109184,0.599870,0.472810,1.351673,0.311301,AUT,0.0,0.002207,0.070207,0.001165,neutron,pi+,solid
176,11.0,0.119632,0.586205,0.473010,1.447379,0.307987,AUT,0.0,0.002283,0.070207,0.001184,neutron,pi+,solid
177,11.0,0.129597,0.573381,0.473245,1.533624,0.304784,AUT,0.0,0.002343,0.070207,0.001203,neutron,pi+,solid
178,11.0,0.139879,0.554757,0.473754,1.601386,0.301314,AUT,0.0,0.002480,0.070207,0.001223,neutron,pi+,solid
179,11.0,0.151638,0.528800,0.473944,1.654524,0.297628,AUT,0.0,0.002771,0.070207,0.001246,neutron,pi+,solid
180,11.0,0.166726,0.494646,0.474087,1.701127,0.293147,AUT,0.0,0.003661,0.070207,0.001276,neutron,pi+,solid
181,11.0,0.190200,0.443239,0.474170,1.736811,0.291215,AUT,0.0,0.007194,0.070207,0.001322,neutron,pi+,solid
182,11.0,0.238520,0.365912,0.474212,1.790024,0.290024,AUT,0.0,0.003979,0.070207,0.001415,neutron,pi+,solid
183,11.0,0.292218,0.316615,0.474073,1.909516,0.288553,AUT,0.0,0.019641,0.070207,0.001518,neutron,pi+,solid
184,11.0,0.078536,0.674096,0.470630,1.090670,0.499588,AUT,0.0,0.002184,0.070207,0.001114,neutron,pi+,solid
185,11.0,0.090873,0.640664,0.472514,1.201498,0.494326,AUT,0.0,0.002260,0.070207,0.001134,neutron,pi+,solid
186,11.0,0.101569,0.628547,0.472828,1.317610,0.491872,AUT,0.0,0.002431,0.070207,0.001152,neutron,pi+,solid
187,11.0,0.112629,0.617695,0.473004,1.435869,0.490352,AUT,0.0,0.002617,0.070207,0.001172,neutron,pi+,solid
188,11.0,0.124406,0.606200,0.473205,1.556431,0.489657,AUT,0.0,0.002982,0.070207,0.001194,neutron,pi+,solid
189,11.0,0.137194,0.582114,0.474083,1.647584,0.488156,AUT,0.0,0.003648,0.070207,0.001218,neutron,pi+,solid
190,11.0,0.155625,0.525504,0.474394,1.684990,0.487295,AUT,0.0,0.007072,0.070207,0.001254,neutron,pi+,solid
191,11.0,0.194401,0.435260,0.474282,1.735118,0.489472,AUT,0.0,0.006676,0.070207,0.001329,neutron,pi+,solid
192,11.0,0.256621,0.344859,0.473815,1.820562,0.485622,AUT,0.0,0.015705,0.070207,0.001450,neutron,pi+,solid
193,11.0,0.082410,0.670119,0.471252,1.136908,0.684901,AUT,0.0,0.002705,0.070207,0.001120,neutron,pi+,solid
194,11.0,0.104728,0.631426,0.472715,1.363799,0.684982,AUT,0.0,0.003150,0.070207,0.001158,neutron,pi+,solid
195,11.0,0.130565,0.589702,0.473599,1.585709,0.686362,AUT,0.0,0.003261,0.070207,0.001205,neutron,pi+,solid
196,11.0,0.180484,0.464645,0.474137,1.705147,0.688211,AUT,0.0,0.003268,0.070207,0.001301,neutron,pi+,solid
197,11.0,0.255143,0.357338,0.471765,1.880758,0.649661,AUT,0.0,0.064686,0.070207,0.001448,neutron,pi+,solid
198,11.0,0.108274,0.626419,0.473850,1.383847,0.874452,AUT,0.0,0.002337,0.070207,0.001164,neutron,pi+,solid
199,11.0,0.174134,0.486350,0.475590,1.734566,0.866309,AUT,0.0,0.012514,0.070207,0.001290,neutron,pi+,solid
200,11.0,0.128305,0.535879,0.523083,1.412156,0.142037,AUT,0.0,0.002332,0.070207,0.001205,neutron,pi+,solid
201,11.0,0.168507,0.473945,0.523716,1.644698,0.127535,AUT,0.0,0.002490,0.070207,0.001286,neutron,pi+,solid
202,11.0,0.211613,0.404565,0.523782,1.758093,0.123692,AUT,0.0,0.002678,0.070207,0.001372,neutron,pi+,solid
203,11.0,0.268302,0.333237,0.523480,1.842664,0.139868,AUT,0.0,0.008840,0.070207,0.001484,neutron,pi+,solid
204,11.0,0.094109,0.601108,0.521435,1.165085,0.314753,AUT,0.0,0.002194,0.070207,0.001142,neutron,pi+,solid
205,11.0,0.115798,0.567615,0.522607,1.356040,0.309486,AUT,0.0,0.002232,0.070207,0.001181,neutron,pi+,solid
206,11.0,0.132322,0.548204,0.522973,1.496973,0.304859,AUT,0.0,0.002413,0.070207,0.001213,neutron,pi+,solid
207,11.0,0.147934,0.530421,0.523546,1.618969,0.300595,AUT,0.0,0.002575,0.070207,0.001245,neutron,pi+,solid
208,11.0,0.166650,0.492837,0.524030,1.693544,0.295169,AUT,0.0,0.003309,0.070207,0.001283,neutron,pi+,solid
209,11.0,0.197438,0.429490,0.524209,1.744233,0.291609,AUT,0.0,0.005928,0.070207,0.001345,neutron,pi+,solid
210,11.0,0.252741,0.348970,0.524191,1.811524,0.290154,AUT,0.0,0.004233,0.070207,0.001453,neutron,pi+,solid
211,11.0,0.089690,0.612905,0.521096,1.132863,0.496644,AUT,0.0,0.002227,0.070207,0.001135,neutron,pi+,solid
212,11.0,0.109364,0.586763,0.522650,1.324034,0.490851,AUT,0.0,0.002601,0.070207,0.001170,neutron,pi+,solid
213,11.0,0.128219,0.569176,0.522928,1.505818,0.488873,AUT,0.0,0.003223,0.070207,0.001206,neutron,pi+,solid
214,11.0,0.149463,0.540100,0.523799,1.663825,0.488067,AUT,0.0,0.004780,0.070207,0.001248,neutron,pi+,solid
215,11.0,0.188770,0.446903,0.524266,1.728019,0.489718,AUT,0.0,0.008355,0.070207,0.001327,neutron,pi+,solid
216,11.0,0.251336,0.351525,0.523419,1.818269,0.481365,AUT,0.0,0.016315,0.070207,0.001451,neutron,pi+,solid
217,11.0,0.099000,0.603515,0.521724,1.228623,0.684590,AUT,0.0,0.004394,0.070207,0.001151,neutron,pi+,solid
218,11.0,0.143625,0.540182,0.523655,1.592863,0.687197,AUT,0.0,0.004828,0.070207,0.001236,neutron,pi+,solid
219,11.0,0.200489,0.426186,0.523796,1.752051,0.682660,AUT,0.0,0.007871,0.070207,0.001350,neutron,pi+,solid
220,11.0,0.121417,0.572496,0.523575,1.416900,0.911728,AUT,0.0,0.002507,0.070207,0.001192,neutron,pi+,solid
221,11.0,0.186850,0.464230,0.523502,1.786325,0.873188,AUT,0.0,0.016880,0.070207,0.001324,neutron,pi+,solid
222,11.0,0.141396,0.507972,0.573007,1.473008,0.134960,AUT,0.0,0.002369,0.070207,0.001237,neutron,pi+,solid
223,11.0,0.196157,0.427742,0.573763,1.722237,0.125590,AUT,0.0,0.002627,0.070207,0.001351,neutron,pi+,solid
224,11.0,0.254949,0.348005,0.573565,1.825643,0.134161,AUT,0.0,0.006185,0.070207,0.001471,neutron,pi+,solid
225,11.0,0.109434,0.554304,0.571341,1.248078,0.310858,AUT,0.0,0.002243,0.070207,0.001174,neutron,pi+,solid
226,11.0,0.139562,0.519763,0.572836,1.496433,0.303677,AUT,0.0,0.002488,0.070207,0.001234,neutron,pi+,solid
227,11.0,0.165147,0.491542,0.573669,1.673392,0.297236,AUT,0.0,0.003050,0.070207,0.001288,neutron,pi+,solid
228,11.0,0.206799,0.413512,0.574158,1.753233,0.291816,AUT,0.0,0.004220,0.070207,0.001373,neutron,pi+,solid
229,11.0,0.265766,0.335129,0.572924,1.835355,0.288439,AUT,0.0,0.006963,0.070207,0.001492,neutron,pi+,solid
230,11.0,0.105778,0.563342,0.571111,1.226759,0.492710,AUT,0.0,0.002500,0.070207,0.001168,neutron,pi+,solid
231,11.0,0.140569,0.529186,0.572840,1.533760,0.488229,AUT,0.0,0.004326,0.070207,0.001237,neutron,pi+,solid
232,11.0,0.187191,0.451420,0.574154,1.726211,0.489855,AUT,0.0,0.008415,0.070207,0.001333,neutron,pi+,solid
233,11.0,0.250788,0.356913,0.571582,1.845329,0.471872,AUT,0.0,0.023233,0.070207,0.001463,neutron,pi+,solid
234,11.0,0.124624,0.543034,0.572144,1.385992,0.686791,AUT,0.0,0.007503,0.070207,0.001204,neutron,pi+,solid
235,11.0,0.187259,0.452681,0.573699,1.737576,0.682347,AUT,0.0,0.008867,0.070207,0.001333,neutron,pi+,solid
236,11.0,0.132956,0.536006,0.572261,1.454444,0.916196,AUT,0.0,0.003223,0.070207,0.001220,neutron,pi+,solid
237,11.0,0.160884,0.471632,0.622939,1.552666,0.129902,AUT,0.0,0.002477,0.070207,0.001286,neutron,pi+,solid
238,11.0,0.225393,0.386068,0.623328,1.785003,0.127278,AUT,0.0,0.003999,0.070207,0.001424,neutron,pi+,solid
239,11.0,0.131435,0.508552,0.621590,1.374561,0.305995,AUT,0.0,0.002440,0.070207,0.001224,neutron,pi+,solid
240,11.0,0.175689,0.464013,0.623531,1.677678,0.295607,AUT,0.0,0.003467,0.070207,0.001320,neutron,pi+,solid
241,11.0,0.228832,0.380823,0.622982,1.789454,0.289101,AUT,0.0,0.004247,0.070207,0.001432,neutron,pi+,solid
242,11.0,0.133556,0.511009,0.621490,1.401712,0.489302,AUT,0.0,0.003949,0.070207,0.001229,neutron,pi+,solid
243,11.0,0.194120,0.437951,0.623245,1.740021,0.487070,AUT,0.0,0.011176,0.070207,0.001359,neutron,pi+,solid
244,11.0,0.147348,0.498593,0.621713,1.501547,0.734186,AUT,0.0,0.005785,0.070207,0.001257,neutron,pi+,solid
245,11.0,0.221345,0.417470,0.617934,1.906523,0.647012,AUT,0.0,0.074549,0.070207,0.001418,neutron,pi+,solid
246,11.0,0.149209,0.472825,0.671627,1.451403,0.245107,AUT,0.0,0.002587,0.070207,0.001271,neutron,pi+,solid
247,11.0,0.194864,0.428577,0.673252,1.718861,0.220689,AUT,0.0,0.002983,0.070207,0.001374,neutron,pi+,solid
248,11.0,0.235614,0.379775,0.669677,1.845240,0.201584,AUT,0.0,0.006174,0.070207,0.001462,neutron,pi+,solid
249,11.0,0.157827,0.471516,0.670935,1.527398,0.543093,AUT,0.0,0.008930,0.070207,0.001289,neutron,pi+,solid
250,11.0,0.215435,0.419439,0.668728,1.863342,0.479990,AUT,0.0,0.033296,0.070207,0.001420,neutron,pi+,solid
251,11.0,0.158328,0.657823,0.322907,2.144578,0.150308,AUT,0.0,0.003253,0.070207,0.001240,neutron,pi+,solid
252,11.0,0.178467,0.604478,0.323234,2.226040,0.137305,AUT,0.0,0.003212,0.070207,0.001277,neutron,pi+,solid
253,11.0,0.190800,0.577728,0.323472,2.274986,0.132159,AUT,0.0,0.003333,0.070207,0.001300,neutron,pi+,solid
254,11.0,0.201017,0.558979,0.323601,2.319137,0.128360,AUT,0.0,0.003440,0.070207,0.001319,neutron,pi+,solid
255,11.0,0.210439,0.542997,0.323679,2.358489,0.125006,AUT,0.0,0.003536,0.070207,0.001337,neutron,pi+,solid
256,11.0,0.219506,0.529669,0.323700,2.399747,0.122047,AUT,0.0,0.003667,0.070207,0.001353,neutron,pi+,solid
257,11.0,0.228487,0.515837,0.323840,2.432677,0.119645,AUT,0.0,0.003768,0.070207,0.001370,neutron,pi+,solid
258,11.0,0.237564,0.500967,0.323834,2.456397,0.117700,AUT,0.0,0.003902,0.070207,0.001386,neutron,pi+,solid
259,11.0,0.247161,0.484300,0.323930,2.470542,0.115957,AUT,0.0,0.003936,0.070207,0.001403,neutron,pi+,solid
260,11.0,0.257930,0.467962,0.324367,2.491206,0.114923,AUT,0.0,0.003987,0.070207,0.001422,neutron,pi+,solid
261,11.0,0.270659,0.451480,0.324983,2.521997,0.114729,AUT,0.0,0.003975,0.070207,0.001445,neutron,pi+,solid
262,11.0,0.287231,0.434703,0.325560,2.576796,0.116154,AUT,0.0,0.003874,0.070207,0.001474,neutron,pi+,solid
263,11.0,0.314240,0.414142,0.326299,2.684535,0.121772,AUT,0.0,0.003859,0.070207,0.001521,neutron,pi+,solid
264,11.0,0.355046,0.385740,0.329940,2.824395,0.134603,AUT,0.0,0.009565,0.070207,0.001595,neutron,pi+,solid
265,11.0,0.140807,0.715614,0.323114,2.078132,0.308905,AUT,0.0,0.003045,0.070207,0.001208,neutron,pi+,solid
266,11.0,0.153014,0.677996,0.323596,2.141027,0.303796,AUT,0.0,0.003132,0.070207,0.001230,neutron,pi+,solid
267,11.0,0.161710,0.655307,0.323739,2.187140,0.298976,AUT,0.0,0.003312,0.070207,0.001246,neutron,pi+,solid
268,11.0,0.169430,0.636985,0.323942,2.227564,0.295296,AUT,0.0,0.003568,0.070207,0.001261,neutron,pi+,solid
269,11.0,0.176756,0.621378,0.324044,2.266972,0.292327,AUT,0.0,0.003839,0.070207,0.001275,neutron,pi+,solid
270,11.0,0.183948,0.607340,0.324104,2.305941,0.290678,AUT,0.0,0.004289,0.070207,0.001288,neutron,pi+,solid
271,11.0,0.191238,0.594178,0.324191,2.345362,0.289645,AUT,0.0,0.004742,0.070207,0.001302,neutron,pi+,solid
272,11.0,0.198675,0.581122,0.324241,2.383049,0.288821,AUT,0.0,0.005594,0.070207,0.001315,neutron,pi+,solid
273,11.0,0.206361,0.567834,0.324213,2.418613,0.288558,AUT,0.0,0.006360,0.070207,0.001330,neutron,pi+,solid
274,11.0,0.214456,0.554341,0.324194,2.453772,0.288558,AUT,0.0,0.007555,0.070207,0.001345,neutron,pi+,solid
275,11.0,0.223086,0.539459,0.324199,2.483898,0.288631,AUT,0.0,0.008761,0.070207,0.001360,neutron,pi+,solid
276,11.0,0.232689,0.520026,0.324196,2.497394,0.289098,AUT,0.0,0.010788,0.070207,0.001378,neutron,pi+,solid
277,11.0,0.243631,0.495893,0.324279,2.493331,0.289724,AUT,0.0,0.012514,0.070207,0.001397,neutron,pi+,solid
278,11.0,0.256437,0.471302,0.324540,2.494239,0.290431,AUT,0.0,0.011921,0.070207,0.001420,neutron,pi+,solid
279,11.0,0.272658,0.448104,0.325438,2.521255,0.290867,AUT,0.0,0.010110,0.070207,0.001448,neutron,pi+,solid
280,11.0,0.295311,0.426107,0.326282,2.596438,0.290362,AUT,0.0,0.009576,0.070207,0.001488,neutron,pi+,solid
281,11.0,0.336177,0.397012,0.328868,2.749577,0.288842,AUT,0.0,0.009780,0.070207,0.001560,neutron,pi+,solid
282,11.0,0.143343,0.710011,0.324395,2.097961,0.483069,AUT,0.0,0.004435,0.070207,0.001213,neutron,pi+,solid
283,11.0,0.161580,0.658897,0.324269,2.196517,0.485622,AUT,0.0,0.006081,0.070207,0.001246,neutron,pi+,solid
284,11.0,0.177362,0.620789,0.324084,2.271820,0.487502,AUT,0.0,0.005684,0.070207,0.001276,neutron,pi+,solid
285,11.0,0.192949,0.587813,0.324004,2.340357,0.488612,AUT,0.0,0.005172,0.070207,0.001305,neutron,pi+,solid
286,11.0,0.209007,0.557425,0.323901,2.404029,0.489131,AUT,0.0,0.004827,0.070207,0.001334,neutron,pi+,solid
287,11.0,0.226337,0.525875,0.323871,2.455754,0.489951,AUT,0.0,0.004763,0.070207,0.001366,neutron,pi+,solid
288,11.0,0.246523,0.485228,0.323934,2.467495,0.490788,AUT,0.0,0.005160,0.070207,0.001402,neutron,pi+,solid
289,11.0,0.273894,0.444580,0.325174,2.511288,0.491652,AUT,0.0,0.006724,0.070207,0.001450,neutron,pi+,solid
290,11.0,0.321390,0.406512,0.327580,2.689753,0.491741,AUT,0.0,0.012431,0.070207,0.001533,neutron,pi+,solid
291,11.0,0.160887,0.662831,0.325584,2.189985,0.671524,AUT,0.0,0.003723,0.070207,0.001245,neutron,pi+,solid
292,11.0,0.206507,0.567890,0.326002,2.414599,0.667630,AUT,0.0,0.007079,0.070207,0.001330,neutron,pi+,solid
293,11.0,0.271255,0.466222,0.327662,2.585617,0.658191,AUT,0.0,0.019157,0.070207,0.001445,neutron,pi+,solid
294,11.0,0.165533,0.636495,0.373006,2.168246,0.146539,AUT,0.0,0.003242,0.070207,0.001262,neutron,pi+,solid
295,11.0,0.188999,0.579740,0.373390,2.260726,0.132805,AUT,0.0,0.003311,0.070207,0.001307,neutron,pi+,solid
296,11.0,0.203788,0.551486,0.373524,2.319339,0.128014,AUT,0.0,0.003473,0.070207,0.001335,neutron,pi+,solid
297,11.0,0.216541,0.531312,0.373672,2.374500,0.124420,AUT,0.0,0.003564,0.070207,0.001360,neutron,pi+,solid
298,11.0,0.228775,0.512843,0.373752,2.421453,0.121859,AUT,0.0,0.003677,0.070207,0.001382,neutron,pi+,solid
299,11.0,0.241162,0.493112,0.373797,2.454278,0.119925,AUT,0.0,0.003769,0.070207,0.001405,neutron,pi+,solid
300,11.0,0.254474,0.471106,0.373825,2.474123,0.118548,AUT,0.0,0.003843,0.070207,0.001429,neutron,pi+,solid
301,11.0,0.270052,0.446814,0.373812,2.489918,0.119017,AUT,0.0,0.003783,0.070207,0.001457,neutron,pi+,solid
302,11.0,0.289521,0.418950,0.373833,2.502698,0.122499,AUT,0.0,0.003766,0.070207,0.001492,neutron,pi+,solid
303,11.0,0.318418,0.391414,0.374167,2.570862,0.130823,AUT,0.0,0.004118,0.070207,0.001543,neutron,pi+,solid
304,11.0,0.360395,0.370343,0.373363,2.753817,0.142548,AUT,0.0,0.012361,0.070207,0.001621,neutron,pi+,solid
305,11.0,0.144533,0.703045,0.373078,2.094778,0.310743,AUT,0.0,0.003068,0.070207,0.001223,neutron,pi+,solid
306,11.0,0.159386,0.659148,0.373414,2.168031,0.305689,AUT,0.0,0.003206,0.070207,0.001251,neutron,pi+,solid
307,11.0,0.169981,0.633110,0.373670,2.221038,0.300818,AUT,0.0,0.003328,0.070207,0.001271,neutron,pi+,solid
308,11.0,0.179572,0.613146,0.373856,2.272462,0.296648,AUT,0.0,0.003584,0.070207,0.001290,neutron,pi+,solid
309,11.0,0.188648,0.596031,0.373975,2.320750,0.293615,AUT,0.0,0.004001,0.070207,0.001307,neutron,pi+,solid
310,11.0,0.197762,0.580644,0.374068,2.370064,0.291917,AUT,0.0,0.004481,0.070207,0.001325,neutron,pi+,solid
311,11.0,0.207347,0.564970,0.374162,2.417822,0.290763,AUT,0.0,0.005281,0.070207,0.001343,neutron,pi+,solid
312,11.0,0.217611,0.549132,0.374141,2.466351,0.290149,AUT,0.0,0.006165,0.070207,0.001362,neutron,pi+,solid
313,11.0,0.228909,0.528228,0.374206,2.495447,0.289474,AUT,0.0,0.007842,0.070207,0.001383,neutron,pi+,solid
314,11.0,0.241751,0.500851,0.374202,2.498594,0.289706,AUT,0.0,0.010508,0.070207,0.001407,neutron,pi+,solid
315,11.0,0.257404,0.468035,0.374134,2.485816,0.290534,AUT,0.0,0.010859,0.070207,0.001435,neutron,pi+,solid
316,11.0,0.277042,0.433014,0.374185,2.474925,0.290449,AUT,0.0,0.008252,0.070207,0.001470,neutron,pi+,solid
317,11.0,0.301321,0.399726,0.374792,2.484837,0.288997,AUT,0.0,0.006916,0.070207,0.001513,neutron,pi+,solid
318,11.0,0.338134,0.375949,0.374996,2.622133,0.286605,AUT,0.0,0.007076,0.070207,0.001579,neutron,pi+,solid
319,11.0,0.383173,0.362792,0.374459,2.869264,0.285625,AUT,0.0,0.027726,0.070207,0.001667,neutron,pi+,solid
320,11.0,0.144499,0.706249,0.374288,2.103463,0.484712,AUT,0.0,0.003893,0.070207,0.001223,neutron,pi+,solid
321,11.0,0.164094,0.653648,0.374471,2.212703,0.483084,AUT,0.0,0.006999,0.070207,0.001260,neutron,pi+,solid
322,11.0,0.182099,0.612397,0.374408,2.300679,0.484892,AUT,0.0,0.010304,0.070207,0.001295,neutron,pi+,solid
323,11.0,0.201146,0.573972,0.374289,2.381870,0.486346,AUT,0.0,0.009842,0.070207,0.001331,neutron,pi+,solid
324,11.0,0.222216,0.535797,0.374260,2.456051,0.487220,AUT,0.0,0.008133,0.070207,0.001371,neutron,pi+,solid
325,11.0,0.247326,0.485230,0.374108,2.474409,0.488336,AUT,0.0,0.007113,0.070207,0.001416,neutron,pi+,solid
326,11.0,0.282371,0.424367,0.374196,2.468870,0.489163,AUT,0.0,0.007964,0.070207,0.001479,neutron,pi+,solid
327,11.0,0.333995,0.378613,0.374739,2.606452,0.488636,AUT,0.0,0.015805,0.070207,0.001572,neutron,pi+,solid
328,11.0,0.162045,0.658532,0.374445,2.190302,0.682398,AUT,0.0,0.003308,0.070207,0.001256,neutron,pi+,solid
329,11.0,0.208763,0.557087,0.374450,2.393906,0.682738,AUT,0.0,0.004507,0.070207,0.001345,neutron,pi+,solid
330,11.0,0.268042,0.453543,0.374666,2.492797,0.676745,AUT,0.0,0.009891,0.070207,0.001453,neutron,pi+,solid
331,11.0,0.338717,0.392135,0.373322,2.739925,0.654916,AUT,0.0,0.074642,0.070207,0.001581,neutron,pi+,solid
332,11.0,0.197598,0.601428,0.378450,2.396464,0.857667,AUT,0.0,0.014985,0.070207,0.001320,neutron,pi+,solid
333,11.0,0.173716,0.613941,0.423121,2.193523,0.141716,AUT,0.0,0.003235,0.070207,0.001286,neutron,pi+,solid
334,11.0,0.200814,0.554851,0.423554,2.298693,0.129153,AUT,0.0,0.003411,0.070207,0.001339,neutron,pi+,solid
335,11.0,0.218945,0.524967,0.423666,2.371824,0.125183,AUT,0.0,0.003541,0.070207,0.001374,neutron,pi+,solid
336,11.0,0.235588,0.500227,0.423724,2.431864,0.122741,AUT,0.0,0.003667,0.070207,0.001406,neutron,pi+,solid
337,11.0,0.253239,0.472569,0.423768,2.469331,0.121701,AUT,0.0,0.003707,0.070207,0.001439,neutron,pi+,solid
338,11.0,0.274584,0.440933,0.423719,2.497724,0.122529,AUT,0.0,0.003771,0.070207,0.001478,neutron,pi+,solid
339,11.0,0.305393,0.401718,0.423482,2.529527,0.129584,AUT,0.0,0.003907,0.070207,0.001534,neutron,pi+,solid
340,11.0,0.349645,0.374596,0.423195,2.701650,0.142629,AUT,0.0,0.010186,0.070207,0.001617,neutron,pi+,solid
341,11.0,0.149097,0.688687,0.423301,2.115612,0.311404,AUT,0.0,0.003118,0.070207,0.001239,neutron,pi+,solid
342,11.0,0.167519,0.636808,0.423496,2.201167,0.305760,AUT,0.0,0.003241,0.070207,0.001275,neutron,pi+,solid
343,11.0,0.180642,0.608056,0.423674,2.266802,0.300452,AUT,0.0,0.003463,0.070207,0.001300,neutron,pi+,solid
344,11.0,0.192450,0.586147,0.423873,2.328114,0.296268,AUT,0.0,0.003853,0.070207,0.001324,neutron,pi+,solid
345,11.0,0.204048,0.567862,0.423993,2.391426,0.293695,AUT,0.0,0.004417,0.070207,0.001346,neutron,pi+,solid
346,11.0,0.216386,0.549218,0.424031,2.452724,0.292344,AUT,0.0,0.005183,0.070207,0.001370,neutron,pi+,solid
347,11.0,0.230278,0.524947,0.424108,2.494519,0.290773,AUT,0.0,0.006602,0.070207,0.001397,neutron,pi+,solid
348,11.0,0.246700,0.490388,0.424095,2.496002,0.290113,AUT,0.0,0.009016,0.070207,0.001427,neutron,pi+,solid
349,11.0,0.267557,0.449159,0.424183,2.478891,0.290096,AUT,0.0,0.007838,0.070207,0.001465,neutron,pi+,solid
350,11.0,0.294409,0.406105,0.424237,2.465788,0.288594,AUT,0.0,0.005466,0.070207,0.001514,neutron,pi+,solid
351,11.0,0.332587,0.375617,0.424175,2.577040,0.287465,AUT,0.0,0.005839,0.070207,0.001584,neutron,pi+,solid
352,11.0,0.379521,0.363458,0.424005,2.847081,0.288759,AUT,0.0,0.023719,0.070207,0.001677,neutron,pi+,solid
353,11.0,0.147341,0.697298,0.424139,2.116914,0.489519,AUT,0.0,0.003435,0.070207,0.001236,neutron,pi+,solid
354,11.0,0.169630,0.640878,0.424409,2.242388,0.484160,AUT,0.0,0.005553,0.070207,0.001279,neutron,pi+,solid
355,11.0,0.190831,0.595337,0.424373,2.343422,0.485302,AUT,0.0,0.010445,0.070207,0.001321,neutron,pi+,solid
356,11.0,0.213909,0.552055,0.424316,2.435790,0.486818,AUT,0.0,0.013040,0.070207,0.001365,neutron,pi+,solid
357,11.0,0.241874,0.497280,0.424277,2.479055,0.487993,AUT,0.0,0.009729,0.070207,0.001418,neutron,pi+,solid
358,11.0,0.283430,0.423867,0.424252,2.472756,0.488188,AUT,0.0,0.008807,0.070207,0.001494,neutron,pi+,solid
359,11.0,0.338085,0.375324,0.424019,2.616786,0.485483,AUT,0.0,0.019881,0.070207,0.001595,neutron,pi+,solid
360,11.0,0.164581,0.652879,0.424388,2.202915,0.684987,AUT,0.0,0.004847,0.070207,0.001268,neutron,pi+,solid
361,11.0,0.219744,0.535145,0.424175,2.416149,0.687260,AUT,0.0,0.004487,0.070207,0.001375,neutron,pi+,solid
362,11.0,0.284863,0.432458,0.423738,2.531803,0.679314,AUT,0.0,0.011484,0.070207,0.001496,neutron,pi+,solid
363,11.0,0.200948,0.587206,0.426266,2.378188,0.880102,AUT,0.0,0.006850,0.070207,0.001336,neutron,pi+,solid
364,11.0,0.181818,0.593694,0.473270,2.218965,0.137536,AUT,0.0,0.003298,0.070207,0.001310,neutron,pi+,solid
365,11.0,0.213441,0.531547,0.473592,2.340301,0.127299,AUT,0.0,0.003500,0.070207,0.001373,neutron,pi+,solid
366,11.0,0.236440,0.497015,0.473688,2.424445,0.124649,AUT,0.0,0.003668,0.070207,0.001418,neutron,pi+,solid
367,11.0,0.260812,0.461146,0.473707,2.480850,0.123790,AUT,0.0,0.003761,0.070207,0.001465,neutron,pi+,solid
368,11.0,0.296409,0.413832,0.473575,2.527348,0.128585,AUT,0.0,0.003865,0.070207,0.001531,neutron,pi+,solid
369,11.0,0.346247,0.377015,0.473302,2.692368,0.143977,AUT,0.0,0.011361,0.070207,0.001627,neutron,pi+,solid
370,11.0,0.157321,0.661704,0.471931,2.144120,0.310441,AUT,0.0,0.003137,0.070207,0.001262,neutron,pi+,solid
371,11.0,0.179114,0.608797,0.473568,2.249821,0.304270,AUT,0.0,0.003346,0.070207,0.001305,neutron,pi+,solid
372,11.0,0.195280,0.578673,0.473852,2.331929,0.298544,AUT,0.0,0.003728,0.070207,0.001338,neutron,pi+,solid
373,11.0,0.210770,0.554898,0.473936,2.413574,0.295216,AUT,0.0,0.004422,0.070207,0.001369,neutron,pi+,solid
374,11.0,0.227343,0.528813,0.474024,2.480628,0.293014,AUT,0.0,0.005498,0.070207,0.001401,neutron,pi+,solid
375,11.0,0.247217,0.488665,0.474107,2.491810,0.290639,AUT,0.0,0.007236,0.070207,0.001439,neutron,pi+,solid
376,11.0,0.273568,0.438077,0.474165,2.471093,0.289636,AUT,0.0,0.005726,0.070207,0.001488,neutron,pi+,solid
377,11.0,0.308964,0.390362,0.474150,2.486829,0.289402,AUT,0.0,0.004691,0.070207,0.001554,neutron,pi+,solid
378,11.0,0.354256,0.369377,0.474124,2.699775,0.292138,AUT,0.0,0.009552,0.070207,0.001643,neutron,pi+,solid
379,11.0,0.155237,0.671722,0.472019,2.148099,0.491157,AUT,0.0,0.003439,0.070207,0.001258,neutron,pi+,solid
380,11.0,0.181359,0.615205,0.474256,2.301001,0.485779,AUT,0.0,0.005661,0.070207,0.001310,neutron,pi+,solid
381,11.0,0.207408,0.565116,0.474349,2.416981,0.486672,AUT,0.0,0.011382,0.070207,0.001362,neutron,pi+,solid
382,11.0,0.239643,0.502189,0.474267,2.478938,0.488249,AUT,0.0,0.012184,0.070207,0.001425,neutron,pi+,solid
383,11.0,0.291452,0.415557,0.474159,2.489697,0.487330,AUT,0.0,0.009183,0.070207,0.001521,neutron,pi+,solid
384,11.0,0.354023,0.372638,0.473523,2.721760,0.476996,AUT,0.0,0.032845,0.070207,0.001642,neutron,pi+,solid
385,11.0,0.173579,0.630971,0.473455,2.243862,0.683981,AUT,0.0,0.008085,0.070207,0.001294,neutron,pi+,solid
386,11.0,0.244581,0.493923,0.474172,2.469824,0.684291,AUT,0.0,0.005986,0.070207,0.001432,neutron,pi+,solid
387,11.0,0.322422,0.412373,0.472796,2.742569,0.660263,AUT,0.0,0.052120,0.070207,0.001581,neutron,pi+,solid
388,11.0,0.201071,0.582333,0.474301,2.369952,0.901975,AUT,0.0,0.004882,0.070207,0.001345,neutron,pi+,solid
389,11.0,0.193749,0.562987,0.522771,2.242561,0.131931,AUT,0.0,0.003388,0.070207,0.001343,neutron,pi+,solid
390,11.0,0.230820,0.503517,0.523640,2.396694,0.126484,AUT,0.0,0.003611,0.070207,0.001418,neutron,pi+,solid
391,11.0,0.264790,0.455282,0.523650,2.484737,0.125327,AUT,0.0,0.003779,0.070207,0.001485,neutron,pi+,solid
392,11.0,0.314753,0.398933,0.523502,2.584595,0.135094,AUT,0.0,0.005117,0.070207,0.001581,neutron,pi+,solid
393,11.0,0.173825,0.606386,0.521111,2.171438,0.306759,AUT,0.0,0.003313,0.070207,0.001302,neutron,pi+,solid
394,11.0,0.199359,0.564574,0.523116,2.322275,0.299500,AUT,0.0,0.003803,0.070207,0.001356,neutron,pi+,solid
395,11.0,0.220556,0.536551,0.523750,2.441637,0.295499,AUT,0.0,0.004650,0.070207,0.001399,neutron,pi+,solid
396,11.0,0.244229,0.493959,0.524082,2.487704,0.291858,AUT,0.0,0.005906,0.070207,0.001446,neutron,pi+,solid
397,11.0,0.276546,0.433147,0.524151,2.468370,0.290181,AUT,0.0,0.004774,0.070207,0.001507,neutron,pi+,solid
398,11.0,0.327216,0.380123,0.524032,2.563118,0.293802,AUT,0.0,0.004915,0.070207,0.001605,neutron,pi+,solid
399,11.0,0.394411,0.360802,0.523478,2.937384,0.298882,AUT,0.0,0.097131,0.070207,0.001750,neutron,pi+,solid
400,11.0,0.174872,0.611202,0.521072,2.201246,0.487663,AUT,0.0,0.004515,0.070207,0.001305,neutron,pi+,solid
401,11.0,0.210623,0.555994,0.523614,2.413953,0.487478,AUT,0.0,0.010362,0.070207,0.001379,neutron,pi+,solid
402,11.0,0.252358,0.477643,0.524258,2.478894,0.489400,AUT,0.0,0.011396,0.070207,0.001461,neutron,pi+,solid
403,11.0,0.312599,0.398929,0.523408,2.567729,0.480599,AUT,0.0,0.012321,0.070207,0.001576,neutron,pi+,solid
404,11.0,0.199010,0.570133,0.522904,2.322514,0.685687,AUT,0.0,0.010243,0.070207,0.001353,neutron,pi+,solid
405,11.0,0.270341,0.459899,0.523720,2.556415,0.677815,AUT,0.0,0.013429,0.070207,0.001495,neutron,pi+,solid
406,11.0,0.206187,0.565835,0.522915,2.383105,0.913276,AUT,0.0,0.005693,0.070207,0.001367,neutron,pi+,solid
407,11.0,0.210584,0.522127,0.572503,2.260478,0.128345,AUT,0.0,0.003528,0.070207,0.001388,neutron,pi+,solid
408,11.0,0.260550,0.460733,0.573600,2.471705,0.126414,AUT,0.0,0.003763,0.070207,0.001491,neutron,pi+,solid
409,11.0,0.316701,0.398321,0.573436,2.597688,0.136628,AUT,0.0,0.006597,0.070207,0.001603,neutron,pi+,solid
410,11.0,0.193348,0.551749,0.571497,2.197259,0.301228,AUT,0.0,0.003705,0.070207,0.001353,neutron,pi+,solid
411,11.0,0.228734,0.510549,0.573110,2.408603,0.294189,AUT,0.0,0.005026,0.070207,0.001427,neutron,pi+,solid
412,11.0,0.264651,0.453812,0.574059,2.473627,0.291432,AUT,0.0,0.004853,0.070207,0.001499,neutron,pi+,solid
413,11.0,0.318585,0.389811,0.573032,2.557843,0.292583,AUT,0.0,0.004733,0.070207,0.001606,neutron,pi+,solid
414,11.0,0.201585,0.545042,0.571704,2.259107,0.488182,AUT,0.0,0.009755,0.070207,0.001369,neutron,pi+,solid
415,11.0,0.263710,0.459922,0.573695,2.489455,0.487742,AUT,0.0,0.010172,0.070207,0.001497,neutron,pi+,solid
416,11.0,0.329392,0.402872,0.571393,2.737401,0.469784,AUT,0.0,0.024888,0.070207,0.001629,neutron,pi+,solid
417,11.0,0.217153,0.527570,0.572431,2.348914,0.733777,AUT,0.0,0.008327,0.070207,0.001401,neutron,pi+,solid
418,11.0,0.285696,0.460118,0.572067,2.710191,0.678891,AUT,0.0,0.032151,0.070207,0.001543,neutron,pi+,solid
419,11.0,0.233240,0.481455,0.622561,2.307162,0.128072,AUT,0.0,0.003661,0.070207,0.001448,neutron,pi+,solid
420,11.0,0.298107,0.419983,0.623041,2.576944,0.131027,AUT,0.0,0.005773,0.070207,0.001584,neutron,pi+,solid
421,11.0,0.217690,0.501100,0.621929,2.244340,0.295069,AUT,0.0,0.004601,0.070207,0.001416,neutron,pi+,solid
422,11.0,0.273484,0.440012,0.623241,2.476697,0.291983,AUT,0.0,0.004331,0.070207,0.001534,neutron,pi+,solid
423,11.0,0.327638,0.401468,0.620615,2.713446,0.289078,AUT,0.0,0.009587,0.070207,0.001647,neutron,pi+,solid
424,11.0,0.235382,0.485102,0.622241,2.341265,0.488630,AUT,0.0,0.013586,0.070207,0.001452,neutron,pi+,solid
425,11.0,0.305208,0.433023,0.620784,2.725925,0.472824,AUT,0.0,0.022334,0.070207,0.001601,neutron,pi+,solid
426,11.0,0.228378,0.504476,0.620788,2.368758,0.711497,AUT,0.0,0.015966,0.070207,0.001438,neutron,pi+,solid
427,11.0,0.230431,0.467618,0.671743,2.218410,0.225391,AUT,0.0,0.004083,0.070207,0.001458,neutron,pi+,solid
428,11.0,0.283498,0.439247,0.671046,2.567951,0.217436,AUT,0.0,0.004459,0.070207,0.001574,neutron,pi+,solid
429,11.0,0.240112,0.475796,0.669047,2.352563,0.519445,AUT,0.0,0.018780,0.070207,0.001478,neutron,pi+,solid
430,11.0,0.249770,0.615921,0.323515,3.172373,0.129509,AUT,0.0,0.005408,0.070207,0.001411,neutron,pi+,solid
431,11.0,0.271533,0.586825,0.323704,3.288614,0.124446,AUT,0.0,0.005695,0.070207,0.001450,neutron,pi+,solid
432,11.0,0.286564,0.567433,0.323803,3.355896,0.120953,AUT,0.0,0.005929,0.070207,0.001476,neutron,pi+,solid
433,11.0,0.301128,0.540327,0.323872,3.357874,0.117701,AUT,0.0,0.006162,0.070207,0.001501,neutron,pi+,solid
434,11.0,0.316937,0.513244,0.323823,3.357030,0.115437,AUT,0.0,0.006260,0.070207,0.001528,neutron,pi+,solid
435,11.0,0.334188,0.490685,0.323743,3.384252,0.116248,AUT,0.0,0.006214,0.070207,0.001558,neutron,pi+,solid
436,11.0,0.353287,0.471346,0.323744,3.436664,0.119251,AUT,0.0,0.006088,0.070207,0.001592,neutron,pi+,solid
437,11.0,0.375924,0.450131,0.323802,3.491861,0.125023,AUT,0.0,0.006088,0.070207,0.001635,neutron,pi+,solid
438,11.0,0.410734,0.424575,0.324430,3.597516,0.134962,AUT,0.0,0.007814,0.070207,0.001705,neutron,pi+,solid
439,11.0,0.454937,0.409506,0.323152,3.845447,0.144777,AUT,0.0,0.048650,0.070207,0.001805,neutron,pi+,solid
440,11.0,0.243657,0.631327,0.324181,3.172877,0.288243,AUT,0.0,0.007544,0.070207,0.001400,neutron,pi+,solid
441,11.0,0.264620,0.606932,0.324277,3.314772,0.288094,AUT,0.0,0.010938,0.070207,0.001438,neutron,pi+,solid
442,11.0,0.280238,0.591230,0.324222,3.419626,0.288665,AUT,0.0,0.013058,0.070207,0.001465,neutron,pi+,solid
443,11.0,0.295902,0.558849,0.324214,3.412190,0.288877,AUT,0.0,0.017929,0.070207,0.001492,neutron,pi+,solid
444,11.0,0.315056,0.517832,0.324163,3.366332,0.289845,AUT,0.0,0.019513,0.070207,0.001525,neutron,pi+,solid
445,11.0,0.336881,0.486795,0.324131,3.384091,0.290010,AUT,0.0,0.015414,0.070207,0.001563,neutron,pi+,solid
446,11.0,0.360272,0.462089,0.324246,3.435411,0.289128,AUT,0.0,0.013222,0.070207,0.001605,neutron,pi+,solid
447,11.0,0.386923,0.436190,0.325084,3.482359,0.287730,AUT,0.0,0.012004,0.070207,0.001656,neutron,pi+,solid
448,11.0,0.425264,0.415176,0.325663,3.643197,0.285581,AUT,0.0,0.013481,0.070207,0.001737,neutron,pi+,solid
449,11.0,0.257332,0.613714,0.324168,3.254997,0.486263,AUT,0.0,0.012236,0.070207,0.001424,neutron,pi+,solid
450,11.0,0.293706,0.559958,0.324110,3.390459,0.486890,AUT,0.0,0.010983,0.070207,0.001488,neutron,pi+,solid
451,11.0,0.333785,0.490861,0.324045,3.377751,0.487870,AUT,0.0,0.012731,0.070207,0.001558,neutron,pi+,solid
452,11.0,0.386137,0.438487,0.324682,3.489158,0.488075,AUT,0.0,0.018082,0.070207,0.001655,neutron,pi+,solid
453,11.0,0.440755,0.411367,0.324818,3.742183,0.487080,AUT,0.0,0.070564,0.070207,0.001772,neutron,pi+,solid
454,11.0,0.284203,0.571096,0.324792,3.326841,0.675754,AUT,0.0,0.011026,0.070207,0.001470,neutron,pi+,solid
455,11.0,0.369736,0.459658,0.325085,3.497949,0.664203,AUT,0.0,0.045511,0.070207,0.001624,neutron,pi+,solid
456,11.0,0.255306,0.607146,0.373494,3.195637,0.128504,AUT,0.0,0.005482,0.070207,0.001435,neutron,pi+,solid
457,11.0,0.281420,0.572584,0.373640,3.325222,0.124470,AUT,0.0,0.005684,0.070207,0.001482,neutron,pi+,solid
458,11.0,0.301539,0.538451,0.373743,3.350214,0.120829,AUT,0.0,0.005910,0.070207,0.001518,neutron,pi+,solid
459,11.0,0.323115,0.504833,0.373800,3.365949,0.119189,AUT,0.0,0.006069,0.070207,0.001557,neutron,pi+,solid
460,11.0,0.347867,0.477602,0.373692,3.428304,0.121326,AUT,0.0,0.006021,0.070207,0.001602,neutron,pi+,solid
461,11.0,0.379774,0.446868,0.373484,3.500527,0.128679,AUT,0.0,0.006278,0.070207,0.001663,neutron,pi+,solid
462,11.0,0.421768,0.417175,0.373107,3.630598,0.141550,AUT,0.0,0.013310,0.070207,0.001753,neutron,pi+,solid
463,11.0,0.246764,0.626348,0.373981,3.187591,0.292076,AUT,0.0,0.006595,0.070207,0.001420,neutron,pi+,solid
464,11.0,0.270284,0.600560,0.374106,3.350054,0.289968,AUT,0.0,0.009262,0.070207,0.001463,neutron,pi+,solid
465,11.0,0.288760,0.575199,0.374125,3.427175,0.289789,AUT,0.0,0.012249,0.070207,0.001496,neutron,pi+,solid
466,11.0,0.310363,0.527155,0.374131,3.375188,0.289824,AUT,0.0,0.017483,0.070207,0.001534,neutron,pi+,solid
467,11.0,0.336750,0.486910,0.374187,3.383020,0.289375,AUT,0.0,0.012289,0.070207,0.001581,neutron,pi+,solid
468,11.0,0.366176,0.455597,0.374271,3.441961,0.287605,AUT,0.0,0.009147,0.070207,0.001637,neutron,pi+,solid
469,11.0,0.400188,0.422302,0.374241,3.486627,0.286436,AUT,0.0,0.009361,0.070207,0.001705,neutron,pi+,solid
470,11.0,0.438197,0.410496,0.374150,3.712692,0.286902,AUT,0.0,0.018574,0.070207,0.001792,neutron,pi+,solid
471,11.0,0.260271,0.610926,0.374322,3.276534,0.485536,AUT,0.0,0.022561,0.070207,0.001444,neutron,pi+,solid
472,11.0,0.303280,0.541581,0.374206,3.383346,0.486447,AUT,0.0,0.015697,0.070207,0.001521,neutron,pi+,solid
473,11.0,0.356165,0.466515,0.374188,3.423092,0.486821,AUT,0.0,0.016187,0.070207,0.001617,neutron,pi+,solid
474,11.0,0.414501,0.417147,0.374224,3.566914,0.485590,AUT,0.0,0.032552,0.070207,0.001737,neutron,pi+,solid
475,11.0,0.291849,0.557737,0.374125,3.327478,0.685980,AUT,0.0,0.008133,0.070207,0.001499,neutron,pi+,solid
476,11.0,0.378241,0.452317,0.373746,3.526023,0.671871,AUT,0.0,0.037909,0.070207,0.001661,neutron,pi+,solid
477,11.0,0.261910,0.597360,0.423507,3.224173,0.128085,AUT,0.0,0.005512,0.070207,0.001459,neutron,pi+,solid
478,11.0,0.293846,0.550698,0.423639,3.338112,0.124728,AUT,0.0,0.005790,0.070207,0.001519,neutron,pi+,solid
479,11.0,0.322028,0.506728,0.423725,3.366351,0.122173,AUT,0.0,0.006021,0.070207,0.001570,neutron,pi+,solid
480,11.0,0.356792,0.470038,0.423577,3.459096,0.124442,AUT,0.0,0.006087,0.070207,0.001636,neutron,pi+,solid
481,11.0,0.405375,0.428457,0.423259,3.580733,0.138774,AUT,0.0,0.009390,0.070207,0.001738,neutron,pi+,solid
482,11.0,0.250748,0.620146,0.423853,3.206463,0.295235,AUT,0.0,0.006248,0.070207,0.001439,neutron,pi+,solid
483,11.0,0.277914,0.590611,0.424000,3.387169,0.291864,AUT,0.0,0.008621,0.070207,0.001490,neutron,pi+,solid
484,11.0,0.302400,0.543744,0.424101,3.391210,0.290375,AUT,0.0,0.013262,0.070207,0.001535,neutron,pi+,solid
485,11.0,0.333271,0.491034,0.424185,3.375639,0.289165,AUT,0.0,0.010130,0.070207,0.001591,neutron,pi+,solid
486,11.0,0.368024,0.453601,0.424144,3.443505,0.288146,AUT,0.0,0.007621,0.070207,0.001659,neutron,pi+,solid
487,11.0,0.412492,0.417447,0.424088,3.552148,0.290008,AUT,0.0,0.009216,0.070207,0.001754,neutron,pi+,solid
488,11.0,0.463171,0.408137,0.424004,3.902087,0.293048,AUT,0.0,0.078293,0.070207,0.001883,neutron,pi+,solid
489,11.0,0.264076,0.606960,0.424346,3.301542,0.485654,AUT,0.0,0.025500,0.070207,0.001464,neutron,pi+,solid
490,11.0,0.317292,0.517324,0.424290,3.378010,0.487089,AUT,0.0,0.017174,0.070207,0.001562,neutron,pi+,solid
491,11.0,0.389511,0.437443,0.424192,3.506128,0.485483,AUT,0.0,0.018264,0.070207,0.001704,neutron,pi+,solid
492,11.0,0.304172,0.542286,0.424283,3.356929,0.683377,AUT,0.0,0.009668,0.070207,0.001535,neutron,pi+,solid
493,11.0,0.400894,0.444043,0.423212,3.673093,0.655659,AUT,0.0,0.089544,0.070207,0.001728,neutron,pi+,solid
494,11.0,0.290002,0.567690,0.425028,3.368427,0.882555,AUT,0.0,0.022768,0.070207,0.001510,neutron,pi+,solid
495,11.0,0.269298,0.586580,0.473559,3.253430,0.128075,AUT,0.0,0.005601,0.070207,0.001486,neutron,pi+,solid
496,11.0,0.310516,0.523097,0.473658,3.348993,0.125051,AUT,0.0,0.005932,0.070207,0.001564,neutron,pi+,solid
497,11.0,0.356774,0.470717,0.473584,3.461250,0.125976,AUT,0.0,0.006154,0.070207,0.001654,neutron,pi+,solid
498,11.0,0.412896,0.424188,0.473268,3.612582,0.143379,AUT,0.0,0.015665,0.070207,0.001777,neutron,pi+,solid
499,11.0,0.255594,0.613092,0.473882,3.230489,0.297678,AUT,0.0,0.006184,0.070207,0.001460,neutron,pi+,solid
500,11.0,0.288179,0.571915,0.473990,3.399307,0.292818,AUT,0.0,0.008961,0.070207,0.001523,neutron,pi+,solid
501,11.0,0.322633,0.506280,0.474067,3.367642,0.289828,AUT,0.0,0.009739,0.070207,0.001587,neutron,pi+,solid
502,11.0,0.364641,0.456954,0.474086,3.435900,0.290264,AUT,0.0,0.006944,0.070207,0.001670,neutron,pi+,solid
503,11.0,0.414483,0.416883,0.473995,3.564466,0.294907,AUT,0.0,0.010254,0.070207,0.001781,neutron,pi+,solid
504,11.0,0.268571,0.600782,0.474356,3.320710,0.486468,AUT,0.0,0.019500,0.070207,0.001485,neutron,pi+,solid
505,11.0,0.336102,0.491354,0.474283,3.395263,0.487946,AUT,0.0,0.015982,0.070207,0.001613,neutron,pi+,solid
506,11.0,0.406321,0.424550,0.473853,3.557215,0.480025,AUT,0.0,0.026382,0.070207,0.001761,neutron,pi+,solid
507,11.0,0.291518,0.560700,0.474430,3.341253,0.730969,AUT,0.0,0.009389,0.070207,0.001527,neutron,pi+,solid
508,11.0,0.376618,0.462648,0.473196,3.593921,0.670656,AUT,0.0,0.051942,0.070207,0.001696,neutron,pi+,solid
509,11.0,0.281033,0.563142,0.522839,3.256144,0.128092,AUT,0.0,0.005719,0.070207,0.001522,neutron,pi+,solid
510,11.0,0.341313,0.486451,0.523641,3.419232,0.125776,AUT,0.0,0.006123,0.070207,0.001642,neutron,pi+,solid
511,11.0,0.405149,0.430985,0.523381,3.600198,0.142177,AUT,0.0,0.014940,0.070207,0.001782,neutron,pi+,solid
512,11.0,0.265753,0.589808,0.522215,3.229447,0.296718,AUT,0.0,0.006604,0.070207,0.001493,neutron,pi+,solid
513,11.0,0.311037,0.525507,0.523866,3.367640,0.290973,AUT,0.0,0.008977,0.070207,0.001582,neutron,pi+,solid
514,11.0,0.362050,0.459533,0.523976,3.428788,0.293136,AUT,0.0,0.006646,0.070207,0.001684,neutron,pi+,solid
515,11.0,0.416289,0.416319,0.523711,3.575657,0.299180,AUT,0.0,0.012597,0.070207,0.001809,neutron,pi+,solid
516,11.0,0.282004,0.569188,0.522801,3.295576,0.487946,AUT,0.0,0.021021,0.070207,0.001524,neutron,pi+,solid
517,11.0,0.368576,0.458387,0.523656,3.472776,0.483126,AUT,0.0,0.014196,0.070207,0.001699,neutron,pi+,solid
518,11.0,0.300926,0.545846,0.523110,3.352703,0.729634,AUT,0.0,0.012855,0.070207,0.001559,neutron,pi+,solid
519,11.0,0.302949,0.526328,0.572866,3.275870,0.127630,AUT,0.0,0.005910,0.070207,0.001582,neutron,pi+,solid
520,11.0,0.378717,0.453517,0.573410,3.535587,0.133860,AUT,0.0,0.009544,0.070207,0.001745,neutron,pi+,solid
521,11.0,0.287103,0.546199,0.572503,3.226751,0.292384,AUT,0.0,0.007899,0.070207,0.001551,neutron,pi+,solid
522,11.0,0.352457,0.470299,0.573934,3.413009,0.294698,AUT,0.0,0.006578,0.070207,0.001686,neutron,pi+,solid
523,11.0,0.411366,0.423971,0.571787,3.598527,0.294349,AUT,0.0,0.014672,0.070207,0.001823,neutron,pi+,solid
524,11.0,0.311019,0.518196,0.573123,3.299968,0.488866,AUT,0.0,0.018122,0.070207,0.001598,neutron,pi+,solid
525,11.0,0.390315,0.449809,0.571506,3.622331,0.470713,AUT,0.0,0.026056,0.070207,0.001772,neutron,pi+,solid
526,11.0,0.302942,0.533609,0.572198,3.316266,0.715286,AUT,0.0,0.023424,0.070207,0.001582,neutron,pi+,solid
527,11.0,0.304159,0.515637,0.621263,3.231273,0.223658,AUT,0.0,0.006570,0.070207,0.001605,neutron,pi+,solid
528,11.0,0.359226,0.467726,0.623090,3.463509,0.233145,AUT,0.0,0.006470,0.070207,0.001726,neutron,pi+,solid
529,11.0,0.410555,0.441557,0.619200,3.741032,0.231441,AUT,0.0,0.021863,0.070207,0.001852,neutron,pi+,solid
530,11.0,0.322714,0.505083,0.620724,3.350407,0.531716,AUT,0.0,0.017554,0.070207,0.001644,neutron,pi+,solid
531,11.0,0.336698,0.482265,0.668518,3.345980,0.265292,AUT,0.0,0.006906,0.070207,0.001698,neutron,pi+,solid
532,11.0,0.313513,0.649711,0.323515,4.202283,0.127670,AUT,0.0,0.007544,0.070207,0.001525,neutron,pi+,solid
533,11.0,0.341919,0.630298,0.323604,4.448149,0.124860,AUT,0.0,0.007900,0.070207,0.001576,neutron,pi+,solid
534,11.0,0.367485,0.607422,0.323708,4.605701,0.121770,AUT,0.0,0.008186,0.070207,0.001623,neutron,pi+,solid
535,11.0,0.401565,0.550830,0.323761,4.560814,0.119054,AUT,0.0,0.008510,0.070207,0.001690,neutron,pi+,solid
536,11.0,0.454142,0.472245,0.323322,4.417446,0.131344,AUT,0.0,0.010295,0.070207,0.001807,neutron,pi+,solid
537,11.0,0.307867,0.656849,0.324281,4.172632,0.286628,AUT,0.0,0.011288,0.070207,0.001516,neutron,pi+,solid
538,11.0,0.333466,0.638848,0.324241,4.396993,0.286357,AUT,0.0,0.016838,0.070207,0.001561,neutron,pi+,solid
539,11.0,0.357700,0.623642,0.324199,4.603279,0.287570,AUT,0.0,0.024604,0.070207,0.001606,neutron,pi+,solid
540,11.0,0.393166,0.565022,0.324205,4.578742,0.289069,AUT,0.0,0.024472,0.070207,0.001673,neutron,pi+,solid
541,11.0,0.452856,0.470077,0.324303,4.382998,0.286307,AUT,0.0,0.013201,0.070207,0.001804,neutron,pi+,solid
542,11.0,0.508098,0.445615,0.324234,4.673873,0.284503,AUT,0.0,0.113931,0.070207,0.001957,neutron,pi+,solid
543,11.0,0.325034,0.644624,0.324280,4.320849,0.485039,AUT,0.0,0.023188,0.070207,0.001546,neutron,pi+,solid
544,11.0,0.394422,0.562027,0.324137,4.546060,0.485607,AUT,0.0,0.017418,0.070207,0.001676,neutron,pi+,solid
545,11.0,0.474694,0.446812,0.324213,4.376568,0.485705,AUT,0.0,0.076468,0.070207,0.001860,neutron,pi+,solid
546,11.0,0.361369,0.602196,0.324757,4.442427,0.698481,AUT,0.0,0.014252,0.070207,0.001612,neutron,pi+,solid
547,11.0,0.320241,0.644059,0.373390,4.254231,0.127199,AUT,0.0,0.007688,0.070207,0.001555,neutron,pi+,solid
548,11.0,0.358198,0.616623,0.373570,4.556931,0.125243,AUT,0.0,0.007978,0.070207,0.001627,neutron,pi+,solid
549,11.0,0.403099,0.549036,0.373696,4.558632,0.122642,AUT,0.0,0.008409,0.070207,0.001717,neutron,pi+,solid
550,11.0,0.461914,0.463684,0.373268,4.415336,0.136288,AUT,0.0,0.016292,0.070207,0.001856,neutron,pi+,solid
551,11.0,0.310988,0.653953,0.373986,4.195934,0.290224,AUT,0.0,0.009591,0.070207,0.001538,neutron,pi+,solid
552,11.0,0.341494,0.635310,0.374108,4.477817,0.287955,AUT,0.0,0.013237,0.070207,0.001595,neutron,pi+,solid
553,11.0,0.376065,0.595538,0.374170,4.616844,0.288455,AUT,0.0,0.021500,0.070207,0.001662,neutron,pi+,solid
554,11.0,0.438775,0.488437,0.374182,4.407389,0.287758,AUT,0.0,0.010637,0.070207,0.001798,neutron,pi+,solid
555,11.0,0.494840,0.441687,0.374226,4.512003,0.288281,AUT,0.0,0.048982,0.070207,0.001951,neutron,pi+,solid
556,11.0,0.330282,0.641367,0.374250,4.367120,0.485227,AUT,0.0,0.039380,0.070207,0.001574,neutron,pi+,solid
557,11.0,0.416665,0.528587,0.374292,4.502552,0.485363,AUT,0.0,0.020157,0.070207,0.001748,neutron,pi+,solid
558,11.0,0.358913,0.605842,0.374580,4.443648,0.721817,AUT,0.0,0.011900,0.070207,0.001627,neutron,pi+,solid
559,11.0,0.329075,0.638169,0.423493,4.330439,0.127124,AUT,0.0,0.007832,0.070207,0.001588,neutron,pi+,solid
560,11.0,0.385407,0.577555,0.423559,4.582929,0.125629,AUT,0.0,0.008225,0.070207,0.001701,neutron,pi+,solid
561,11.0,0.451973,0.477261,0.423407,4.442956,0.134305,AUT,0.0,0.015545,0.070207,0.001857,neutron,pi+,solid
562,11.0,0.316110,0.649917,0.423899,4.238092,0.294071,AUT,0.0,0.008821,0.070207,0.001564,neutron,pi+,solid
563,11.0,0.354830,0.623992,0.424046,4.567666,0.289787,AUT,0.0,0.012836,0.070207,0.001639,neutron,pi+,solid
564,11.0,0.413560,0.528742,0.424141,4.493871,0.289201,AUT,0.0,0.011004,0.070207,0.001763,neutron,pi+,solid
565,11.0,0.477693,0.444491,0.424027,4.382028,0.292777,AUT,0.0,0.025550,0.070207,0.001929,neutron,pi+,solid
566,11.0,0.336968,0.635159,0.424262,4.408453,0.485906,AUT,0.0,0.048828,0.070207,0.001604,neutron,pi+,solid
567,11.0,0.429025,0.507951,0.424237,4.467643,0.485114,AUT,0.0,0.025723,0.070207,0.001800,neutron,pi+,solid
568,11.0,0.356791,0.609276,0.424481,4.446853,0.732996,AUT,0.0,0.013860,0.070207,0.001642,neutron,pi+,solid
569,11.0,0.340787,0.628235,0.473547,4.410466,0.127668,AUT,0.0,0.007909,0.070207,0.001628,neutron,pi+,solid
570,11.0,0.419031,0.526427,0.473524,4.527158,0.129871,AUT,0.0,0.010597,0.070207,0.001800,neutron,pi+,solid
571,11.0,0.322015,0.645732,0.473817,4.288695,0.297402,AUT,0.0,0.008637,0.070207,0.001592,neutron,pi+,solid
572,11.0,0.375570,0.593911,0.474030,4.590956,0.290512,AUT,0.0,0.012148,0.070207,0.001701,neutron,pi+,solid
573,11.0,0.451827,0.472518,0.473922,4.394529,0.294641,AUT,0.0,0.013073,0.070207,0.001883,neutron,pi+,solid
574,11.0,0.345176,0.624766,0.474289,4.432178,0.486612,AUT,0.0,0.038454,0.070207,0.001637,neutron,pi+,solid
575,11.0,0.444170,0.483634,0.473934,4.419652,0.481647,AUT,0.0,0.033804,0.070207,0.001863,neutron,pi+,solid
576,11.0,0.353590,0.614390,0.474331,4.450327,0.737929,AUT,0.0,0.019331,0.070207,0.001654,neutron,pi+,solid
577,11.0,0.374886,0.581540,0.521859,4.457186,0.128848,AUT,0.0,0.008276,0.070207,0.001720,neutron,pi+,solid
578,11.0,0.485996,0.446405,0.523136,4.478233,0.153439,AUT,0.0,0.116650,0.070207,0.002019,neutron,pi+,solid
579,11.0,0.345016,0.621114,0.520482,4.414175,0.295054,AUT,0.0,0.009650,0.070207,0.001655,neutron,pi+,solid
580,11.0,0.433364,0.500487,0.523807,4.449932,0.295120,AUT,0.0,0.011134,0.070207,0.001863,neutron,pi+,solid
581,11.0,0.356392,0.606660,0.521259,4.439806,0.547133,AUT,0.0,0.032013,0.070207,0.001679,neutron,pi+,solid
582,11.0,0.445112,0.485997,0.522681,4.458049,0.497320,AUT,0.0,0.039082,0.070207,0.001893,neutron,pi+,solid
583,11.0,0.398021,0.542693,0.570633,4.430136,0.229850,AUT,0.0,0.008891,0.070207,0.001799,neutron,pi+,solid
584,11.0,0.476162,0.453542,0.569970,4.457292,0.242987,AUT,0.0,0.045466,0.070207,0.002021,neutron,pi+,solid
585,11.0,0.391758,0.554233,0.569563,4.458394,0.544925,AUT,0.0,0.031056,0.070207,0.001783,neutron,pi+,solid
586,11.0,0.417133,0.508179,0.619188,4.367765,0.282821,AUT,0.0,0.014248,0.070207,0.001878,neutron,pi+,solid
587,11.0,0.390321,0.649533,0.323590,5.230226,0.124946,AUT,0.0,0.010112,0.070207,0.001670,neutron,pi+,solid
588,11.0,0.423879,0.621183,0.323722,5.433861,0.121182,AUT,0.0,0.010671,0.070207,0.001741,neutron,pi+,solid
589,11.0,0.454469,0.585633,0.323748,5.491453,0.118976,AUT,0.0,0.011279,0.070207,0.001812,neutron,pi+,solid
590,11.0,0.505122,0.536104,0.323572,5.580729,0.123931,AUT,0.0,0.011633,0.070207,0.001952,neutron,pi+,solid
591,11.0,0.388332,0.653204,0.324353,5.233101,0.286341,AUT,0.0,0.025700,0.070207,0.001666,neutron,pi+,solid
592,11.0,0.425065,0.622149,0.324176,5.456840,0.288271,AUT,0.0,0.039793,0.070207,0.001744,neutron,pi+,solid
593,11.0,0.464430,0.573625,0.324219,5.494536,0.288710,AUT,0.0,0.025475,0.070207,0.001838,neutron,pi+,solid
594,11.0,0.520399,0.521316,0.324312,5.594485,0.286023,AUT,0.0,0.020668,0.070207,0.002001,neutron,pi+,solid
595,11.0,0.411586,0.631883,0.324267,5.357775,0.484810,AUT,0.0,0.029785,0.070207,0.001715,neutron,pi+,solid
596,11.0,0.492366,0.547021,0.324249,5.543835,0.484669,AUT,0.0,0.038232,0.070207,0.001915,neutron,pi+,solid
597,11.0,0.433758,0.608765,0.324423,5.417574,0.701475,AUT,0.0,0.024436,0.070207,0.001765,neutron,pi+,solid
598,11.0,0.397797,0.642793,0.373494,5.273698,0.125825,AUT,0.0,0.010246,0.070207,0.001709,neutron,pi+,solid
599,11.0,0.441232,0.601372,0.373697,5.473581,0.123079,AUT,0.0,0.010852,0.070207,0.001809,neutron,pi+,solid
600,11.0,0.497663,0.543508,0.373493,5.572156,0.124589,AUT,0.0,0.012635,0.070207,0.001965,neutron,pi+,solid
601,11.0,0.392715,0.649550,0.374094,5.261792,0.287686,AUT,0.0,0.018844,0.070207,0.001698,neutron,pi+,solid
602,11.0,0.436662,0.608230,0.374143,5.477979,0.288628,AUT,0.0,0.027580,0.070207,0.001798,neutron,pi+,solid
603,11.0,0.498240,0.540154,0.374137,5.543171,0.287667,AUT,0.0,0.014329,0.070207,0.001968,neutron,pi+,solid
604,11.0,0.564686,0.502758,0.374140,5.860308,0.289175,AUT,0.0,0.110644,0.070207,0.002207,neutron,pi+,solid
605,11.0,0.419643,0.622920,0.374274,5.379329,0.485357,AUT,0.0,0.037949,0.070207,0.001758,neutron,pi+,solid
606,11.0,0.505978,0.533891,0.374279,5.566178,0.484715,AUT,0.0,0.053522,0.070207,0.001992,neutron,pi+,solid
607,11.0,0.432055,0.610787,0.374420,5.415578,0.714207,AUT,0.0,0.022781,0.070207,0.001788,neutron,pi+,solid
608,11.0,0.407634,0.633835,0.423514,5.326300,0.127106,AUT,0.0,0.010374,0.070207,0.001754,neutron,pi+,solid
609,11.0,0.476324,0.564345,0.423508,5.532443,0.124957,AUT,0.0,0.011488,0.070207,0.001933,neutron,pi+,solid
610,11.0,0.561233,0.503335,0.423349,5.831119,0.139324,AUT,0.0,0.137761,0.070207,0.002237,neutron,pi+,solid
611,11.0,0.398738,0.644811,0.424046,5.302212,0.289618,AUT,0.0,0.015957,0.070207,0.001734,neutron,pi+,solid
612,11.0,0.455430,0.584803,0.424070,5.488642,0.288703,AUT,0.0,0.017337,0.070207,0.001873,neutron,pi+,solid
613,11.0,0.521061,0.520887,0.424079,5.597307,0.291068,AUT,0.0,0.020251,0.070207,0.002079,neutron,pi+,solid
614,11.0,0.430736,0.610732,0.424307,5.402204,0.486246,AUT,0.0,0.038691,0.070207,0.001810,neutron,pi+,solid
615,11.0,0.527360,0.516610,0.424160,5.620473,0.482439,AUT,0.0,0.083245,0.070207,0.002102,neutron,pi+,solid
616,11.0,0.429708,0.613418,0.424409,5.411527,0.717798,AUT,0.0,0.029383,0.070207,0.001808,neutron,pi+,solid
617,11.0,0.420035,0.621077,0.473539,5.371834,0.127600,AUT,0.0,0.010700,0.070207,0.001807,neutron,pi+,solid
618,11.0,0.496360,0.544935,0.473500,5.572592,0.126517,AUT,0.0,0.018494,0.070207,0.002028,neutron,pi+,solid
619,11.0,0.405441,0.638600,0.473993,5.337219,0.291735,AUT,0.0,0.014621,0.070207,0.001772,neutron,pi+,solid
620,11.0,0.484023,0.555465,0.473961,5.529112,0.291857,AUT,0.0,0.013354,0.070207,0.001989,neutron,pi+,solid
621,11.0,0.419862,0.622674,0.474294,5.379627,0.544525,AUT,0.0,0.041692,0.070207,0.001808,neutron,pi+,solid
622,11.0,0.502061,0.538374,0.473753,5.571251,0.512720,AUT,0.0,0.050024,0.070207,0.002048,neutron,pi+,solid
623,11.0,0.412347,0.624150,0.519969,5.305831,0.224887,AUT,0.0,0.011803,0.070207,0.001812,neutron,pi+,solid
624,11.0,0.473603,0.564686,0.523669,5.510519,0.223625,AUT,0.0,0.012319,0.070207,0.001989,neutron,pi+,solid
625,11.0,0.538336,0.510312,0.523274,5.669371,0.247661,AUT,0.0,0.035623,0.070207,0.002230,neutron,pi+,solid
626,11.0,0.441651,0.597124,0.521557,5.413572,0.551457,AUT,0.0,0.032962,0.070207,0.001893,neutron,pi+,solid
627,11.0,0.461115,0.565604,0.570459,5.373048,0.287473,AUT,0.0,0.012949,0.070207,0.001983,neutron,pi+,solid
628,11.0,0.528067,0.520824,0.571091,5.675386,0.250405,AUT,0.0,0.036092,0.070207,0.002234,neutron,pi+,solid
629,11.0,0.482368,0.640221,0.323751,6.367209,0.121814,AUT,0.0,0.011537,0.070207,0.001889,neutron,pi+,solid
630,11.0,0.559653,0.594447,0.323589,6.862616,0.121247,AUT,0.0,0.013015,0.070207,0.002144,neutron,pi+,solid
631,11.0,0.487432,0.637086,0.324221,6.399742,0.288275,AUT,0.0,0.037975,0.070207,0.001904,neutron,pi+,solid
632,11.0,0.568342,0.586194,0.324261,6.874640,0.287018,AUT,0.0,0.023234,0.070207,0.002178,neutron,pi+,solid
633,11.0,0.518136,0.618491,0.324292,6.589784,0.528006,AUT,0.0,0.022799,0.070207,0.002000,neutron,pi+,solid
634,11.0,0.635305,0.597831,0.324188,7.839995,0.480947,AUT,0.0,0.809573,0.070207,0.002493,neutron,pi+,solid
635,11.0,0.496373,0.630508,0.373605,6.448025,0.124394,AUT,0.0,0.011795,0.070207,0.001966,neutron,pi+,solid
636,11.0,0.576950,0.588148,0.373525,7.004202,0.123622,AUT,0.0,0.020752,0.070207,0.002265,neutron,pi+,solid
637,11.0,0.496651,0.630302,0.374112,6.447056,0.287805,AUT,0.0,0.024835,0.070207,0.001967,neutron,pi+,solid
638,11.0,0.579407,0.581441,0.374148,6.954790,0.287696,AUT,0.0,0.024362,0.070207,0.002276,neutron,pi+,solid
639,11.0,0.517148,0.619413,0.374279,6.587107,0.537777,AUT,0.0,0.029338,0.070207,0.002036,neutron,pi+,solid
640,11.0,0.479389,0.642423,0.423814,6.350249,0.211927,AUT,0.0,0.013452,0.070207,0.001946,neutron,pi+,solid
641,11.0,0.548827,0.594967,0.423808,6.734492,0.213616,AUT,0.0,0.013899,0.070207,0.002192,neutron,pi+,solid
642,11.0,0.608172,0.588386,0.423718,7.387547,0.218378,AUT,0.0,0.037114,0.070207,0.002474,neutron,pi+,solid
643,11.0,0.515662,0.620408,0.424119,6.579052,0.539073,AUT,0.0,0.038864,0.070207,0.002068,neutron,pi+,solid
644,11.0,0.490559,0.634464,0.473823,6.413945,0.217964,AUT,0.0,0.013301,0.070207,0.002015,neutron,pi+,solid
645,11.0,0.570220,0.588011,0.473771,6.919492,0.222860,AUT,0.0,0.018080,0.070207,0.002334,neutron,pi+,solid
646,11.0,0.512669,0.623162,0.473990,6.571843,0.537869,AUT,0.0,0.047118,0.070207,0.002095,neutron,pi+,solid
647,11.0,0.511569,0.614048,0.520704,6.469597,0.282584,AUT,0.0,0.014580,0.070207,0.002127,neutron,pi+,solid
648,11.0,0.589566,0.585099,0.522451,7.122340,0.258680,AUT,0.0,0.030383,0.070207,0.002493,neutron,pi+,solid
649,11.0,0.540984,0.579563,0.567196,6.466674,0.264751,AUT,0.0,0.024531,0.070207,0.002297,neutron,pi+,solid
650,8.8,0.106112,0.646140,0.322884,1.126438,0.152201,AUT,0.0,0.002273,0.070207,0.001733,neutron,pi+,solid
651,8.8,0.126618,0.578915,0.323834,1.209736,0.137208,AUT,0.0,0.002259,0.070207,0.001784,neutron,pi+,solid
652,8.8,0.142274,0.560100,0.325115,1.315761,0.130314,AUT,0.0,0.002385,0.070207,0.001825,neutron,pi+,solid
653,8.8,0.159363,0.551699,0.325439,1.451665,0.125409,AUT,0.0,0.002572,0.070207,0.001871,neutron,pi+,solid
654,8.8,0.180055,0.542256,0.325745,1.611914,0.120494,AUT,0.0,0.002771,0.070207,0.001930,neutron,pi+,solid
655,8.8,0.213639,0.509905,0.327565,1.793660,0.112729,AUT,0.0,0.003168,0.070207,0.002024,neutron,pi+,solid
656,8.8,0.268088,0.443079,0.342797,1.961204,0.115639,AUT,0.0,0.033849,0.070207,0.002181,neutron,pi+,solid
657,8.8,0.086789,0.744914,0.323244,1.065707,0.310151,AUT,0.0,0.002193,0.070207,0.001688,neutron,pi+,solid
658,8.8,0.098747,0.691425,0.323793,1.126966,0.300599,AUT,0.0,0.002359,0.070207,0.001715,neutron,pi+,solid
659,8.8,0.108236,0.657283,0.323957,1.174433,0.295142,AUT,0.0,0.002594,0.070207,0.001738,neutron,pi+,solid
660,8.8,0.117220,0.630920,0.324106,1.220998,0.292388,AUT,0.0,0.003008,0.070207,0.001760,neutron,pi+,solid
661,8.8,0.126283,0.608294,0.324335,1.268272,0.291161,AUT,0.0,0.003499,0.070207,0.001782,neutron,pi+,solid
662,8.8,0.136187,0.591065,0.324961,1.329056,0.290330,AUT,0.0,0.004046,0.070207,0.001808,neutron,pi+,solid
663,8.8,0.148067,0.578842,0.325320,1.415122,0.290087,AUT,0.0,0.004805,0.070207,0.001840,neutron,pi+,solid
664,8.8,0.163663,0.564402,0.325519,1.525001,0.290090,AUT,0.0,0.006185,0.070207,0.001884,neutron,pi+,solid
665,8.8,0.186711,0.544277,0.325906,1.676919,0.291331,AUT,0.0,0.008356,0.070207,0.001949,neutron,pi+,solid
666,8.8,0.222048,0.500238,0.328371,1.829676,0.292667,AUT,0.0,0.011108,0.070207,0.002048,neutron,pi+,solid
667,8.8,0.089139,0.738319,0.324708,1.083678,0.481534,AUT,0.0,0.002233,0.070207,0.001693,neutron,pi+,solid
668,8.8,0.107331,0.663448,0.324596,1.174570,0.483182,AUT,0.0,0.002234,0.070207,0.001736,neutron,pi+,solid
669,8.8,0.123587,0.612718,0.324753,1.249496,0.482842,AUT,0.0,0.002419,0.070207,0.001776,neutron,pi+,solid
670,8.8,0.141996,0.579590,0.325543,1.358402,0.483782,AUT,0.0,0.002697,0.070207,0.001824,neutron,pi+,solid
671,8.8,0.168789,0.555502,0.325861,1.547142,0.486465,AUT,0.0,0.003169,0.070207,0.001898,neutron,pi+,solid
672,8.8,0.210046,0.514007,0.327607,1.776521,0.489616,AUT,0.0,0.005795,0.070207,0.002014,neutron,pi+,solid
673,8.8,0.132111,0.651812,0.330775,1.378243,0.638687,AUT,0.0,0.010109,0.070207,0.001798,neutron,pi+,solid
674,8.8,0.113253,0.616122,0.373152,1.145562,0.147652,AUT,0.0,0.002265,0.070207,0.001759,neutron,pi+,solid
675,8.8,0.137526,0.546733,0.373614,1.240602,0.130696,AUT,0.0,0.002365,0.070207,0.001823,neutron,pi+,solid
676,8.8,0.155803,0.519729,0.374461,1.336814,0.123136,AUT,0.0,0.002555,0.070207,0.001874,neutron,pi+,solid
677,8.8,0.175356,0.509888,0.374876,1.476238,0.119327,AUT,0.0,0.002725,0.070207,0.001930,neutron,pi+,solid
678,8.8,0.200160,0.493795,0.375105,1.630971,0.115556,AUT,0.0,0.002913,0.070207,0.002002,neutron,pi+,solid
679,8.8,0.240810,0.450122,0.376494,1.784024,0.115447,AUT,0.0,0.003352,0.070207,0.002116,neutron,pi+,solid
680,8.8,0.090626,0.725066,0.373234,1.082218,0.312256,AUT,0.0,0.002148,0.070207,0.001704,neutron,pi+,solid
681,8.8,0.105482,0.663107,0.373700,1.154345,0.301913,AUT,0.0,0.002334,0.070207,0.001739,neutron,pi+,solid
682,8.8,0.117133,0.627552,0.373973,1.213390,0.296028,AUT,0.0,0.002643,0.070207,0.001769,neutron,pi+,solid
683,8.8,0.128729,0.599268,0.374036,1.273457,0.293207,AUT,0.0,0.003166,0.070207,0.001799,neutron,pi+,solid
684,8.8,0.141087,0.571504,0.374162,1.331035,0.291881,AUT,0.0,0.003856,0.070207,0.001833,neutron,pi+,solid
685,8.8,0.155254,0.546988,0.374588,1.401894,0.290976,AUT,0.0,0.004761,0.070207,0.001873,neutron,pi+,solid
686,8.8,0.173207,0.528058,0.375019,1.509844,0.290925,AUT,0.0,0.006267,0.070207,0.001924,neutron,pi+,solid
687,8.8,0.199689,0.499171,0.375297,1.643749,0.291795,AUT,0.0,0.008279,0.070207,0.002000,neutron,pi+,solid
688,8.8,0.244234,0.445460,0.377010,1.790837,0.292006,AUT,0.0,0.009404,0.070207,0.002126,neutron,pi+,solid
689,8.8,0.090393,0.732834,0.374337,1.090456,0.487796,AUT,0.0,0.002488,0.070207,0.001703,neutron,pi+,solid
690,8.8,0.110382,0.653290,0.374262,1.189153,0.489425,AUT,0.0,0.002674,0.070207,0.001752,neutron,pi+,solid
691,8.8,0.130096,0.591888,0.374104,1.269892,0.491371,AUT,0.0,0.002470,0.070207,0.001803,neutron,pi+,solid
692,8.8,0.152915,0.540611,0.374534,1.363778,0.492159,AUT,0.0,0.002590,0.070207,0.001866,neutron,pi+,solid
693,8.8,0.184099,0.508556,0.375067,1.544094,0.493404,AUT,0.0,0.003133,0.070207,0.001955,neutron,pi+,solid
694,8.8,0.233896,0.455349,0.376300,1.751251,0.495356,AUT,0.0,0.007159,0.070207,0.002096,neutron,pi+,solid
695,8.8,0.117419,0.653923,0.376948,1.246253,0.661307,AUT,0.0,0.003406,0.070207,0.001770,neutron,pi+,solid
696,8.8,0.196275,0.519682,0.378155,1.666733,0.652632,AUT,0.0,0.018309,0.070207,0.001988,neutron,pi+,solid
697,8.8,0.120970,0.587915,0.423326,1.166769,0.142370,AUT,0.0,0.002256,0.070207,0.001786,neutron,pi+,solid
698,8.8,0.149930,0.518553,0.423708,1.282531,0.125735,AUT,0.0,0.002469,0.070207,0.001867,neutron,pi+,solid
699,8.8,0.172897,0.487150,0.424158,1.390266,0.119748,AUT,0.0,0.002652,0.070207,0.001934,neutron,pi+,solid
700,8.8,0.199009,0.469890,0.424556,1.543172,0.118106,AUT,0.0,0.002750,0.070207,0.002011,neutron,pi+,solid
701,8.8,0.242022,0.430421,0.424336,1.714806,0.121488,AUT,0.0,0.003026,0.070207,0.002133,neutron,pi+,solid
702,8.8,0.094991,0.703339,0.423263,1.099150,0.312991,AUT,0.0,0.002152,0.070207,0.001720,neutron,pi+,solid
703,8.8,0.113354,0.634034,0.423772,1.185914,0.301858,AUT,0.0,0.002350,0.070207,0.001766,neutron,pi+,solid
704,8.8,0.128227,0.596842,0.423980,1.263141,0.296195,AUT,0.0,0.002800,0.070207,0.001806,neutron,pi+,solid
705,8.8,0.143878,0.563770,0.424094,1.338722,0.293747,AUT,0.0,0.003465,0.070207,0.001850,neutron,pi+,solid
706,8.8,0.161639,0.528200,0.424197,1.408944,0.292103,AUT,0.0,0.004637,0.070207,0.001901,neutron,pi+,solid
707,8.8,0.182846,0.497133,0.424668,1.500139,0.291447,AUT,0.0,0.006141,0.070207,0.001964,neutron,pi+,solid
708,8.8,0.216563,0.453858,0.424890,1.619153,0.292276,AUT,0.0,0.006798,0.070207,0.002061,neutron,pi+,solid
709,8.8,0.266004,0.409292,0.424597,1.795837,0.290694,AUT,0.0,0.011038,0.070207,0.002202,neutron,pi+,solid
710,8.8,0.092847,0.721677,0.424061,1.102235,0.490033,AUT,0.0,0.002595,0.070207,0.001714,neutron,pi+,solid
711,8.8,0.116321,0.635561,0.424259,1.218554,0.488930,AUT,0.0,0.003622,0.070207,0.001774,neutron,pi+,solid
712,8.8,0.141387,0.563838,0.424121,1.313754,0.491727,AUT,0.0,0.003310,0.070207,0.001843,neutron,pi+,solid
713,8.8,0.172102,0.499497,0.424291,1.417221,0.493326,AUT,0.0,0.003099,0.070207,0.001932,neutron,pi+,solid
714,8.8,0.222956,0.445208,0.424532,1.629754,0.492331,AUT,0.0,0.004832,0.070207,0.002078,neutron,pi+,solid
715,8.8,0.109239,0.664415,0.425372,1.183087,0.675520,AUT,0.0,0.002372,0.070207,0.001756,neutron,pi+,solid
716,8.8,0.179400,0.518691,0.425464,1.517666,0.668565,AUT,0.0,0.005761,0.070207,0.001950,neutron,pi+,solid
717,8.8,0.129102,0.562258,0.473500,1.189725,0.137533,AUT,0.0,0.002280,0.070207,0.001815,neutron,pi+,solid
718,8.8,0.163928,0.492970,0.473866,1.332779,0.122751,AUT,0.0,0.002576,0.070207,0.001917,neutron,pi+,solid
719,8.8,0.194844,0.462483,0.473853,1.487145,0.120992,AUT,0.0,0.002649,0.070207,0.002009,neutron,pi+,solid
720,8.8,0.239885,0.429775,0.473775,1.697691,0.124140,AUT,0.0,0.003343,0.070207,0.002142,neutron,pi+,solid
721,8.8,0.100198,0.679291,0.473403,1.118212,0.313265,AUT,0.0,0.002168,0.070207,0.001738,neutron,pi+,solid
722,8.8,0.122637,0.604822,0.473848,1.223682,0.300828,AUT,0.0,0.002479,0.070207,0.001797,neutron,pi+,solid
723,8.8,0.142301,0.563753,0.473983,1.323652,0.296023,AUT,0.0,0.003082,0.070207,0.001853,neutron,pi+,solid
724,8.8,0.164488,0.521301,0.474154,1.414533,0.293477,AUT,0.0,0.004241,0.070207,0.001919,neutron,pi+,solid
725,8.8,0.192223,0.476365,0.474171,1.510128,0.292018,AUT,0.0,0.005706,0.070207,0.002002,neutron,pi+,solid
726,8.8,0.239966,0.426906,0.474210,1.685905,0.291296,AUT,0.0,0.005600,0.070207,0.002141,neutron,pi+,solid
727,8.8,0.096292,0.706581,0.474102,1.118038,0.492035,AUT,0.0,0.002531,0.070207,0.001728,neutron,pi+,solid
728,8.8,0.125170,0.611231,0.474288,1.259897,0.488317,AUT,0.0,0.004394,0.070207,0.001804,neutron,pi+,solid
729,8.8,0.159404,0.525079,0.474146,1.377640,0.491171,AUT,0.0,0.004385,0.070207,0.001904,neutron,pi+,solid
730,8.8,0.213172,0.452806,0.473925,1.584124,0.488057,AUT,0.0,0.005052,0.070207,0.002061,neutron,pi+,solid
731,8.8,0.109619,0.659673,0.474660,1.177099,0.684419,AUT,0.0,0.002296,0.070207,0.001762,neutron,pi+,solid
732,8.8,0.175949,0.516187,0.474056,1.487213,0.680029,AUT,0.0,0.003983,0.070207,0.001950,neutron,pi+,solid
733,8.8,0.131137,0.639872,0.477331,1.350319,0.864565,AUT,0.0,0.008259,0.070207,0.001821,neutron,pi+,solid
734,8.8,0.137274,0.539991,0.523586,1.213591,0.133647,AUT,0.0,0.002341,0.070207,0.001846,neutron,pi+,solid
735,8.8,0.180637,0.471385,0.523877,1.404259,0.123109,AUT,0.0,0.002598,0.070207,0.001978,neutron,pi+,solid
736,8.8,0.229777,0.438409,0.523785,1.657574,0.125154,AUT,0.0,0.003222,0.070207,0.002126,neutron,pi+,solid
737,8.8,0.105714,0.656012,0.523478,1.137905,0.312510,AUT,0.0,0.002221,0.070207,0.001758,neutron,pi+,solid
738,8.8,0.133638,0.575966,0.523943,1.269271,0.299988,AUT,0.0,0.002636,0.070207,0.001836,neutron,pi+,solid
739,8.8,0.160766,0.525948,0.524022,1.394177,0.295527,AUT,0.0,0.003633,0.070207,0.001918,neutron,pi+,solid
740,8.8,0.195141,0.471816,0.524159,1.517241,0.292310,AUT,0.0,0.005055,0.070207,0.002023,neutron,pi+,solid
741,8.8,0.247116,0.420721,0.524226,1.712608,0.290381,AUT,0.0,0.005698,0.070207,0.002179,neutron,pi+,solid
742,8.8,0.100198,0.690155,0.523945,1.135200,0.494140,AUT,0.0,0.002480,0.070207,0.001743,neutron,pi+,solid
743,8.8,0.134653,0.587122,0.524368,1.300500,0.489097,AUT,0.0,0.004717,0.070207,0.001839,neutron,pi+,solid
744,8.8,0.182476,0.493364,0.523994,1.479819,0.488373,AUT,0.0,0.005813,0.070207,0.001983,neutron,pi+,solid
745,8.8,0.244938,0.432825,0.523067,1.747197,0.478928,AUT,0.0,0.017383,0.070207,0.002173,neutron,pi+,solid
746,8.8,0.113448,0.647194,0.524301,1.191474,0.688885,AUT,0.0,0.002584,0.070207,0.001779,neutron,pi+,solid
747,8.8,0.178554,0.520595,0.523467,1.528194,0.682680,AUT,0.0,0.004549,0.070207,0.001970,neutron,pi+,solid
748,8.8,0.127413,0.641172,0.525569,1.320646,0.883600,AUT,0.0,0.004533,0.070207,0.001818,neutron,pi+,solid
749,8.8,0.146813,0.518747,0.573703,1.245115,0.130879,AUT,0.0,0.002383,0.070207,0.001884,neutron,pi+,solid
750,8.8,0.209919,0.450255,0.573846,1.553613,0.125334,AUT,0.0,0.002661,0.070207,0.002080,neutron,pi+,solid
751,8.8,0.114164,0.623032,0.573218,1.166745,0.309623,AUT,0.0,0.002252,0.070207,0.001788,neutron,pi+,solid
752,8.8,0.148851,0.543564,0.574004,1.333424,0.298235,AUT,0.0,0.003023,0.070207,0.001892,neutron,pi+,solid
753,8.8,0.187368,0.483516,0.573953,1.492310,0.292503,AUT,0.0,0.004241,0.070207,0.002013,neutron,pi+,solid
754,8.8,0.241323,0.428379,0.573262,1.702496,0.286708,AUT,0.0,0.005376,0.070207,0.002179,neutron,pi+,solid
755,8.8,0.109415,0.652676,0.573107,1.172105,0.493939,AUT,0.0,0.002634,0.070207,0.001775,neutron,pi+,solid
756,8.8,0.154451,0.545634,0.574120,1.384094,0.488903,AUT,0.0,0.005788,0.070207,0.001909,neutron,pi+,solid
757,8.8,0.212063,0.478540,0.573022,1.669009,0.482890,AUT,0.0,0.011955,0.070207,0.002090,neutron,pi+,solid
758,8.8,0.128627,0.611316,0.573343,1.274495,0.686893,AUT,0.0,0.003562,0.070207,0.001830,neutron,pi+,solid
759,8.8,0.203254,0.522770,0.572623,1.751133,0.674129,AUT,0.0,0.016623,0.070207,0.002066,neutron,pi+,solid
760,8.8,0.125543,0.639062,0.573560,1.308495,0.895287,AUT,0.0,0.003919,0.070207,0.001821,neutron,pi+,solid
761,8.8,0.157604,0.501467,0.623484,1.291271,0.129443,AUT,0.0,0.002453,0.070207,0.001930,neutron,pi+,solid
762,8.8,0.222306,0.452622,0.622646,1.656666,0.124743,AUT,0.0,0.004240,0.070207,0.002140,neutron,pi+,solid
763,8.8,0.126044,0.579737,0.622952,1.198784,0.305541,AUT,0.0,0.002410,0.070207,0.001833,neutron,pi+,solid
764,8.8,0.173523,0.508986,0.623528,1.454912,0.294513,AUT,0.0,0.003564,0.070207,0.001984,neutron,pi+,solid
765,8.8,0.228367,0.457835,0.622025,1.721923,0.284849,AUT,0.0,0.006488,0.070207,0.002161,neutron,pi+,solid
766,8.8,0.125293,0.596793,0.622874,1.225302,0.491832,AUT,0.0,0.003212,0.070207,0.001831,neutron,pi+,solid
767,8.8,0.184158,0.523219,0.623035,1.584026,0.484398,AUT,0.0,0.011299,0.070207,0.002018,neutron,pi+,solid
768,8.8,0.134869,0.603351,0.622082,1.330468,0.735406,AUT,0.0,0.003950,0.070207,0.001859,neutron,pi+,solid
769,8.8,0.133442,0.541114,0.672857,1.185576,0.251833,AUT,0.0,0.002460,0.070207,0.001867,neutron,pi+,solid
770,8.8,0.179249,0.506337,0.672392,1.498378,0.219800,AUT,0.0,0.002885,0.070207,0.002020,neutron,pi+,solid
771,8.8,0.227455,0.479496,0.670430,1.798535,0.196621,AUT,0.0,0.006628,0.070207,0.002183,neutron,pi+,solid
772,8.8,0.136429,0.572520,0.671472,1.284597,0.540235,AUT,0.0,0.004908,0.070207,0.001877,neutron,pi+,solid
773,8.8,0.197732,0.546768,0.670655,1.782071,0.505708,AUT,0.0,0.035328,0.070207,0.002087,neutron,pi+,solid
774,8.8,0.239692,0.545043,0.324423,2.148308,0.114519,AUT,0.0,0.004134,0.070207,0.002097,neutron,pi+,solid
775,8.8,0.301776,0.503663,0.328489,2.504721,0.114328,AUT,0.0,0.004671,0.070207,0.002265,neutron,pi+,solid
776,8.8,0.244493,0.541601,0.324999,2.175177,0.291338,AUT,0.0,0.012206,0.070207,0.002110,neutron,pi+,solid
777,8.8,0.311862,0.499276,0.329487,2.564899,0.291131,AUT,0.0,0.014505,0.070207,0.002293,neutron,pi+,solid
778,8.8,0.261819,0.530975,0.326572,2.280044,0.514779,AUT,0.0,0.006324,0.070207,0.002155,neutron,pi+,solid
779,8.8,0.353532,0.466704,0.334790,2.722753,0.513056,AUT,0.0,0.055695,0.070207,0.002409,neutron,pi+,solid
780,8.8,0.248568,0.532781,0.373822,2.175068,0.117094,AUT,0.0,0.003927,0.070207,0.002140,neutron,pi+,solid
781,8.8,0.316436,0.471537,0.374409,2.458136,0.123688,AUT,0.0,0.004447,0.070207,0.002326,neutron,pi+,solid
782,8.8,0.252252,0.529733,0.374142,2.191081,0.291066,AUT,0.0,0.011337,0.070207,0.002149,neutron,pi+,solid
783,8.8,0.325079,0.462889,0.375165,2.480143,0.289998,AUT,0.0,0.010471,0.070207,0.002350,neutron,pi+,solid
784,8.8,0.262623,0.519157,0.374565,2.232797,0.540567,AUT,0.0,0.005240,0.070207,0.002177,neutron,pi+,solid
785,8.8,0.338025,0.456692,0.374636,2.547388,0.515670,AUT,0.0,0.022382,0.070207,0.002386,neutron,pi+,solid
786,8.8,0.259426,0.521820,0.423811,2.220408,0.120488,AUT,0.0,0.003809,0.070207,0.002187,neutron,pi+,solid
787,8.8,0.329624,0.459397,0.423473,2.497838,0.130306,AUT,0.0,0.006993,0.070207,0.002385,neutron,pi+,solid
788,8.8,0.261677,0.519472,0.424150,2.224646,0.290807,AUT,0.0,0.008715,0.070207,0.002192,neutron,pi+,solid
789,8.8,0.337238,0.450560,0.424221,2.507968,0.288100,AUT,0.0,0.010834,0.070207,0.002407,neutron,pi+,solid
790,8.8,0.272495,0.510487,0.424046,2.271980,0.544158,AUT,0.0,0.005514,0.070207,0.002221,neutron,pi+,solid
791,8.8,0.370854,0.447667,0.423336,2.741581,0.483672,AUT,0.0,0.104386,0.070207,0.002508,neutron,pi+,solid
792,8.8,0.242649,0.540244,0.473987,2.153934,0.207281,AUT,0.0,0.004676,0.070207,0.002156,neutron,pi+,solid
793,8.8,0.306150,0.473990,0.473894,2.390979,0.214280,AUT,0.0,0.004273,0.070207,0.002339,neutron,pi+,solid
794,8.8,0.365869,0.446664,0.473843,2.698685,0.234929,AUT,0.0,0.017568,0.070207,0.002518,neutron,pi+,solid
795,8.8,0.271264,0.514460,0.473873,2.278135,0.552214,AUT,0.0,0.006586,0.070207,0.002235,neutron,pi+,solid
796,8.8,0.252076,0.529202,0.523980,2.189014,0.211795,AUT,0.0,0.004416,0.070207,0.002201,neutron,pi+,solid
797,8.8,0.321934,0.463775,0.523851,2.460969,0.226411,AUT,0.0,0.005431,0.070207,0.002409,neutron,pi+,solid
798,8.8,0.266520,0.521718,0.523664,2.272725,0.545843,AUT,0.0,0.009266,0.070207,0.002241,neutron,pi+,solid
799,8.8,0.263191,0.517927,0.573847,2.233023,0.217497,AUT,0.0,0.004214,0.070207,0.002254,neutron,pi+,solid
800,8.8,0.336180,0.457020,0.572406,2.535777,0.226741,AUT,0.0,0.009453,0.070207,0.002480,neutron,pi+,solid
801,8.8,0.258894,0.532983,0.573126,2.261623,0.536486,AUT,0.0,0.014853,0.070207,0.002240,neutron,pi+,solid
802,8.8,0.263346,0.524286,0.623113,2.263297,0.270666,AUT,0.0,0.004515,0.070207,0.002279,neutron,pi+,solid
803,8.8,0.348372,0.470695,0.616288,2.707181,0.194654,AUT,0.0,0.029752,0.070207,0.002552,neutron,pi+,solid
804,8.8,0.252601,0.542925,0.671787,2.254028,0.268073,AUT,0.0,0.006043,0.070207,0.002272,neutron,pi+,solid
805,8.8,0.366716,0.559546,0.323931,3.381116,0.114795,AUT,0.0,0.006506,0.070207,0.002444,neutron,pi+,solid
806,8.8,0.438880,0.518432,0.324087,3.756236,0.126042,AUT,0.0,0.017511,0.070207,0.002672,neutron,pi+,solid
807,8.8,0.357677,0.563188,0.323915,3.321247,0.362435,AUT,0.0,0.009830,0.070207,0.002418,neutron,pi+,solid
808,8.8,0.424016,0.527215,0.324567,3.688384,0.359265,AUT,0.0,0.018244,0.070207,0.002621,neutron,pi+,solid
809,8.8,0.352510,0.565896,0.373925,3.289900,0.195919,AUT,0.0,0.007821,0.070207,0.002433,neutron,pi+,solid
810,8.8,0.417090,0.531635,0.373808,3.657600,0.206443,AUT,0.0,0.009239,0.070207,0.002635,neutron,pi+,solid
811,8.8,0.374271,0.554814,0.374287,3.417187,0.540294,AUT,0.0,0.014052,0.070207,0.002498,neutron,pi+,solid
812,8.8,0.361996,0.561480,0.423900,3.350260,0.202063,AUT,0.0,0.007407,0.070207,0.002488,neutron,pi+,solid
813,8.8,0.430062,0.522895,0.423902,3.711417,0.217947,AUT,0.0,0.013846,0.070207,0.002716,neutron,pi+,solid
814,8.8,0.373262,0.555725,0.424044,3.413794,0.540910,AUT,0.0,0.017913,0.070207,0.002523,neutron,pi+,solid
815,8.8,0.363165,0.560913,0.473963,3.357357,0.268347,AUT,0.0,0.007783,0.070207,0.002519,neutron,pi+,solid
816,8.8,0.431683,0.522008,0.473703,3.719435,0.277253,AUT,0.0,0.016061,0.070207,0.002757,neutron,pi+,solid
817,8.8,0.372422,0.556245,0.523816,3.410288,0.294828,AUT,0.0,0.007616,0.070207,0.002580,neutron,pi+,solid
818,8.8,0.458171,0.511333,0.522865,3.868681,0.253954,AUT,0.0,0.061242,0.070207,0.002910,neutron,pi+,solid
819,8.8,0.370754,0.558077,0.573254,3.406721,0.283286,AUT,0.0,0.008703,0.070207,0.002609,neutron,pi+,solid
820,8.8,0.362425,0.565342,0.622534,3.377611,0.259891,AUT,0.0,0.011135,0.070207,0.002618,neutron,pi+,solid
821,8.8,0.461124,0.568491,0.323851,4.325349,0.252512,AUT,0.0,0.011008,0.070207,0.002758,neutron,pi+,solid
822,8.8,0.517430,0.569074,0.323833,4.862545,0.254376,AUT,0.0,0.058775,0.070207,0.003003,neutron,pi+,solid
823,8.8,0.462662,0.569073,0.373881,4.344316,0.272964,AUT,0.0,0.011915,0.070207,0.002810,neutron,pi+,solid
824,8.8,0.462462,0.569261,0.423875,4.343916,0.277994,AUT,0.0,0.013476,0.070207,0.002851,neutron,pi+,solid
825,8.8,0.461864,0.569759,0.473776,4.342120,0.278498,AUT,0.0,0.015137,0.070207,0.002890,neutron,pi+,solid
826,8.8,0.460679,0.570498,0.523397,4.336585,0.267630,AUT,0.0,0.017161,0.070207,0.002931,neutron,pi+,solid
