x	xu	dxu	xd	dxd
2.500000E-03	8.957845E-04	1.975533E-04	-7.152479E-04	1.587605E-04
7.500000E-03	4.630108E-03	5.201620E-04	-3.258581E-03	3.708424E-04
1.250000E-02	9.684352E-03	7.317706E-04	-6.318516E-03	4.866493E-04
1.750000E-02	1.555154E-02	8.665969E-04	-9.625395E-03	5.499690E-04
2.250000E-02	2.198389E-02	9.484797E-04	-1.309576E-02	5.824718E-04
2.750000E-02	2.882867E-02	9.937920E-04	-1.669733E-02	5.959775E-04
3.250000E-02	3.598295E-02	1.014398E-03	-2.041670E-02	5.975045E-04
3.750000E-02	4.337165E-02	1.019195E-03	-2.424718E-02	5.914777E-04
4.250000E-02	5.093824E-02	1.015092E-03	-2.818321E-02	5.808266E-04
4.750000E-02	5.863350E-02	1.007473E-03	-3.221392E-02	5.675235E-04
5.250000E-02	6.642243E-02	1.000717E-03	-3.633383E-02	5.531594E-04
5.750000E-02	7.426850E-02	9.981104E-04	-4.052698E-02	5.388510E-04
6.250000E-02	8.214735E-02	1.002156E-03	-4.478557E-02	5.256580E-04
6.750000E-02	9.002760E-02	1.014352E-03	-4.908744E-02	5.143305E-04
7.250000E-02	9.789142E-02	1.035525E-03	-5.342479E-02	5.056842E-04
7.750000E-02	1.057145E-01	1.065695E-03	-5.777520E-02	5.002682E-04
8.250000E-02	1.134743E-01	1.104348E-03	-6.211957E-02	4.985514E-04
8.750000E-02	1.211580E-01	1.150680E-03	-6.644953E-02	5.009379E-04
9.250000E-02	1.287433E-01	1.203590E-03	-7.073841E-02	5.075188E-04
9.750000E-02	1.362137E-01	1.261955E-03	-7.497127E-02	5.183097E-04
1.025000E-01	1.435522E-01	1.324670E-03	-7.913024E-02	5.331456E-04
1.075000E-01	1.507525E-01	1.390796E-03	-8.321263E-02	5.518306E-04
1.125000E-01	1.577859E-01	1.459285E-03	-8.717973E-02	5.738309E-04
1.175000E-01	1.646461E-01	1.529395E-03	-9.102979E-02	5.987966E-04
1.225000E-01	1.713203E-01	1.600416E-03	-9.474810E-02	6.262580E-04
1.275000E-01	1.777994E-01	1.671761E-03	-9.832155E-02	6.557463E-04
1.325000E-01	1.840787E-01	1.742954E-03	-1.017512E-01	6.868941E-04
1.375000E-01	1.901390E-01	1.813439E-03	-1.050219E-01	7.192429E-04
1.425000E-01	1.959624E-01	1.882723E-03	-1.081031E-01	7.522447E-04
1.475000E-01	2.015505E-01	1.950536E-03	-1.110046E-01	7.856514E-04
1.525000E-01	2.068923E-01	2.016523E-03	-1.137167E-01	8.191011E-04
1.575000E-01	2.119808E-01	2.080389E-03	-1.162328E-01	8.522786E-04
1.625000E-01	2.168103E-01	2.141881E-03	-1.185501E-01	8.849125E-04
1.675000E-01	2.213736E-01	2.200749E-03	-1.206623E-01	9.167289E-04
1.725000E-01	2.256671E-01	2.256792E-03	-1.225686E-01	9.475103E-04
1.775000E-01	2.296856E-01	2.309817E-03	-1.242665E-01	9.770456E-04
1.825000E-01	2.334266E-01	2.359667E-03	-1.257564E-01	1.005163E-03
1.875000E-01	2.368871E-01	2.406198E-03	-1.270382E-01	1.031705E-03
1.925000E-01	2.400628E-01	2.449269E-03	-1.281103E-01	1.056515E-03
1.975000E-01	2.429550E-01	2.488809E-03	-1.289776E-01	1.079506E-03
2.025000E-01	2.455613E-01	2.524726E-03	-1.296405E-01	1.100573E-03
2.075000E-01	2.478828E-01	2.556982E-03	-1.301032E-01	1.119654E-03
2.125000E-01	2.499201E-01	2.585546E-03	-1.303700E-01	1.136706E-03
2.175000E-01	2.516722E-01	2.610394E-03	-1.304429E-01	1.151678E-03
2.225000E-01	2.531444E-01	2.631578E-03	-1.303294E-01	1.164586E-03
2.275000E-01	2.543378E-01	2.649131E-03	-1.300345E-01	1.175432E-03
2.325000E-01	2.552530E-01	2.663093E-03	-1.295617E-01	1.184221E-03
2.375000E-01	2.558977E-01	2.673601E-03	-1.289200E-01	1.191023E-03
2.425000E-01	2.562742E-01	2.680752E-03	-1.281154E-01	1.195888E-03
2.475000E-01	2.563849E-01	2.684663E-03	-1.271526E-01	1.198865E-03
2.525000E-01	2.562378E-01	2.685525E-03	-1.260403E-01	1.200056E-03
2.575000E-01	2.558377E-01	2.683517E-03	-1.247867E-01	1.199561E-03
2.625000E-01	2.551902E-01	2.678841E-03	-1.233975E-01	1.197468E-03
2.675000E-01	2.542987E-01	2.671691E-03	-1.218798E-01	1.193886E-03
2.725000E-01	2.531748E-01	2.662363E-03	-1.202439E-01	1.188957E-03
2.775000E-01	2.518235E-01	2.651097E-03	-1.184961E-01	1.182794E-03
2.825000E-01	2.502492E-01	2.638136E-03	-1.166426E-01	1.175508E-03
2.875000E-01	2.484623E-01	2.623797E-03	-1.146923E-01	1.167241E-03
2.925000E-01	2.464711E-01	2.608383E-03	-1.126545E-01	1.158139E-03
2.975000E-01	2.442830E-01	2.592190E-03	-1.105345E-01	1.148307E-03
3.025000E-01	2.419023E-01	2.575483E-03	-1.083399E-01	1.137871E-03
3.075000E-01	2.393416E-01	2.558610E-03	-1.060789E-01	1.126959E-03
3.125000E-01	2.366092E-01	2.541871E-03	-1.037601E-01	1.115704E-03
3.175000E-01	2.337131E-01	2.525553E-03	-1.013882E-01	1.104185E-03
3.225000E-01	2.306588E-01	2.509898E-03	-9.897092E-02	1.092511E-03
3.275000E-01	2.274576E-01	2.495194E-03	-9.651524E-02	1.080772E-03
3.325000E-01	2.241198E-01	2.481699E-03	-9.402876E-02	1.069059E-03
3.375000E-01	2.206529E-01	2.469610E-03	-9.151707E-02	1.057432E-03
3.425000E-01	2.170642E-01	2.459093E-03	-8.898484E-02	1.045928E-03
3.475000E-01	2.133613E-01	2.450281E-03	-8.644015E-02	1.034615E-03
3.525000E-01	2.095565E-01	2.443330E-03	-8.388731E-02	1.023508E-03
3.575000E-01	2.056582E-01	2.438309E-03	-8.133399E-02	1.012654E-03
3.625000E-01	2.016734E-01	2.435237E-03	-7.878199E-02	1.002016E-03
3.675000E-01	1.976095E-01	2.434092E-03	-7.623829E-02	9.916164E-04
3.725000E-01	1.934754E-01	2.434838E-03	-7.370813E-02	9.814482E-04
3.775000E-01	1.892816E-01	2.437421E-03	-7.119470E-02	9.714717E-04
3.825000E-01	1.850361E-01	2.441727E-03	-6.870419E-02	9.616835E-04
3.875000E-01	1.807446E-01	2.447582E-03	-6.623692E-02	9.519955E-04
3.925000E-01	1.764147E-01	2.454805E-03	-6.379903E-02	9.423986E-04
3.975000E-01	1.720543E-01	2.463204E-03	-6.139466E-02	9.328568E-04
4.025000E-01	1.676721E-01	2.472580E-03	-5.902479E-02	9.232878E-04
4.075000E-01	1.632764E-01	2.482722E-03	-5.669480E-02	9.136786E-04
4.125000E-01	1.588719E-01	2.493354E-03	-5.440462E-02	9.039339E-04
4.175000E-01	1.544649E-01	2.504223E-03	-5.215732E-02	8.940123E-04
4.225000E-01	1.500631E-01	2.515097E-03	-4.995805E-02	8.839165E-04
4.275000E-01	1.456722E-01	2.525720E-03	-4.780564E-02	8.735468E-04
4.325000E-01	1.412998E-01	2.535878E-03	-4.570280E-02	8.628781E-04
4.375000E-01	1.369523E-01	2.545350E-03	-4.365203E-02	8.518910E-04
4.425000E-01	1.326319E-01	2.553849E-03	-4.165160E-02	8.404929E-04
4.475000E-01	1.283454E-01	2.561190E-03	-3.970517E-02	8.287040E-04
4.525000E-01	1.240989E-01	2.567195E-03	-3.781515E-02	8.165340E-04
4.575000E-01	1.198955E-01	2.571647E-03	-3.597913E-02	8.038995E-04
4.625000E-01	1.157418E-01	2.574417E-03	-3.419895E-02	7.908144E-04
4.675000E-01	1.116428E-01	2.575376E-03	-3.247566E-02	7.772880E-04
4.725000E-01	1.075988E-01	2.574301E-03	-3.080702E-02	7.632586E-04
4.775000E-01	1.036154E-01	2.571115E-03	-2.919509E-02	7.487761E-04
4.825000E-01	9.969797E-02	2.565766E-03	-2.764159E-02	7.338964E-04
4.875000E-01	9.584704E-02	2.558097E-03	-2.614360E-02	7.185630E-04
4.925000E-01	9.206689E-02	2.548074E-03	-2.470109E-02	7.027993E-04
4.975000E-01	8.836230E-02	2.535703E-03	-2.331465E-02	6.866556E-04
5.025000E-01	8.473259E-02	2.520859E-03	-2.198227E-02	6.701138E-04
5.075000E-01	8.117972E-02	2.503509E-03	-2.070338E-02	6.532025E-04
5.125000E-01	7.770859E-02	2.483733E-03	-1.947890E-02	6.360042E-04
5.175000E-01	7.432090E-02	2.461541E-03	-1.830788E-02	6.185518E-04
5.225000E-01	7.101552E-02	2.436865E-03	-1.718753E-02	6.008185E-04
5.275000E-01	6.779558E-02	2.409799E-03	-1.611773E-02	5.828692E-04
5.325000E-01	6.466356E-02	2.380437E-03	-1.509833E-02	5.647758E-04
5.375000E-01	6.161678E-02	2.348708E-03	-1.412911E-02	5.466167E-04
5.425000E-01	5.865664E-02	2.314699E-03	-1.320640E-02	5.283384E-04
5.475000E-01	5.578617E-02	2.278584E-03	-1.232605E-02	5.098574E-04
5.525000E-01	5.300553E-02	2.240447E-03	-1.149031E-02	4.913494E-04
5.575000E-01	5.031296E-02	2.200305E-03	-1.070111E-02	4.729970E-04
5.625000E-01	4.770929E-02	2.158296E-03	-9.953369E-03	4.546809E-04
5.675000E-01	4.519439E-02	2.114532E-03	-9.246237E-03	4.364612E-04
5.725000E-01	4.276772E-02	2.069120E-03	-8.578462E-03	4.183807E-04
5.775000E-01	4.042888E-02	2.022187E-03	-7.948731E-03	4.004795E-04
5.825000E-01	3.817708E-02	1.973851E-03	-7.355546E-03	3.827871E-04
5.875000E-01	3.601146E-02	1.924238E-03	-6.797579E-03	3.653404E-04
5.925000E-01	3.393104E-02	1.873477E-03	-6.273403E-03	3.481693E-04
5.975000E-01	3.193473E-02	1.821701E-03	-5.781612E-03	3.313026E-04
6.025000E-01	3.002130E-02	1.769042E-03	-5.320880E-03	3.147709E-04
6.075000E-01	2.818933E-02	1.715628E-03	-4.889771E-03	2.985957E-04
6.125000E-01	2.643745E-02	1.661597E-03	-4.486991E-03	2.828039E-04
6.175000E-01	2.476438E-02	1.607098E-03	-4.111260E-03	2.674200E-04
6.225000E-01	2.316832E-02	1.552254E-03	-3.761199E-03	2.524586E-04
6.275000E-01	2.164755E-02	1.497193E-03	-3.435580E-03	2.379401E-04
6.325000E-01	2.020028E-02	1.442043E-03	-3.133128E-03	2.238779E-04
6.375000E-01	1.882473E-02	1.386934E-03	-2.852603E-03	2.102832E-04
6.425000E-01	1.751904E-02	1.331993E-03	-2.592876E-03	1.971709E-04
6.475000E-01	1.628121E-02	1.277333E-03	-2.352761E-03	1.845472E-04
6.525000E-01	1.510931E-02	1.223076E-03	-2.131122E-03	1.724172E-04
6.575000E-01	1.400138E-02	1.169338E-03	-1.926914E-03	1.607883E-04
6.625000E-01	1.295525E-02	1.116217E-03	-1.739053E-03	1.496601E-04
6.675000E-01	1.196890E-02	1.063818E-03	-1.566533E-03	1.390330E-04
6.725000E-01	1.104033E-02	1.012247E-03	-1.408406E-03	1.289079E-04
6.775000E-01	1.016729E-02	9.615816E-04	-1.263712E-03	1.192793E-04
6.825000E-01	9.347747E-03	9.119130E-04	-1.131559E-03	1.101425E-04
6.875000E-01	8.579665E-03	8.633283E-04	-1.011104E-03	1.014925E-04
6.925000E-01	7.860829E-03	8.158892E-04	-9.015134E-04	9.331998E-05
6.975000E-01	7.189208E-03	7.696684E-04	-8.020049E-04	8.561538E-05
7.025000E-01	6.562803E-03	7.247345E-04	-7.118534E-04	7.837004E-05
7.075000E-01	5.979477E-03	6.811325E-04	-6.303454E-04	7.157144E-05
7.125000E-01	5.437236E-03	6.389139E-04	-5.568004E-04	6.520548E-05
7.175000E-01	4.934121E-03	5.981246E-04	-4.906125E-04	5.926153E-05
7.225000E-01	4.468130E-03	5.587951E-04	-4.311757E-04	5.372419E-05
7.275000E-01	4.037344E-03	5.209549E-04	-3.779113E-04	4.857621E-05
7.325000E-01	3.639892E-03	4.846281E-04	-3.303270E-04	4.380643E-05
7.375000E-01	3.273961E-03	4.498351E-04	-2.879054E-04	3.939596E-05
7.425000E-01	2.937705E-03	4.165796E-04	-2.501780E-04	3.532749E-05
7.475000E-01	2.629388E-03	3.848673E-04	-2.167451E-04	3.158890E-05
7.525000E-01	2.347377E-03	3.547061E-04	-1.871754E-04	2.815930E-05
7.575000E-01	2.089957E-03	3.260787E-04	-1.611060E-04	2.502336E-05
7.625000E-01	1.855554E-03	2.989753E-04	-1.381978E-04	2.216543E-05
7.675000E-01	1.642678E-03	2.733856E-04	-1.181243E-04	1.956784E-05
7.725000E-01	1.449820E-03	2.492823E-04	-1.005965E-04	1.721513E-05
7.775000E-01	1.275557E-03	2.266377E-04	-8.533279E-05	1.508937E-05
7.825000E-01	1.118552E-03	2.054252E-04	-7.210638E-05	1.317860E-05
7.875000E-01	9.775220E-04	1.856132E-04	-6.066966E-05	1.146381E-05
7.925000E-01	8.511923E-04	1.671568E-04	-5.082207E-05	9.931244E-06
7.975000E-01	7.384002E-04	1.500176E-04	-4.238703E-05	8.568802E-06
8.025000E-01	6.380369E-04	1.341534E-04	-3.517790E-05	7.359468E-06
8.075000E-01	5.490286E-04	1.195142E-04	-2.904775E-05	6.291347E-06
8.125000E-01	4.704542E-04	1.060687E-04	-2.386950E-05	5.354361E-06
8.175000E-01	4.012834E-04	9.374684E-05	-1.951648E-05	4.536186E-06
8.225000E-01	3.405062E-04	8.246531E-05	-1.584308E-05	3.817342E-06
8.275000E-01	2.875382E-04	7.222776E-05	-1.279352E-05	3.197180E-06
8.325000E-01	2.415041E-04	6.295561E-05	-1.026455E-05	2.662028E-06
8.375000E-01	2.016867E-04	5.459420E-05	-8.180288E-06	2.202911E-06
8.425000E-01	1.674186E-04	4.708808E-05	-6.473096E-06	1.811240E-06
8.475000E-01	1.380827E-04	4.038185E-05	-5.083774E-06	1.479070E-06
8.525000E-01	1.131094E-04	3.442004E-05	-3.960982E-06	1.199145E-06
8.575000E-01	9.197607E-05	2.914788E-05	-3.060031E-06	9.647523E-07
8.625000E-01	7.420719E-05	2.451216E-05	-2.342744E-06	7.698766E-07
8.675000E-01	5.937216E-05	2.046158E-05	-1.776526E-06	6.091057E-07
8.725000E-01	4.707424E-05	1.694397E-05	-1.333295E-06	4.774504E-07
8.775000E-01	3.696154E-05	1.391086E-05	-9.897288E-07	3.705924E-07
8.825000E-01	2.871689E-05	1.131507E-05	-7.260451E-07	2.846209E-07
8.875000E-01	2.205696E-05	9.111247E-06	-5.258824E-07	2.161286E-07
8.925000E-01	1.673128E-05	7.256557E-06	-3.756664E-07	1.621079E-07
8.975000E-01	1.251934E-05	5.710559E-06	-2.644046E-07	1.199986E-07
9.025000E-01	9.227933E-06	4.435091E-06	-1.830843E-07	8.755272E-08
9.075000E-01	6.690088E-06	3.394913E-06	-1.245524E-07	6.288985E-08
9.125000E-01	4.761485E-06	2.557075E-06	-8.307932E-08	4.439528E-08
9.175000E-01	3.319929E-06	1.891763E-06	-5.424303E-08	3.075644E-08
9.225000E-01	2.261821E-06	1.371565E-06	-3.457359E-08	2.086262E-08
9.275000E-01	1.501109E-06	9.719777E-07	-2.145408E-08	1.382395E-08
9.325000E-01	9.668238E-07	6.710661E-07	-1.291140E-08	8.918269E-09
9.375000E-01	6.015943E-07	4.496323E-07	-7.508631E-09	5.584888E-09
9.425000E-01	3.595383E-07	2.908987E-07	-4.195405E-09	3.378157E-09
9.475000E-01	2.048973E-07	1.806026E-07	-2.236325E-09	1.961733E-09
9.525000E-01	1.102946E-07	1.067235E-07	-1.127779E-09	1.086056E-09
9.575000E-01	5.535587E-08	5.935972E-08	-5.315087E-10	5.672340E-10
9.625000E-01	2.546521E-08	3.062547E-08	-2.302791E-10	2.756192E-10
9.675000E-01	1.046688E-08	1.433863E-08	-8.935284E-11	1.218165E-10
9.725000E-01	3.705073E-09	5.904351E-09	-3.006621E-11	4.768005E-11
9.775000E-01	1.063279E-09	2.031075E-09	-8.256208E-12	1.569269E-11
9.825000E-01	2.210956E-10	5.301228E-10	-1.641968E-12	3.916704E-12
9.875000E-01	2.702413E-11	8.807517E-11	-1.947002E-13	6.310824E-13
9.925000E-01	1.140445E-12	5.987163E-12	-8.093258E-15	4.222853E-14
9.975000E-01	3.895018E-15	6.097351E-14	-4.994815E-17	7.758275E-16
