x	xu	dxu	xd	dxd
2.500000E-03	8.957845E-04	2.847116E-05	-7.152479E-04	9.772788E-05
7.500000E-03	4.630108E-03	1.452319E-04	-3.258581E-03	4.449315E-04
1.250000E-02	9.684352E-03	2.998378E-04	-6.318516E-03	8.621749E-04
1.750000E-02	1.555154E-02	4.753607E-04	-9.625395E-03	1.312586E-03
2.250000E-02	2.198389E-02	6.635787E-04	-1.309576E-02	1.784770E-03
2.750000E-02	2.882867E-02	8.595478E-04	-1.669733E-02	2.274336E-03
3.250000E-02	3.598295E-02	1.060074E-03	-2.041670E-02	2.779477E-03
3.750000E-02	4.337165E-02	1.262968E-03	-2.424718E-02	3.299310E-03
4.250000E-02	5.093824E-02	1.466728E-03	-2.818321E-02	3.833107E-03
4.750000E-02	5.863350E-02	1.670175E-03	-3.221392E-02	4.379430E-03
5.250000E-02	6.642243E-02	1.872631E-03	-3.633383E-02	4.937575E-03
5.750000E-02	7.426850E-02	2.073456E-03	-4.052698E-02	5.505422E-03
6.250000E-02	8.214735E-02	2.272421E-03	-4.478557E-02	6.081964E-03
6.750000E-02	9.002760E-02	2.469159E-03	-4.908744E-02	6.664251E-03
7.250000E-02	9.789142E-02	2.663734E-03	-5.342479E-02	7.251288E-03
7.750000E-02	1.057145E-01	2.856068E-03	-5.777520E-02	7.840100E-03
8.250000E-02	1.134743E-01	3.046180E-03	-6.211957E-02	8.428164E-03
8.750000E-02	1.211580E-01	3.234367E-03	-6.644953E-02	9.014421E-03
9.250000E-02	1.287433E-01	3.420705E-03	-7.073841E-02	9.595330E-03
9.750000E-02	1.362137E-01	3.605431E-03	-7.497127E-02	1.016894E-02
1.025000E-01	1.435522E-01	3.788781E-03	-7.913024E-02	1.073290E-02
1.075000E-01	1.507525E-01	3.971265E-03	-8.321263E-02	1.128694E-02
1.125000E-01	1.577859E-01	4.152799E-03	-8.717973E-02	1.182587E-02
1.175000E-01	1.646461E-01	4.333866E-03	-9.102979E-02	1.234952E-02
1.225000E-01	1.713203E-01	4.514755E-03	-9.474810E-02	1.285599E-02
1.275000E-01	1.777994E-01	4.695819E-03	-9.832155E-02	1.334354E-02
1.325000E-01	1.840787E-01	4.877491E-03	-1.017512E-01	1.381240E-02
1.375000E-01	1.901390E-01	5.059771E-03	-1.050219E-01	1.426056E-02
1.425000E-01	1.959624E-01	5.242638E-03	-1.081031E-01	1.468391E-02
1.475000E-01	2.015505E-01	5.426538E-03	-1.110046E-01	1.508386E-02
1.525000E-01	2.068923E-01	5.611518E-03	-1.137167E-01	1.545908E-02
1.575000E-01	2.119808E-01	5.797661E-03	-1.162328E-01	1.580877E-02
1.625000E-01	2.168103E-01	5.985033E-03	-1.185501E-01	1.613251E-02
1.675000E-01	2.213736E-01	6.173581E-03	-1.206623E-01	1.642950E-02
1.725000E-01	2.256671E-01	6.363285E-03	-1.225686E-01	1.669962E-02
1.775000E-01	2.296856E-01	6.554016E-03	-1.242665E-01	1.694252E-02
1.825000E-01	2.334266E-01	6.745650E-03	-1.257564E-01	1.715827E-02
1.875000E-01	2.368871E-01	6.937984E-03	-1.270382E-01	1.734683E-02
1.925000E-01	2.400628E-01	7.130720E-03	-1.281103E-01	1.750796E-02
1.975000E-01	2.429550E-01	7.323659E-03	-1.289776E-01	1.764228E-02
2.025000E-01	2.455613E-01	7.516441E-03	-1.296405E-01	1.774982E-02
2.075000E-01	2.478828E-01	7.708754E-03	-1.301032E-01	1.783109E-02
2.125000E-01	2.499201E-01	7.900227E-03	-1.303700E-01	1.788665E-02
2.175000E-01	2.516722E-01	8.090394E-03	-1.304429E-01	1.791669E-02
2.225000E-01	2.531444E-01	8.278946E-03	-1.303294E-01	1.792219E-02
2.275000E-01	2.543378E-01	8.465412E-03	-1.300345E-01	1.790373E-02
2.325000E-01	2.552530E-01	8.649260E-03	-1.295617E-01	1.786172E-02
2.375000E-01	2.558977E-01	8.830180E-03	-1.289200E-01	1.779733E-02
2.425000E-01	2.562742E-01	9.007653E-03	-1.281154E-01	1.771128E-02
2.475000E-01	2.563849E-01	9.181145E-03	-1.271526E-01	1.760412E-02
2.525000E-01	2.562378E-01	9.350294E-03	-1.260403E-01	1.747696E-02
2.575000E-01	2.558377E-01	9.514634E-03	-1.247867E-01	1.733083E-02
2.625000E-01	2.551902E-01	9.673707E-03	-1.233975E-01	1.716639E-02
2.675000E-01	2.542987E-01	9.826964E-03	-1.218798E-01	1.698454E-02
2.725000E-01	2.531748E-01	9.974181E-03	-1.202439E-01	1.678659E-02
2.775000E-01	2.518235E-01	1.011488E-02	-1.184961E-01	1.657330E-02
2.825000E-01	2.502492E-01	1.024855E-02	-1.166426E-01	1.634542E-02
2.875000E-01	2.484623E-01	1.037493E-02	-1.146923E-01	1.610409E-02
2.925000E-01	2.464711E-01	1.049372E-02	-1.126545E-01	1.585048E-02
2.975000E-01	2.442830E-01	1.060455E-02	-1.105345E-01	1.558522E-02
3.025000E-01	2.419023E-01	1.070696E-02	-1.083399E-01	1.530927E-02
3.075000E-01	2.393416E-01	1.080085E-02	-1.060789E-01	1.502365E-02
3.125000E-01	2.366092E-01	1.088597E-02	-1.037601E-01	1.472949E-02
3.175000E-01	2.337131E-01	1.096206E-02	-1.013882E-01	1.442734E-02
3.225000E-01	2.306588E-01	1.102878E-02	-9.897092E-02	1.411817E-02
3.275000E-01	2.274576E-01	1.108607E-02	-9.651524E-02	1.380287E-02
3.325000E-01	2.241198E-01	1.113386E-02	-9.402876E-02	1.348244E-02
3.375000E-01	2.206529E-01	1.117197E-02	-9.151707E-02	1.315756E-02
3.425000E-01	2.170642E-01	1.120024E-02	-8.898484E-02	1.282881E-02
3.475000E-01	2.133613E-01	1.121854E-02	-8.644015E-02	1.249727E-02
3.525000E-01	2.095565E-01	1.122702E-02	-8.388731E-02	1.216347E-02
3.575000E-01	2.056582E-01	1.122565E-02	-8.133399E-02	1.182843E-02
3.625000E-01	2.016734E-01	1.121439E-02	-7.878199E-02	1.149234E-02
3.675000E-01	1.976095E-01	1.119319E-02	-7.623829E-02	1.115615E-02
3.725000E-01	1.934754E-01	1.116217E-02	-7.370813E-02	1.082054E-02
3.775000E-01	1.892816E-01	1.112153E-02	-7.119470E-02	1.048594E-02
3.825000E-01	1.850361E-01	1.107141E-02	-6.870419E-02	1.015319E-02
3.875000E-01	1.807446E-01	1.101181E-02	-6.623692E-02	9.822297E-03
3.925000E-01	1.764147E-01	1.094287E-02	-6.379903E-02	9.494120E-03
3.975000E-01	1.720543E-01	1.086479E-02	-6.139466E-02	9.169236E-03
4.025000E-01	1.676721E-01	1.077786E-02	-5.902479E-02	8.847763E-03
4.075000E-01	1.632764E-01	1.068239E-02	-5.669480E-02	8.530482E-03
4.125000E-01	1.588719E-01	1.057846E-02	-5.440462E-02	8.217360E-03
4.175000E-01	1.544649E-01	1.046630E-02	-5.215732E-02	7.908848E-03
4.225000E-01	1.500631E-01	1.034626E-02	-4.995805E-02	7.605720E-03
4.275000E-01	1.456722E-01	1.021859E-02	-4.780564E-02	7.307796E-03
4.325000E-01	1.412998E-01	1.008370E-02	-4.570280E-02	7.015497E-03
4.375000E-01	1.369523E-01	9.941953E-03	-4.365203E-02	6.729215E-03
4.425000E-01	1.326319E-01	9.793434E-03	-4.165160E-02	6.448703E-03
4.475000E-01	1.283454E-01	9.638588E-03	-3.970517E-02	6.174544E-03
4.525000E-01	1.240989E-01	9.477836E-03	-3.781515E-02	5.907142E-03
4.575000E-01	1.198955E-01	9.311406E-03	-3.597913E-02	5.646158E-03
4.625000E-01	1.157418E-01	9.139813E-03	-3.419895E-02	5.391914E-03
4.675000E-01	1.116428E-01	8.963493E-03	-3.247566E-02	5.144622E-03
4.725000E-01	1.075988E-01	8.782508E-03	-3.080702E-02	4.903970E-03
4.775000E-01	1.036154E-01	8.597388E-03	-2.919509E-02	4.670339E-03
4.825000E-01	9.969797E-02	8.408665E-03	-2.764159E-02	4.444062E-03
4.875000E-01	9.584704E-02	8.216481E-03	-2.614360E-02	4.224732E-03
4.925000E-01	9.206689E-02	8.021327E-03	-2.470109E-02	4.012407E-03
4.975000E-01	8.836230E-02	7.823757E-03	-2.331465E-02	3.807251E-03
5.025000E-01	8.473259E-02	7.623869E-03	-2.198227E-02	3.609006E-03
5.075000E-01	8.117972E-02	7.422003E-03	-2.070338E-02	3.417654E-03
5.125000E-01	7.770859E-02	7.218785E-03	-1.947890E-02	3.233421E-03
5.175000E-01	7.432090E-02	7.014578E-03	-1.830788E-02	3.056233E-03
5.225000E-01	7.101552E-02	6.809486E-03	-1.718753E-02	2.885708E-03
5.275000E-01	6.779558E-02	6.604029E-03	-1.611773E-02	2.721907E-03
5.325000E-01	6.466356E-02	6.398683E-03	-1.509833E-02	2.564892E-03
5.375000E-01	6.161678E-02	6.193433E-03	-1.412911E-02	2.414718E-03
5.425000E-01	5.865664E-02	5.988669E-03	-1.320640E-02	2.270850E-03
5.475000E-01	5.578617E-02	5.784960E-03	-1.232605E-02	2.132659E-03
5.525000E-01	5.300553E-02	5.582604E-03	-1.149031E-02	2.000617E-03
5.575000E-01	5.031296E-02	5.381701E-03	-1.070111E-02	1.875158E-03
5.625000E-01	4.770929E-02	5.182630E-03	-9.953369E-03	1.755488E-03
5.675000E-01	4.519439E-02	4.985671E-03	-9.246237E-03	1.641549E-03
5.725000E-01	4.276772E-02	4.791070E-03	-8.578462E-03	1.533211E-03
5.775000E-01	4.042888E-02	4.599093E-03	-7.948731E-03	1.430333E-03
5.825000E-01	3.817708E-02	4.409963E-03	-7.355546E-03	1.332738E-03
5.875000E-01	3.601146E-02	4.223899E-03	-6.797579E-03	1.240276E-03
5.925000E-01	3.393104E-02	4.041109E-03	-6.273403E-03	1.152778E-03
5.975000E-01	3.193473E-02	3.861788E-03	-5.781612E-03	1.070075E-03
6.025000E-01	3.002130E-02	3.686115E-03	-5.320880E-03	9.920119E-04
6.075000E-01	2.818933E-02	3.514244E-03	-4.889771E-03	9.184076E-04
6.125000E-01	2.643745E-02	3.346333E-03	-4.486991E-03	8.491055E-04
6.175000E-01	2.476438E-02	3.182551E-03	-4.111260E-03	7.839484E-04
6.225000E-01	2.316832E-02	3.023001E-03	-3.761199E-03	7.227562E-04
6.275000E-01	2.164755E-02	2.867786E-03	-3.435580E-03	6.653746E-04
6.325000E-01	2.020028E-02	2.716998E-03	-3.133128E-03	6.116359E-04
6.375000E-01	1.882473E-02	2.570726E-03	-2.852603E-03	5.613757E-04
6.425000E-01	1.751904E-02	2.429042E-03	-2.592876E-03	5.144473E-04
6.475000E-01	1.628121E-02	2.291991E-03	-2.352761E-03	4.706887E-04
6.525000E-01	1.510931E-02	2.159621E-03	-2.131122E-03	4.299441E-04
6.575000E-01	1.400138E-02	2.031970E-03	-1.926914E-03	3.920713E-04
6.625000E-01	1.295525E-02	1.909035E-03	-1.739053E-03	3.569168E-04
6.675000E-01	1.196890E-02	1.790827E-03	-1.566533E-03	3.243383E-04
6.725000E-01	1.104033E-02	1.677351E-03	-1.408406E-03	2.942015E-04
6.775000E-01	1.016729E-02	1.568566E-03	-1.263712E-03	2.663659E-04
6.825000E-01	9.347747E-03	1.464450E-03	-1.131559E-03	2.407003E-04
6.875000E-01	8.579665E-03	1.364973E-03	-1.011104E-03	2.170808E-04
6.925000E-01	7.860829E-03	1.270066E-03	-9.015134E-04	1.953807E-04
6.975000E-01	7.189208E-03	1.179677E-03	-8.020049E-04	1.754809E-04
7.025000E-01	6.562803E-03	1.093748E-03	-7.118534E-04	1.572703E-04
7.075000E-01	5.979477E-03	1.012186E-03	-6.303454E-04	1.406371E-04
7.125000E-01	5.437236E-03	9.349110E-04	-5.568004E-04	1.254726E-04
7.175000E-01	4.934121E-03	8.618361E-04	-4.906125E-04	1.116813E-04
7.225000E-01	4.468130E-03	7.928544E-04	-4.311757E-04	9.916409E-05
7.275000E-01	4.037344E-03	7.278610E-04	-3.779113E-04	8.782458E-05
7.325000E-01	3.639892E-03	6.667466E-04	-3.303270E-04	7.758281E-05
7.375000E-01	3.273961E-03	6.094001E-04	-2.879054E-04	6.834988E-05
7.425000E-01	2.937705E-03	5.556915E-04	-2.501780E-04	6.004497E-05
7.475000E-01	2.629388E-03	5.054980E-04	-2.167451E-04	5.260070E-05
7.525000E-01	2.347377E-03	4.587034E-04	-1.871754E-04	4.593917E-05
7.575000E-01	2.089957E-03	4.151634E-04	-1.611060E-04	3.999612E-05
7.625000E-01	1.855554E-03	3.747483E-04	-1.381978E-04	3.471055E-05
7.675000E-01	1.642678E-03	3.373322E-04	-1.181243E-04	3.002194E-05
7.725000E-01	1.449820E-03	3.027731E-04	-1.005965E-04	2.587672E-05
7.775000E-01	1.275557E-03	2.709336E-04	-8.533279E-05	2.222084E-05
7.825000E-01	1.118552E-03	2.416826E-04	-7.210638E-05	1.901211E-05
7.875000E-01	9.775220E-04	2.148881E-04	-6.066966E-05	1.620087E-05
7.925000E-01	8.511923E-04	1.904080E-04	-5.082207E-05	1.374773E-05
7.975000E-01	7.384002E-04	1.681128E-04	-4.238703E-05	1.161794E-05
8.025000E-01	6.380369E-04	1.478738E-04	-3.517790E-05	9.772230E-06
8.075000E-01	5.490286E-04	1.295589E-04	-2.904775E-05	8.180482E-06
8.125000E-01	4.704542E-04	1.130610E-04	-2.386950E-05	6.816677E-06
8.175000E-01	4.012834E-04	9.823641E-05	-1.951648E-05	5.653527E-06
8.225000E-01	3.405062E-04	8.493405E-05	-1.584308E-05	4.656698E-06
8.275000E-01	2.875382E-04	7.309790E-05	-1.279352E-05	3.816698E-06
8.325000E-01	2.415041E-04	6.259094E-05	-1.026455E-05	3.109153E-06
8.375000E-01	2.016867E-04	5.330594E-05	-8.180288E-06	2.516688E-06
8.425000E-01	1.674186E-04	4.513950E-05	-6.473096E-06	2.023454E-06
8.475000E-01	1.380827E-04	3.799275E-05	-5.083774E-06	1.615325E-06
8.525000E-01	1.131094E-04	3.177120E-05	-3.960982E-06	1.279826E-06
8.575000E-01	9.197607E-05	2.638523E-05	-3.060031E-06	1.005871E-06
8.625000E-01	7.420719E-05	2.175077E-05	-2.342744E-06	7.838189E-07
8.675000E-01	5.937216E-05	1.778938E-05	-1.776526E-06	6.052818E-07
8.725000E-01	4.707424E-05	1.442562E-05	-1.333295E-06	4.628541E-07
8.775000E-01	3.696154E-05	1.159091E-05	-9.897288E-07	3.502836E-07
8.825000E-01	2.871689E-05	9.221155E-06	-7.260451E-07	2.621362E-07
8.875000E-01	2.205696E-05	7.257088E-06	-5.258824E-07	1.938245E-07
8.925000E-01	1.673128E-05	5.644564E-06	-3.756664E-07	1.414494E-07
8.975000E-01	1.251934E-05	4.334254E-06	-2.644046E-07	1.017884E-07
9.025000E-01	9.227933E-06	3.281341E-06	-1.830843E-07	7.212662E-08
9.075000E-01	6.690088E-06	2.445777E-06	-1.245524E-07	5.026159E-08
9.125000E-01	4.761485E-06	1.791587E-06	-8.307932E-08	3.437840E-08
9.175000E-01	3.319929E-06	1.287251E-06	-5.424303E-08	2.304455E-08
9.225000E-01	2.261821E-06	9.049561E-07	-3.457359E-08	1.510033E-08
9.275000E-01	1.501109E-06	6.207150E-07	-2.145408E-08	9.647868E-09
9.325000E-01	9.668238E-07	4.139157E-07	-1.291140E-08	5.988643E-09
9.375000E-01	6.015943E-07	2.672058E-07	-7.508631E-09	3.599290E-09
9.425000E-01	3.595383E-07	1.660763E-07	-4.195405E-09	2.083243E-09
9.475000E-01	2.048973E-07	9.870795E-08	-2.236325E-09	1.153454E-09
9.525000E-01	1.102946E-07	5.560367E-08	-1.127779E-09	6.061938E-10
9.575000E-01	5.535587E-08	2.932617E-08	-5.315087E-10	2.989203E-10
9.625000E-01	2.546521E-08	1.425094E-08	-2.302791E-10	1.361826E-10
9.675000E-01	1.046688E-08	6.229136E-09	-8.935284E-11	5.592123E-11
9.725000E-01	3.705073E-09	2.365947E-09	-3.006621E-11	2.008400E-11
9.775000E-01	1.063279E-09	7.377329E-10	-8.256208E-12	5.957178E-12
9.825000E-01	2.210956E-10	1.698547E-10	-1.641968E-12	1.302907E-12
9.875000E-01	2.702413E-11	2.372951E-11	-1.947002E-13	1.751113E-13
9.925000E-01	1.140445E-12	1.221631E-12	-8.093258E-15	8.777187E-15
9.975000E-01	3.895018E-15	6.349501E-15	-4.994815E-17	8.061606E-17
