Nu	Nd	a	b	c	kt2	chi2
0.7973131407037107	-0.9113899204165472	1.1181345369213473	2.774180928855208	-0.7820734170118517	0.24759353312664198	864.12399909174
0.27590392471908204	-0.3094116743411745	0.9291624023762941	2.9276615305476446	0.7077406818190242	0.24556813591304366	835.6243263772926
0.4019526510317671	-0.45008442837828644	1.0093721877023116	3.013610141545753	0.0036146289995331185	0.24841072159463015	811.7777496552021
0.40752956489626774	-0.4484714476370135	1.025192331108549	3.072490247241727	0.007211330820818343	0.2511530994782451	854.4148798445547
0.4022657141923145	-0.4475683048301055	1.0019885122368706	3.013642723981895	-0.0033318257234252655	0.2506168106465801	779.6886406744679
0.4026062215944739	-0.44620910417461945	1.01879035468894	3.1060472985597145	-0.0033584004678771564	0.2473120750544859	788.6704220780401
0.8586525535312148	-0.9709956973841388	1.1361101886036988	2.749517010568163	-0.8288239988928165	0.24560363470343807	856.6122279430268
0.4028961990825584	-0.4486261454716536	1.014203104033989	3.073313860293644	0.0019109571905739798	0.25058238995031057	872.9935211803922
0.3962085908298413	-0.4515428823021244	0.9883011399338245	2.9750259258872167	-0.001572502335378936	0.25172650238949124	858.276613296767
0.40879964266592234	-0.4518909949881316	1.0125509094985954	2.9999484955818083	0.013828025819353978	0.25547047987748894	892.9111512519393
0.25222555741325264	-0.2785123872038191	0.9658970703267259	3.1679570631193807	0.9685590259982045	0.2513506913402634	821.2116098560867
0.40335068559694226	-0.44928743447501834	1.0099171850123352	3.035427032730203	0.002679437235747271	0.24975982208118144	865.2596759568058
0.8305469175551925	-0.9157405280648666	1.1264510954676854	2.7574074755943077	-0.7876259901687614	0.25249117963848844	816.938222785787
0.39815393964824175	-0.45425663260871385	1.0037131182711825	3.0115351698296857	0.008847743545453755	0.2536428839894107	857.1694817107045
0.40494280245926234	-0.44893466270361354	1.007229123121339	3.0064867906233297	0.0029651249700129844	0.24718108631025848	846.8564859504768
0.39683969008032655	-0.4539632796707338	0.989166525295778	2.9001300524369986	0.004752642956049598	0.25395324404635167	825.5984839616274
0.7648050928205831	-0.8729711714007211	1.1132619685157037	2.816353090259799	-0.7490967689661482	0.24863960662299747	831.812527973368
0.39623225799943634	-0.4529557794734608	0.9913418572922149	2.941456917139999	0.0025025831190899463	0.24827304704254305	875.8212358684111
0.3964131259666214	-0.44783719305378766	0.9753265880775476	2.928299113612696	-0.0121963177025015	0.24770767138195401	837.6651659731958
0.4012291957957325	-0.4497633392351065	0.9985895808343505	2.9662845953542787	0.0003502562324908514	0.2519787323149272	953.8084806682078
0.3930028602185339	-0.4476769261936181	0.9851156081835133	3.032657809546498	-0.014250649281135268	0.2471873996961769	866.8545203226354
0.4009918120408521	-0.45067268941796146	1.0018012446775042	2.982089913508098	0.002174759881600837	0.2509177602147291	817.3089909118612
0.4040628876922466	-0.44998467336130005	1.0083315301891178	3.073705020852154	0.004421775393248658	0.25386545093977536	893.2373010678493
0.3975006910321804	-0.44973309236610576	1.007246272566561	3.054253518164213	-0.0017127023519773726	0.24825248046737228	867.6314354725108
0.3983977211880274	-0.4452392991414104	0.9973094030946115	3.020100268748425	-0.012804648167881788	0.24383726545998677	882.545664222165
0.7745971166113594	-0.8650610182906587	1.106434871922251	2.761802266734848	-0.7488569324665258	0.24906055428551083	934.8041721794316
0.2711579621161803	-0.3010307984250709	0.9447271475584222	2.9869845488486195	0.7921976811855048	0.24903579300316192	859.5724780235123
0.396834447205797	-0.4546977774198867	1.0134915750351612	3.0809005346279026	0.010330635642651067	0.2540808686184788	857.1285978491958
0.4035928118046971	-0.4505424559458123	0.9970690164635028	2.9442024395243	0.0037903815531420528	0.2510019822183324	864.1657799254608
0.3935195284437406	-0.45127961506992936	0.9889970892198003	2.9863531277647866	-0.004201224979076662	0.25159091962322977	886.6219815242036
0.3964165943523921	-0.45084053252090006	0.997946294442209	3.013114863598492	-0.001461147339403375	0.2522581901612183	864.8077526073464
0.2479479866489611	-0.27712078362718956	0.9358156990892433	3.0160140043552577	0.9750444838405693	0.25117036548577043	810.6993147556807
0.3942572842589645	-0.4525277216351825	0.9947299880007483	3.0200436714583327	0.0005198639965924095	0.25100087153809764	766.0972225285626
0.9851438859160383	-1.0963825154012108	1.1436211944663663	2.5410351144304535	-0.9036158254663631	0.24788268117167672	857.8545298706196
0.39968453741770454	-0.44951852629796896	1.0036666671108088	3.038425279107118	-0.0008504844284625597	0.2471340039054983	815.3547273494457
0.3947746087170597	-0.4551480807005391	1.0013181412066252	2.9797359545680635	0.008090635582705133	0.25257468310804554	882.5054071666775
0.40241202064170534	-0.4487828579692853	0.9885606293060571	2.9634838087035025	-0.003022644806170747	0.24650456046585156	786.5788548404306
0.39881775512261924	-0.4499604970096681	0.9829586199818475	2.92142798715287	-0.0037509420012506616	0.2479182201356048	892.4349045484385
0.2570779241719412	-0.28433586381006604	0.9339475662195359	3.009170064875863	0.8912618863396621	0.25056233236623815	829.0861075327914
0.8977780524341031	-1.0200793050646964	1.1451628242128833	2.708522542902969	-0.8525899936876429	0.2515608871429899	878.6640665096485
0.4010768315170155	-0.44797930010376674	1.0063616153123653	3.05893092400369	-0.002977073303964072	0.2460356819371683	829.2433501660153
0.3952455108172902	-0.4507639676443309	0.9983557357294965	3.0230321869112973	-0.0033978851996169556	0.24846399655636672	819.6645790154207
1.0663035010319615	-1.1896674747124958	1.178379623472956	2.5969980284691583	-0.9484170090754465	0.2512226623142586	874.4239096088987
0.3974050691031943	-0.4446536669738093	1.0094990779481041	3.100599202708651	-0.012686545737082515	0.24188414011177653	799.271111922269
0.3943548844220888	-0.45348733991553897	0.9677180385224528	2.834575160571104	-0.002471510161140499	0.2509888433787032	858.9001954257471
0.3973773149256811	-0.45055251193844353	0.992166531505108	2.9835320722077476	-0.0023416153182882157	0.2477799711665812	775.2796274364938
0.401260321653318	-0.4520157894702609	1.0025381689368789	3.0129960518300742	0.005980478061718197	0.2520266014820719	823.1782233656652
0.3973641864209989	-0.45202497586396223	0.9882657980602123	2.9294411265002647	0.0006340151183573763	0.2511177353684683	833.8391549637258
0.399000177143654	-0.4505015864674898	1.001158597310007	2.97303369119902	0.0007339982437471527	0.24788826712526058	891.2964760426044
0.40103769655549365	-0.45192145349368457	0.9966894802705214	2.987910401088193	0.00493521513890215	0.25454872839617476	830.0405498588595
